region,Economic_Activity,Number_Of_Establishments,Number_Of_Saudis,Number_Of_Male_Saudis,Number_Of_Female_Saudis,Number_Of_Nonsaudis,Number_Of_Male_Nonaudis,Number_Of_Female_Nonaudis,total_employees
منطقة الرياض,تشييد المباني,50752,88433,46044,42389,650125,636993,13132,738558
المنطقة الشرقية,تشييد المباني,26470,69967,44475,25492,412751,410421,2330,482718
منطقة مكة المكرمة,تشييد المباني,33594,40950,23102,17848,296131,292241,3890,337081
منطقة الرياض,تجارة التجزئة، باستثناء المركبات ذات المحركات والدراجات النارية,49259,73405,33479,39926,226143,221432,4711,299548
منطقة الرياض,أنشطة التشييد المتخصصة,20294,49238,28642,20596,239010,234562,4448,288248
منطقة الرياض,أنشطة الاستخدام,1098,14705,3371,11334,262861,151051,111810,277566
منطقة الرياض,أنشطة تقديم الخدمات للمباني وتجميل المواقع,5509,39194,21129,18065,192020,181704,10316,231214
منطقة مكة المكرمة,تجارة التجزئة، باستثناء المركبات ذات المحركات والدراجات النارية,42745,50398,23228,27170,161074,156285,4789,211472
منطقة الرياض,تجارة الجملة ، باستثناء المركبات ذات المحركات والدراجات النارية,23692,70294,34433,35861,138593,135214,3379,208887
منطقة الرياض,الهندسة المدنية,3578,39375,27140,12235,165085,163335,1750,204460
منطقة الرياض,أنشطة خدمات الأطعمة والمشروبات,20603,41816,19317,22499,152584,149941,2643,194400
منطقة الرياض,النقل البري و النقل عبر الأنابيب,24505,36877,25089,11788,147625,146826,799,184502
المنطقة الشرقية,أنشطة التشييد المتخصصة,10532,30182,21505,8677,148607,147993,614,178789
المنطقة الشرقية,الهندسة المدنية,1878,28990,22408,6582,133289,132369,920,162279
منطقة مكة المكرمة,تجارة الجملة ، باستثناء المركبات ذات المحركات والدراجات النارية,21308,43233,20517,22716,108581,106148,2433,151814
منطقة مكة المكرمة,أنشطة خدمات الأطعمة والمشروبات,23710,27886,13244,14642,119133,117090,2043,147019
منطقة الرياض,الأنشطة الإيجارية,44739,5342,3245,2097,127396,126652,744,132738
منطقة الرياض,أنشطة زراعة المحاصيل والإنتاج الحيواني والصيد والخدمات المتصلة,7985,12935,8666,4269,115240,112584,2656,128175
المنطقة الشرقية,تجارة التجزئة، باستثناء المركبات ذات المحركات والدراجات النارية,22355,28722,13658,15064,85024,82990,2034,113746
منطقة مكة المكرمة,أنشطة التشييد المتخصصة,15454,16064,9197,6867,94442,93453,989,110506
منطقة الرياض,الصحة البشرية,2256,31667,10820,20847,74843,41988,32855,106510
منطقة الرياض,إصلاح وتركيب الآلات والمعدات,2901,45440,33829,11611,59398,54661,4737,104838
المنطقة الشرقية,أنشطة خدمات الأطعمة والمشروبات,14302,20556,9043,11513,82425,81633,792,102981
منطقة الرياض,صُنع المنتجات الغذائية,3905,24217,13917,10300,78700,78084,616,102917
منطقة الرياض,تجارة الجملة والتجزئة ، وإصلاح المركبات ذات المحركات والدراجات النارية,18865,18509,10971,7538,83099,82711,388,101608
المنطقة الشرقية,أنشطة تقديم الخدمات للمباني وتجميل المواقع,1760,13651,9090,4561,80868,79472,1396,94519
منطقة مكة المكرمة,أنشطة تقديم الخدمات للمباني وتجميل المواقع,3614,18102,10663,7439,74836,72292,2544,92938
منطقة الرياض,التعليم,8434,37905,12562,25343,48787,42674,6113,86692
المنطقة الشرقية,النقل البري و النقل عبر الأنابيب,3611,18274,11669,6605,62509,62443,66,80783
منطقة القصيم,تشييد المباني,12613,5913,3559,2354,74650,74247,403,80563
منطقة الرياض,التخزين وأنشطة الدعم للنقل,7700,21012,11760,9252,59257,57600,1657,80269
منطقة الرياض,صنع منتجات المعادن اللافلزية الأخرى,5699,15151,7748,7403,64987,64620,367,80138
المنطقة الشرقية,استخراج النفط الخام والغاز الطبيعي,58,69753,64817,4936,9285,8529,756,79038
المنطقة الشرقية,أنشطة الاستخدام,422,1316,756,560,77545,52483,25062,78861
المنطقة الشرقية,تجارة الجملة ، باستثناء المركبات ذات المحركات والدراجات النارية,9408,25097,13872,11225,52021,51567,454,77118
منطقة مكة المكرمة,تجارة الجملة والتجزئة ، وإصلاح المركبات ذات المحركات والدراجات النارية,14499,14566,10074,4492,57636,57286,350,72202
منطقة مكة المكرمة,النقل البري و النقل عبر الأنابيب,6169,14115,7568,6547,54640,54215,425,68755
منطقة مكة المكرمة,صُنع المنتجات الغذائية,2771,17193,9082,8111,46173,45460,713,63366
منطقة المدينة المنورة,تشييد المباني,9229,6078,3229,2849,49398,48661,737,55476
منطقة مكة المكرمة,الهندسة المدنية,1530,9669,6736,2933,44165,43950,215,53834
المنطقة الشرقية,تجارة الجملة والتجزئة ، وإصلاح المركبات ذات المحركات والدراجات النارية,9948,10179,6700,3479,42982,42856,126,53161
منطقة مكة المكرمة,الصحة البشرية,1402,18988,5794,13194,33735,16088,17647,52723
منطقة الرياض,أنشطة المعمارية والهندسية ، والاختبارات الفنية والتحليل,6176,16875,10192,6683,35843,34987,856,52718
منطقة الرياض,أنشطة الخدمات الشخصية الأخرى,13608,7822,2191,5631,44606,35009,9597,52428
منطقة الرياض,صنع منتجات المعادن المشكلة ( باستثناء الآلات والمعدات ),4329,11096,4883,6213,41111,40886,225,52207
المنطقة الشرقية,أنشطة خدمات دعم التعدين,218,34028,32260,1768,17509,17409,100,51537
المنطقة الشرقية,إصلاح وتركيب الآلات والمعدات,1860,14515,10291,4224,35528,34684,844,50043
منطقة الرياض,أنشطة البرمجة الحاسوبية والخبرة الاستشارية وما يتصل بها من أنشطة,2870,26205,13734,12471,20711,19450,1261,46916
منطقة عسير,تشييد المباني,10261,4875,2884,1991,41039,40767,272,45914
المنطقة الشرقية,الصحة البشرية,736,17513,5341,12172,27630,13191,14439,45143
منطقة المدينة المنورة,تجارة التجزئة، باستثناء المركبات ذات المحركات والدراجات النارية,12416,8078,4176,3902,36256,35794,462,44334
منطقة مكة المكرمة,التخزين وأنشطة الدعم للنقل,2500,14899,10559,4340,27982,27262,720,42881
منطقة الرياض,أنشطة جمع النفايات ومعالجتها وتصريفها ، واسترجاع المواد,451,4784,2718,2066,37405,36312,1093,42189
المنطقة الشرقية,صنع منتجات المعادن المشكلة ( باستثناء الآلات والمعدات ),2474,12445,9510,2935,26859,26803,56,39304
منطقة عسير,تجارة التجزئة، باستثناء المركبات ذات المحركات والدراجات النارية,11490,7539,3857,3682,31511,31248,263,39050
منطقة القصيم,أنشطة تقديم الخدمات للمباني وتجميل المواقع,1554,3696,2031,1665,34864,34151,713,38560
منطقة الرياض,صُنع المواد الكيميائية والمنتجات الكيميائية,1325,12023,7292,4731,24347,24204,143,36370
منطقة الرياض,أنشطة المكاتب الرئيسية، والأنشطة الاستشارية في مجال الإدارة,1661,22655,12382,10273,13698,12413,1285,36353
منطقة الرياض,الأنشطة المساعدة لأنشطة الخدمات المالية وأنشطة التأمين,410,32419,24230,8189,3213,3027,186,35632
منطقة عسير,أنشطة خدمات الأطعمة والمشروبات,8191,5088,2549,2539,29490,29287,203,34578
منطقة مكة المكرمة,أنشطة الخدمات الشخصية الأخرى,11117,3627,1008,2619,30094,24586,5508,33721
منطقة الرياض,أنشطة الخدمات المالية ، فيما عدا تمويل التأمين وصناديق المعاشات,855,27586,20606,6980,5746,5449,297,33332
منطقة مكة المكرمة,التعليم,1241,18683,6319,12364,14163,10607,3556,32846
منطقة القصيم,تجارة التجزئة، باستثناء المركبات ذات المحركات والدراجات النارية,8450,6425,3788,2637,26300,26090,210,32725
منطقة المدينة المنورة,أنشطة خدمات الأطعمة والمشروبات,7094,5222,2745,2477,27315,27088,227,32537
منطقة الرياض,أنشطة الأمن والتحقيقات,213,30346,27530,2816,640,623,17,30986
المنطقة الشرقية,صُنع المواد الكيميائية والمنتجات الكيميائية,501,16513,14917,1596,13250,13202,48,29763
المنطقة الشرقية,صُنع المنتجات الغذائية,1473,7132,3685,3447,22608,22503,105,29740
المنطقة الشرقية,أنشطة الخدمات الشخصية الأخرى,8282,3373,932,2441,26108,22108,4000,29481
منطقة الرياض,الصرف الصحي,339,4374,3236,1138,24006,23900,106,28380
المنطقة الشرقية,صنع منتجات المعادن اللافلزية الأخرى,929,7322,4608,2714,20989,20905,84,28311
منطقة جازان,تجارة التجزئة، باستثناء المركبات ذات المحركات والدراجات النارية,8685,4334,2191,2143,23392,23178,214,27726
المنطقة الشرقية,أنشطة المعمارية والهندسية ، والاختبارات الفنية والتحليل,999,11176,7847,3329,15804,15625,179,26980
منطقة الرياض,الأنشطة الأخرى للتعدين واستغلال المحاجر,599,4407,3065,1342,22314,22245,69,26721
منطقة مكة المكرمة,الإقامة,2310,9986,6215,3771,16479,16023,456,26465
منطقة الرياض,الأنشطة العقارية,3676,12396,8130,4266,13933,13532,401,26329
منطقة مكة المكرمة,صنع منتجات المعادن المشكلة ( باستثناء الآلات والمعدات ),2836,5647,3502,2145,20459,20361,98,26106
المنطقة الشرقية,التخزين وأنشطة الدعم للنقل,1623,8800,6399,2401,17274,17161,113,26074
منطقة مكة المكرمة,أنشطة الاستخدام,666,850,382,468,24703,17983,6720,25553
منطقة الرياض,أبحاث الإعلان والسوق,2967,13442,8864,4578,11185,10177,1008,24627
منطقة الرياض,صنع الأثاث,2099,4983,1758,3225,19434,19297,137,24417
منطقة مكة المكرمة,إصلاح وتركيب الآلات والمعدات,1870,8359,6002,2357,15619,15460,159,23978
المنطقة الشرقية,التعليم,849,14280,4874,9406,9664,8027,1637,23944
منطقة الرياض,إصلاح أجهزة الحاسوب والسلع الشخصية والمنزلية,2458,898,475,423,22851,22729,122,23749
منطقة الرياض,صنع منتجات المطاط واللدائن,1008,5687,2571,3116,17927,17843,84,23614
منطقة مكة المكرمة,صنع منتجات المعادن اللافلزية الأخرى,996,5971,3419,2552,17419,17383,36,23390
منطقة القصيم,أنشطة خدمات الأطعمة والمشروبات,5209,3327,1865,1462,20002,19891,111,23329
منطقة الرياض,الأنشطة الإدارية للمكاتب ، وأنشطة الدعم للمكاتب وغير ذلك من أنشطة الدعم للأعمال,3183,10668,5650,5018,12645,11847,798,23313
منطقة الرياض,صُنع الملبوسات,4754,3685,1121,2564,19105,17958,1147,22790
منطقة نجران,تشييد المباني,4100,2313,1174,1139,20390,20265,125,22703
منطقة المدينة المنورة,أنشطة التشييد المتخصصة,4102,2924,1521,1403,19611,19402,209,22535
منطقة الرياض,صُنع الخشب ومنتجات الخشب والفلين ، باستثناء الأثاث ، صُنع أصناف من القش ومواد الضفر,1980,4928,1902,3026,15749,15607,142,20677
منطقة جازان,أنشطة خدمات الأطعمة والمشروبات,5616,2342,1109,1233,17795,17669,126,20137
منطقة عسير,أنشطة الاستخدام,164,245,111,134,19674,11988,7686,19919
منطقة حائل,تشييد المباني,4832,1825,955,870,18059,17876,183,19884
منطقة الرياض,توصيل الكهرباء والغاز والبخار وتكييف الهواء,344,13074,11320,1754,6752,6131,621,19826
منطقة جازان,تشييد المباني,5636,1410,713,697,18310,18212,98,19720
منطقة الرياض,أنشطة العمل الاجتماعي، دون إقامة,3074,8252,2729,5523,11124,10226,898,19376
منطقة القصيم,أنشطة التشييد المتخصصة,3590,1355,743,612,17957,17897,60,19312
منطقة الرياض,أنشطة المنظمات ذات العضوية,5701,1327,730,597,17342,17130,212,18669
المنطقة الشرقية,صنع الفلزات القاعدية,288,6221,4776,1445,12396,12376,20,18617
منطقة الرياض,الإقامة,1495,6904,3912,2992,11515,11233,282,18419
منطقة المدينة المنورة,تجارة الجملة ، باستثناء المركبات ذات المحركات والدراجات النارية,3988,4217,2479,1738,14045,13894,151,18262
منطقة القصيم,صُنع المنتجات الغذائية,817,3788,2056,1732,14457,14353,104,18245
منطقة مكة المكرمة,صُنع الخشب ومنتجات الخشب والفلين ، باستثناء الأثاث ، صُنع أصناف من القش ومواد الضفر,1137,3066,1727,1339,14656,14576,80,17722
منطقة تبوك,تشييد المباني,3998,1622,865,757,15740,15652,88,17362
منطقة الرياض,الأنشطة القانونية وأنشطة المحاسبة,2574,9387,5719,3668,7722,7372,350,17109
منطقة الرياض,صنع الفلزات القاعدية,561,4470,2403,2067,12559,12495,64,17029
منطقة الرياض,الاتصالات,517,12088,7373,4715,4872,4716,156,16960
منطقة عسير,تجارة الجملة والتجزئة ، وإصلاح المركبات ذات المحركات والدراجات النارية,4981,1930,1230,700,14793,14763,30,16723
منطقة القصيم,تجارة الجملة والتجزئة ، وإصلاح المركبات ذات المحركات والدراجات النارية,4413,2050,1422,628,14190,14165,25,16240
منطقة تبوك,تجارة التجزئة، باستثناء المركبات ذات المحركات والدراجات النارية,5078,2723,1290,1433,13497,13426,71,16220
منطقة مكة المكرمة,صُنع المواد الكيميائية والمنتجات الكيميائية,600,4628,2657,1971,11538,11396,142,16166
منطقة القصيم,النقل البري و النقل عبر الأنابيب,1863,2668,1613,1055,13119,13060,59,15787
المنطقة الشرقية,أنشطة زراعة المحاصيل والإنتاج الحيواني والصيد والخدمات المتصلة,1991,1965,1295,670,13616,13508,108,15581
منطقة مكة المكرمة,الأنشطة العقارية,2747,5688,3457,2231,9877,9485,392,15565
المنطقة الشرقية,الأنشطة الإيجارية,2035,3117,2101,1016,11706,11646,60,14823
منطقة القصيم,أنشطة زراعة المحاصيل والإنتاج الحيواني والصيد والخدمات المتصلة,1260,1947,1405,542,12803,12771,32,14750
منطقة الرياض,صُنع المنسوجات,1646,2968,1482,1486,11689,11569,120,14657
المنطقة الشرقية,أنشطة جمع النفايات ومعالجتها وتصريفها ، واسترجاع المواد,225,2732,1639,1093,11828,10692,1136,14560
منطقة الرياض,أنشطة المعالجة وخدمات إدارة النفايات الأخرى,19,2076,1653,423,12314,12088,226,14390
منطقة مكة المكرمة,أنشطة المعمارية والهندسية ، والاختبارات الفنية والتحليل,1466,5143,3084,2059,9212,9030,182,14355
منطقة تبوك,أنشطة خدمات الأطعمة والمشروبات,3319,1996,850,1146,12335,12208,127,14331
منطقة مكة المكرمة,صُنع الملبوسات,3362,2341,1032,1309,11942,11120,822,14283
منطقة حائل,تجارة التجزئة، باستثناء المركبات ذات المحركات والدراجات النارية,4219,2220,996,1224,11665,11574,91,13885
منطقة الرياض,صُنع المشروبات,177,3985,2157,1828,9873,9808,65,13858
منطقة عسير,أنشطة التشييد المتخصصة,3635,1284,629,655,12527,12424,103,13811
منطقة مكة المكرمة,أنشطة زراعة المحاصيل والإنتاج الحيواني والصيد والخدمات المتصلة,2062,2249,1037,1212,11513,11328,185,13762
منطقة الرياض,صنع المعدات الكهربائية,374,3869,2278,1591,9841,9799,42,13710
منطقة مكة المكرمة,الأنشطة الإيجارية,3006,2663,1850,813,11039,10916,123,13702
منطقة عسير,تجارة الجملة ، باستثناء المركبات ذات المحركات والدراجات النارية,3056,3345,1930,1415,10322,10248,74,13667
منطقة الرياض,الصناعة التحويلية الأخرى,506,3491,1701,1790,10091,9723,368,13582
منطقة المدينة المنورة,تجارة الجملة والتجزئة ، وإصلاح المركبات ذات المحركات والدراجات النارية,4083,1629,1071,558,11770,11734,36,13399
المنطقة الشرقية,الأنشطة الأخرى للتعدين واستغلال المحاجر,207,3356,2538,818,9799,9450,349,13155
منطقة مكة المكرمة,تجميع المياه ومعالجتها وتوصيلها,574,2284,1405,879,10556,10514,42,12840
منطقة القصيم,تجارة الجملة ، باستثناء المركبات ذات المحركات والدراجات النارية,2729,3058,1773,1285,9739,9628,111,12797
منطقة مكة المكرمة,صنع الفلزات القاعدية,335,3733,2297,1436,8976,8944,32,12709
منطقة الرياض,أنشطة خدمات المعلومات,453,7463,3960,3503,5209,4954,255,12672
منطقة مكة المكرمة,الأنشطة الإدارية للمكاتب ، وأنشطة الدعم للمكاتب وغير ذلك من أنشطة الدعم للأعمال,2076,5279,2857,2422,7256,6841,415,12535
منطقة مكة المكرمة,صنع منتجات المطاط واللدائن,456,3169,1956,1213,9285,9251,34,12454
منطقة نجران,أنشطة التشييد المتخصصة,1311,1261,628,633,11182,11157,25,12443
منطقة القصيم,صنع منتجات المعادن اللافلزية الأخرى,627,2487,1602,885,9374,9363,11,11861
منطقة القصيم,الهندسة المدنية,320,1635,1039,596,10169,10121,48,11804
منطقة عسير,الصحة البشرية,366,4140,1214,2926,7409,3224,4185,11549
منطقة الرياض,الأنشطة الرياضية وأنشطة التسلية والترفيه,1263,4373,1983,2390,7160,5929,1231,11533
منطقة عسير,النقل البري و النقل عبر الأنابيب,2133,1675,948,727,9433,9416,17,11108
المنطقة الشرقية,صناعة الآلات والمعدات غير المصنفة في موضع أخر,209,4438,3688,750,6635,6615,20,11073
منطقة الرياض,صُنع الورق ومنتجات الورق,387,2986,1357,1629,8075,8027,48,11061
المنطقة الشرقية,الصرف الصحي,134,1631,1028,603,9376,9022,354,11007
منطقة نجران,تجارة التجزئة، باستثناء المركبات ذات المحركات والدراجات النارية,3390,1398,626,772,9343,9251,92,10741
منطقة مكة المكرمة,توصيل الكهرباء والغاز والبخار وتكييف الهواء,151,8799,8567,232,1883,1878,5,10682
منطقة المدينة المنورة,الصحة البشرية,326,3660,1168,2492,6850,3343,3507,10510
منطقة مكة المكرمة,أبحاث الإعلان والسوق,2088,3443,1497,1946,6999,6421,578,10442
المنطقة الشرقية,صُنع الخشب ومنتجات الخشب والفلين ، باستثناء الأثاث ، صُنع أصناف من القش ومواد الضفر,783,2598,1378,1220,7637,7605,32,10235
منطقة الحدود الشمالية,تشييد المباني,2118,762,389,373,9403,9357,46,10165
منطقة المدينة المنورة,صنع منتجات المعادن اللافلزية الأخرى,343,2749,1825,924,7381,7366,15,10130
المنطقة الشرقية,صُنع الملبوسات,2581,1406,511,895,8641,8196,445,10047
منطقة المدينة المنورة,أنشطة الخدمات الشخصية الأخرى,3524,781,249,532,9077,7496,1581,9858
منطقة المدينة المنورة,الإقامة,780,3946,2688,1258,5910,5822,88,9856
منطقة جازان,تجارة الجملة والتجزئة ، وإصلاح المركبات ذات المحركات والدراجات النارية,3207,917,677,240,8935,8900,35,9852
المنطقة الشرقية,أنشطة الأمن والتحقيقات,98,9748,8893,855,69,69,0,9817
منطقة الرياض,أنشطة البريد ونقل الرسائل والطرود بواسطة مندوبين,481,1844,968,876,7911,7840,71,9755
منطقة حائل,أنشطة خدمات الأطعمة والمشروبات,2372,1213,612,601,8432,8378,54,9645
منطقة الجوف,تجارة التجزئة، باستثناء المركبات ذات المحركات والدراجات النارية,3092,1550,864,686,8006,7947,59,9556
منطقة الرياض,أنشطة النشر,495,5513,3180,2333,3997,3715,282,9510
المنطقة الشرقية,صنع المعدات الكهربائية,199,3914,3260,654,5577,5543,34,9491
منطقة نجران,أنشطة تقديم الخدمات للمباني وتجميل المواقع,205,1778,1071,707,7577,7462,115,9355
منطقة عسير,صنع منتجات المعادن اللافلزية الأخرى,485,2316,1458,858,6905,6896,9,9221
منطقة المدينة المنورة,أنشطة تقديم الخدمات للمباني وتجميل المواقع,776,1296,762,534,7867,7695,172,9163
المنطقة الشرقية,توصيل الكهرباء والغاز والبخار وتكييف الهواء,159,6469,6209,260,2504,2501,3,8973
المنطقة الشرقية,صنع منتجات المطاط واللدائن,261,2479,1755,724,6405,6395,10,8884
منطقة مكة المكرمة,الأنشطة القانونية وأنشطة المحاسبة,1333,5548,3312,2236,3323,3133,190,8871
منطقة المدينة المنورة,الهندسة المدنية,372,1676,1026,650,6983,6919,64,8659
منطقة المدينة المنورة,النقل البري و النقل عبر الأنابيب,1377,1339,700,639,7148,7133,15,8487
منطقة مكة المكرمة,أنشطة جمع النفايات ومعالجتها وتصريفها ، واسترجاع المواد,279,1493,677,816,6988,6804,184,8481
منطقة عسير,أنشطة الخدمات الشخصية الأخرى,3431,576,216,360,7898,7198,700,8474
منطقة مكة المكرمة,النقل الجوي,111,7417,6611,806,1017,675,342,8434
منطقة الجوف,تشييد المباني,2034,913,560,353,7392,7264,128,8305
منطقة مكة المكرمة,صُنع الورق ومنتجات الورق,202,2494,1494,1000,5749,5702,47,8243
منطقة جازان,أنشطة التشييد المتخصصة,2719,443,250,193,7728,7681,47,8171
المنطقة الشرقية,صنع الأثاث,778,1632,705,927,6402,6365,37,8034
منطقة عسير,صُنع المنتجات الغذائية,834,1322,676,646,6405,6391,14,7727
منطقة الرياض,صناعة الآلات والمعدات غير المصنفة في موضع أخر,433,1853,938,915,5859,5827,32,7712
المنطقة الشرقية,صنع فحم الكوك والمنتجات النفطية المكررة,52,4973,4797,176,2681,2670,11,7654
منطقة مكة المكرمة,صُنع المشروبات,174,2366,1470,896,5227,5213,14,7593
منطقة القصيم,أنشطة الخدمات الشخصية الأخرى,2715,630,213,417,6938,5952,986,7568
منطقة تبوك,تجارة الجملة والتجزئة ، وإصلاح المركبات ذات المحركات والدراجات النارية,2208,860,548,312,6698,6682,16,7558
المنطقة الشرقية,الإقامة,622,2679,1474,1205,4828,4721,107,7507
منطقة جازان,تجارة الجملة ، باستثناء المركبات ذات المحركات والدراجات النارية,2021,1219,661,558,6225,6186,39,7444
منطقة المدينة المنورة,صُنع المنتجات الغذائية,834,1504,865,639,5931,5877,54,7435
منطقة مكة المكرمة,أنشطة العمل الاجتماعي، دون إقامة,717,4961,1741,3220,2352,1884,468,7313
المنطقة الشرقية,الأنشطة الإدارية للمكاتب ، وأنشطة الدعم للمكاتب وغير ذلك من أنشطة الدعم للأعمال,1042,3141,2235,906,4086,4009,77,7227
منطقة نجران,أنشطة خدمات الأطعمة والمشروبات,1872,749,278,471,6466,6408,58,7215
منطقة مكة المكرمة,صنع الأثاث,1025,1236,465,771,5953,5905,48,7189
منطقة مكة المكرمة,الصناعة التحويلية الأخرى,312,1716,978,738,5455,5385,70,7171
منطقة المدينة المنورة,التعليم,332,4209,1082,3127,2694,2105,589,6903
المنطقة الشرقية,صُنع الورق ومنتجات الورق,141,1851,1165,686,4991,4975,16,6842
منطقة القصيم,الصحة البشرية,246,2247,790,1457,4593,2251,2342,6840
منطقة الرياض,صنع المنتجات الصيدلانية الأساسية والمستحضرات الصيدلانية,760,1378,636,742,5247,5141,106,6625
منطقة مكة المكرمة,أنشطة الخدمات المالية ، فيما عدا تمويل التأمين وصناديق المعاشات,397,4619,3374,1245,1999,1925,74,6618
منطقة القصيم,صنع منتجات المعادن المشكلة ( باستثناء الآلات والمعدات ),1384,950,531,419,5621,5611,10,6571
منطقة عسير,أنشطة تقديم الخدمات للمباني وتجميل المواقع,476,793,605,188,5777,5465,312,6570
منطقة مكة المكرمة,وكالات السفر ومشغّلو الجولات السياحية وخدمات الحجز والأنشطة المتصلة بها,1076,2214,1337,877,4331,4186,145,6545
منطقة الحدود الشمالية,تجارة التجزئة، باستثناء المركبات ذات المحركات والدراجات النارية,2254,830,393,437,5648,5606,42,6478
منطقة عسير,الهندسة المدنية,265,1051,716,335,5289,5287,2,6340
منطقة الرياض,تمويل التأمين وإعادة التأمين وصناديق المعاشات التقاعدية باستثناء الضمان الاجتماعي الإلزامي,47,5132,3167,1965,1172,1103,69,6304
منطقة الباحة,تجارة التجزئة، باستثناء المركبات ذات المحركات والدراجات النارية,1865,1286,787,499,4962,4941,21,6248
منطقة الرياض,تجميع المياه ومعالجتها وتوصيلها,502,1601,990,611,4553,4495,58,6154
منطقة مكة المكرمة,الأنشطة الرياضية وأنشطة التسلية والترفيه,939,2415,993,1422,3729,3135,594,6144
منطقة مكة المكرمة,الصرف الصحي,193,1036,699,337,5107,5091,16,6143
منطقة الباحة,تشييد المباني,1579,555,343,212,5575,5553,22,6130
منطقة حائل,تجارة الجملة والتجزئة ، وإصلاح المركبات ذات المحركات والدراجات النارية,1732,666,392,274,5446,5436,10,6112
منطقة مكة المكرمة,أنشطة البريد ونقل الرسائل والطرود بواسطة مندوبين,181,2038,1598,440,4071,4047,24,6109
منطقة نجران,النقل البري و النقل عبر الأنابيب,1530,492,270,222,5576,5560,16,6068
المنطقة الشرقية,الأنشطة العقارية,1008,2422,1572,850,3523,3453,70,5945
منطقة مكة المكرمة,الأنشطة الأخرى للتعدين واستغلال المحاجر,285,1475,1090,385,4365,4350,15,5840
منطقة المدينة المنورة,صُنع المواد الكيميائية والمنتجات الكيميائية,101,3663,3435,228,2121,2107,14,5784
منطقة تبوك,أنشطة التشييد المتخصصة,1711,389,179,210,5388,5352,36,5777
منطقة جازان,أنشطة الخدمات الشخصية الأخرى,2353,280,94,186,5435,5007,428,5715
المنطقة الشرقية,أنشطة العمل الاجتماعي، دون إقامة,491,4334,864,3470,1356,982,374,5690
منطقة الرياض,الطباعة واستنساخ وسائط الأعلام المسجّلة,589,1849,776,1073,3793,3743,50,5642
منطقة الجوف,أنشطة خدمات الأطعمة والمشروبات,1530,681,367,314,4945,4910,35,5626
منطقة الرياض,وكالات السفر ومشغّلو الجولات السياحية وخدمات الحجز والأنشطة المتصلة بها,778,2053,911,1142,3495,3387,108,5548
منطقة تبوك,تجارة الجملة ، باستثناء المركبات ذات المحركات والدراجات النارية,1311,1225,583,642,4303,4274,29,5528
منطقة الرياض,صناعة المركبات ذات المحركات والمركبات المقطورة ونصف المقطورة,168,1884,1007,877,3633,3616,17,5517
المنطقة الشرقية,الصناعة التحويلية الأخرى,217,1719,1248,471,3784,3750,34,5503
منطقة القصيم,إصلاح أجهزة الحاسوب والسلع الشخصية والمنزلية,782,89,53,36,5408,5393,15,5497
منطقة مكة المكرمة,صنع فحم الكوك والمنتجات النفطية المكررة,60,3270,3068,202,2152,2136,16,5422
المنطقة الشرقية,أبحاث الإعلان والسوق,1009,1821,966,855,3431,3351,80,5252
منطقة الباحة,أنشطة خدمات الأطعمة والمشروبات,1189,822,512,310,4382,4353,29,5204
منطقة مكة المكرمة,إصلاح أجهزة الحاسوب والسلع الشخصية والمنزلية,1653,457,233,224,4734,4636,98,5191
منطقة مكة المكرمة,أنشطة البرمجة الحاسوبية والخبرة الاستشارية وما يتصل بها من أنشطة,852,2075,1063,1012,3115,2931,184,5190
منطقة الحدود الشمالية,أنشطة خدمات الأطعمة والمشروبات,1341,506,238,268,4652,4602,50,5158
منطقة مكة المكرمة,صنع المعدات الكهربائية,207,1607,1103,504,3524,3421,103,5131
منطقة جازان,الصحة البشرية,211,1955,505,1450,3164,1414,1750,5119
المنطقة الشرقية,أنشطة الخدمات المالية ، فيما عدا تمويل التأمين وصناديق المعاشات,245,3005,1759,1246,1986,1919,67,4991
منطقة حائل,تجارة الجملة ، باستثناء المركبات ذات المحركات والدراجات النارية,999,1448,684,764,3512,3492,20,4960
منطقة الرياض,الأنشطة المهنية والعلمية والتقنية الأخرى,876,2022,876,1146,2866,2541,325,4888
منطقة مكة المكرمة,أنشطة الأمن والتحقيقات,115,4727,4337,390,155,147,8,4882
منطقة عسير,توصيل الكهرباء والغاز والبخار وتكييف الهواء,41,4287,4250,37,569,569,0,4856
منطقة تبوك,أنشطة الخدمات الشخصية الأخرى,1855,328,148,180,4504,4153,351,4832
منطقة حائل,النقل البري و النقل عبر الأنابيب,1332,292,135,157,4449,4438,11,4741
منطقة حائل,أنشطة التشييد المتخصصة,1369,292,175,117,4434,4391,43,4726
المنطقة الشرقية,صناعة معدات النقل الأخرى,22,3135,2980,155,1557,1555,2,4692
منطقة الرياض,أنشطة إنتاج الأفلام والفيديو والبرامج التليفزيونية والتسجيلات الصوتية ونشر الموسيقى,458,2565,1494,1071,2031,1865,166,4596
منطقة جازان,صنع منتجات المعادن اللافلزية الأخرى,254,1228,837,391,3237,3235,2,4465
منطقة القصيم,التعليم,257,2555,913,1642,1789,1461,328,4344
منطقة مكة المكرمة,صُنع المنسوجات,495,974,531,443,3343,3302,41,4317
منطقة الرياض,صنع الحواسيب والمنتجات الإلكترونية والبصرية,180,2350,2174,176,1957,1897,60,4307
منطقة نجران,الهندسة المدنية,99,808,608,200,3404,3399,5,4212
منطقة عسير,صنع منتجات المعادن المشكلة ( باستثناء الآلات والمعدات ),1235,423,206,217,3780,3774,6,4203
منطقة المدينة المنورة,صنع منتجات المعادن المشكلة ( باستثناء الآلات والمعدات ),787,668,370,298,3506,3496,10,4174
منطقة تبوك,النقل البري و النقل عبر الأنابيب,846,620,323,297,3437,3423,14,4057
منطقة حائل,أنشطة زراعة المحاصيل والإنتاج الحيواني والصيد والخدمات المتصلة,1363,268,183,85,3743,3729,14,4011
منطقة حائل,أنشطة الخدمات الشخصية الأخرى,1431,267,69,198,3679,3230,449,3946
منطقة جازان,النقل البري و النقل عبر الأنابيب,897,496,280,216,3432,3389,43,3928
المنطقة الشرقية,صنع الحواسيب والمنتجات الإلكترونية والبصرية,75,1116,793,323,2807,2802,5,3923
منطقة الجوف,تجارة الجملة والتجزئة ، وإصلاح المركبات ذات المحركات والدراجات النارية,1281,382,242,140,3524,3489,35,3906
منطقة عسير,التعليم,235,2206,767,1439,1665,1439,226,3871
منطقة القصيم,إصلاح وتركيب الآلات والمعدات,593,568,396,172,3301,3118,183,3869
منطقة نجران,صنع منتجات المعادن اللافلزية الأخرى,250,1000,683,317,2811,2804,7,3811
منطقة المدينة المنورة,صُنع الملبوسات,1173,378,134,244,3313,3038,275,3691
منطقة المدينة المنورة,الأنشطة الأخرى للتعدين واستغلال المحاجر,118,853,684,169,2804,2802,2,3657
منطقة عسير,أنشطة زراعة المحاصيل والإنتاج الحيواني والصيد والخدمات المتصلة,1050,332,172,160,3290,3280,10,3622
منطقة جازان,صنع منتجات المعادن المشكلة ( باستثناء الآلات والمعدات ),918,158,96,62,3431,3424,7,3589
المنطقة الشرقية,أنشطة البرمجة الحاسوبية والخبرة الاستشارية وما يتصل بها من أنشطة,428,1663,891,772,1888,1818,70,3551
منطقة حائل,الصحة البشرية,158,1260,366,894,2280,1093,1187,3540
منطقة نجران,تجارة الجملة والتجزئة ، وإصلاح المركبات ذات المحركات والدراجات النارية,1102,348,200,148,3147,3136,11,3495
المنطقة الشرقية,صناعة المركبات ذات المحركات والمركبات المقطورة ونصف المقطورة,70,986,700,286,2487,2484,3,3473
المنطقة الشرقية,إصلاح أجهزة الحاسوب والسلع الشخصية والمنزلية,1006,374,249,125,3087,3078,9,3461
منطقة القصيم,الأنشطة الإيجارية,1078,357,259,98,3103,3080,23,3460
منطقة تبوك,التعليم,136,2057,811,1246,1399,1256,143,3456
منطقة المدينة المنورة,التخزين وأنشطة الدعم للنقل,379,1106,800,306,2332,2313,19,3438
منطقة حائل,صُنع المنتجات الغذائية,342,779,257,522,2653,2624,29,3432
منطقة مكة المكرمة,صناعة معدات النقل الأخرى,32,2410,2239,171,958,885,73,3368
منطقة نجران,الأنشطة الأخرى للتعدين واستغلال المحاجر,38,614,293,321,2748,2741,7,3362
المنطقة الشرقية,الأنشطة القانونية وأنشطة المحاسبة,545,2110,1252,858,1244,1194,50,3354
منطقة القصيم,صُنع المشروبات,33,1071,649,422,2270,2266,4,3341
منطقة المدينة المنورة,صنع فحم الكوك والمنتجات النفطية المكررة,14,2307,2183,124,1022,1022,0,3329
منطقة عسير,صُنع المواد الكيميائية والمنتجات الكيميائية,66,928,659,269,2396,2387,9,3324
منطقة مكة المكرمة,صيد الأسماك وتربية المائيات,252,303,248,55,3004,2991,13,3307
المنطقة الشرقية,صُنع المنسوجات,416,629,364,265,2659,2633,26,3288
منطقة الجوف,تجارة الجملة ، باستثناء المركبات ذات المحركات والدراجات النارية,821,630,317,313,2588,2571,17,3218
المنطقة الشرقية,صُنع المشروبات,64,817,454,363,2400,2394,6,3217
منطقة المدينة المنورة,الأنشطة الإيجارية,911,572,452,120,2642,2628,14,3214
منطقة عسير,الأنشطة الإيجارية,1245,363,247,116,2833,2821,12,3196
منطقة مكة المكرمة,صناعة الآلات والمعدات غير المصنفة في موضع أخر,144,884,589,295,2294,2268,26,3178
منطقة حائل,أنشطة تقديم الخدمات للمباني وتجميل المواقع,317,405,227,178,2749,2662,87,3154
منطقة تبوك,صنع منتجات المعادن اللافلزية الأخرى,102,853,617,236,2293,2290,3,3146
منطقة تبوك,أنشطة زراعة المحاصيل والإنتاج الحيواني والصيد والخدمات المتصلة,759,307,217,90,2838,2833,5,3145
منطقة عسير,صُنع الملبوسات,1108,257,101,156,2872,2688,184,3129
منطقة نجران,الأنشطة الإيجارية,1146,77,44,33,3051,3035,16,3128
منطقة نجران,تجارة الجملة ، باستثناء المركبات ذات المحركات والدراجات النارية,822,536,261,275,2557,2533,24,3093
منطقة الرياض,صنع فحم الكوك والمنتجات النفطية المكررة,113,1080,636,444,2009,1993,16,3089
منطقة مكة المكرمة,الطباعة واستنساخ وسائط الأعلام المسجّلة,382,883,452,431,2192,2161,31,3075
المنطقة الشرقية,تجميع المياه ومعالجتها وتوصيلها,169,1233,1043,190,1833,1828,5,3066
منطقة الرياض,صيد الأسماك وتربية المائيات,857,209,139,70,2826,2797,29,3035
منطقة تبوك,الصحة البشرية,111,1194,343,851,1836,983,853,3030
المنطقة الشرقية,الأنشطة الرياضية وأنشطة التسلية والترفيه,501,1039,326,713,1957,1673,284,2996
منطقة القصيم,التخزين وأنشطة الدعم للنقل,389,381,214,167,2525,2514,11,2906
منطقة تبوك,صُنع المنتجات الغذائية,323,578,209,369,2284,2276,8,2862
منطقة المدينة المنورة,أنشطة المعمارية والهندسية ، والاختبارات الفنية والتحليل,272,941,552,389,1899,1878,21,2840
منطقة نجران,الصحة البشرية,108,874,404,470,1923,1031,892,2797
منطقة الرياض,الإدارة العامة والدفاع ؛ والضمان الاجتماعي الإلزامي,192,2193,1463,730,577,534,43,2770
منطقة القصيم,صُنع الملبوسات,879,266,142,124,2474,2321,153,2740
منطقة الجوف,النقل البري و النقل عبر الأنابيب,698,289,158,131,2406,2401,5,2695
منطقة جازان,الأنشطة الإيجارية,1018,173,129,44,2512,2498,14,2685
منطقة عسير,الإقامة,538,782,381,401,1897,1865,32,2679
منطقة القصيم,صنع الأثاث,302,455,251,204,2215,2206,9,2670
منطقة الرياض,أنشطة خدمات دعم التعدين,144,1170,837,333,1489,1472,17,2659
منطقة حائل,الأنشطة الإيجارية,871,82,57,25,2575,2560,15,2657
منطقة نجران,التخزين وأنشطة الدعم للنقل,870,147,66,81,2495,2485,10,2642
منطقة نجران,أنشطة الخدمات الشخصية الأخرى,1072,126,34,92,2515,2271,244,2641
منطقة الحدود الشمالية,تجارة الجملة والتجزئة ، وإصلاح المركبات ذات المحركات والدراجات النارية,849,248,148,100,2340,2333,7,2588
منطقة الجوف,أنشطة التشييد المتخصصة,773,201,134,67,2374,2361,13,2575
منطقة المدينة المنورة,أنشطة العمل الاجتماعي، دون إقامة,250,1873,786,1087,680,531,149,2553
المنطقة الشرقية,الطباعة واستنساخ وسائط الأعلام المسجّلة,169,915,533,382,1581,1572,9,2496
منطقة جازان,صُنع المنتجات الغذائية,397,457,230,227,2024,2010,14,2481
منطقة عسير,صنع الأثاث,633,270,128,142,2161,2158,3,2431
المنطقة الشرقية,أنشطة المكاتب الرئيسية، والأنشطة الاستشارية في مجال الإدارة,218,993,591,402,1420,1365,55,2413
منطقة الباحة,تجارة الجملة والتجزئة ، وإصلاح المركبات ذات المحركات والدراجات النارية,833,259,192,67,2139,2134,5,2398
منطقة المدينة المنورة,أنشطة زراعة المحاصيل والإنتاج الحيواني والصيد والخدمات المتصلة,824,251,142,109,2101,2094,7,2352
منطقة الجوف,أنشطة الخدمات الشخصية الأخرى,939,118,53,65,2222,2028,194,2340
منطقة تبوك,الإقامة,189,807,434,373,1512,1369,143,2319
منطقة الحدود الشمالية,أنشطة تقديم الخدمات للمباني وتجميل المواقع,65,428,255,173,1867,1349,518,2295
منطقة الجوف,أنشطة زراعة المحاصيل والإنتاج الحيواني والصيد والخدمات المتصلة,721,200,143,57,2091,2082,9,2291
منطقة حائل,صنع منتجات المعادن اللافلزية الأخرى,215,582,417,165,1705,1702,3,2287
منطقة القصيم,صُنع المواد الكيميائية والمنتجات الكيميائية,62,640,389,251,1606,1604,2,2246
منطقة الباحة,أنشطة التشييد المتخصصة,612,159,93,66,2085,2058,27,2244
منطقة تبوك,صُنع الملبوسات,829,79,28,51,2143,2083,60,2222
منطقة مكة المكرمة,أنشطة المكاتب الرئيسية، والأنشطة الاستشارية في مجال الإدارة,398,918,481,437,1277,1190,87,2195
منطقة القصيم,أنشطة العمل الاجتماعي، دون إقامة,230,1544,644,900,651,597,54,2195
منطقة مكة المكرمة,الأنشطة المساعدة لأنشطة الخدمات المالية وأنشطة التأمين,136,1692,1080,612,501,479,22,2193
منطقة مكة المكرمة,تمويل التأمين وإعادة التأمين وصناديق المعاشات التقاعدية باستثناء الضمان الاجتماعي الإلزامي,22,1641,831,810,549,473,76,2190
منطقة الرياض,صناعة معدات النقل الأخرى,85,1013,905,108,1169,1164,5,2182
منطقة حائل,الهندسة المدنية,124,355,238,117,1825,1816,9,2180
منطقة نجران,أنشطة زراعة المحاصيل والإنتاج الحيواني والصيد والخدمات المتصلة,670,265,160,105,1879,1869,10,2144
منطقة عسير,التخزين وأنشطة الدعم للنقل,314,429,281,148,1679,1677,2,2108
منطقة مكة المكرمة,الأنشطة المهنية والعلمية والتقنية الأخرى,530,636,284,352,1438,1251,187,2074
منطقة المدينة المنورة,صنع منتجات المطاط واللدائن,86,510,272,238,1558,1541,17,2068
منطقة الحدود الشمالية,أنشطة التشييد المتخصصة,599,148,96,52,1906,1901,5,2054
منطقة القصيم,الأنشطة العقارية,261,541,284,257,1492,1483,9,2033
المنطقة الشرقية,وكالات السفر ومشغّلو الجولات السياحية وخدمات الحجز والأنشطة المتصلة بها,303,728,304,424,1292,1261,31,2020
منطقة تبوك,أنشطة تقديم الخدمات للمباني وتجميل المواقع,292,290,166,124,1727,1703,24,2017
منطقة مكة المكرمة,صناعة المركبات ذات المحركات والمركبات المقطورة ونصف المقطورة,75,599,377,222,1416,1414,2,2015
منطقة مكة المكرمة,البحث والتطوير في المجال العلمي,64,1635,1526,109,331,315,16,1966
منطقة الجوف,التعليم,102,1078,393,685,777,699,78,1855
منطقة الباحة,تجارة الجملة ، باستثناء المركبات ذات المحركات والدراجات النارية,461,436,259,177,1418,1411,7,1854
المنطقة الشرقية,النقل المائي,81,1067,767,300,786,765,21,1853
منطقة الحدود الشمالية,أنشطة الخدمات الشخصية الأخرى,721,98,29,69,1733,1572,161,1831
منطقة مكة المكرمة,أنشطة المنظمات ذات العضوية,355,909,532,377,910,865,45,1819
منطقة القصيم,صُنع الخشب ومنتجات الخشب والفلين ، باستثناء الأثاث ، صُنع أصناف من القش ومواد الضفر,309,290,131,159,1506,1505,1,1796
منطقة الحدود الشمالية,النقل البري و النقل عبر الأنابيب,409,226,102,124,1562,1560,2,1788
منطقة مكة المكرمة,أنشطة خدمات دعم التعدين,83,501,287,214,1283,1274,9,1784
منطقة جازان,التعليم,147,1136,292,844,645,497,148,1781
منطقة القصيم,أنشطة المعمارية والهندسية ، والاختبارات الفنية والتحليل,287,578,372,206,1197,1188,9,1775
منطقة جازان,صُنع الملبوسات,688,130,39,91,1636,1503,133,1766
منطقة مكة المكرمة,صنع المنتجات الصيدلانية الأساسية والمستحضرات الصيدلانية,82,703,421,282,1063,1019,44,1766
منطقة مكة المكرمة,أنشطة خدمات المعلومات,148,830,376,454,917,859,58,1747
منطقة الحدود الشمالية,تجارة الجملة ، باستثناء المركبات ذات المحركات والدراجات النارية,502,248,130,118,1476,1469,7,1724
منطقة تبوك,الهندسة المدنية,146,288,139,149,1434,1429,5,1722
منطقة عسير,أنشطة العمل الاجتماعي، دون إقامة,201,1213,596,617,509,440,69,1722
منطقة الرياض,صُنع المنتجات الجلدية والمنتجات ذات الصلة,118,284,77,207,1433,1414,19,1717
منطقة المدينة المنورة,إصلاح وتركيب الآلات والمعدات,416,305,185,120,1400,1390,10,1705
منطقة عسير,إصلاح وتركيب الآلات والمعدات,346,226,131,95,1470,1467,3,1696
منطقة مكة المكرمة,الاتصالات,273,345,200,145,1350,1311,39,1695
منطقة القصيم,أنشطة الاستخدام,127,166,71,95,1514,323,1191,1680
منطقة المدينة المنورة,الأنشطة العقارية,480,432,262,170,1243,1222,21,1675
منطقة جازان,أنشطة زراعة المحاصيل والإنتاج الحيواني والصيد والخدمات المتصلة,702,100,54,46,1568,1563,5,1668
منطقة حائل,صُنع الملبوسات,473,181,44,137,1472,1385,87,1653
منطقة المدينة المنورة,صُنع المشروبات,41,442,182,260,1192,1189,3,1634
منطقة عسير,إصلاح أجهزة الحاسوب والسلع الشخصية والمنزلية,598,66,39,27,1557,1553,4,1623
منطقة جازان,الهندسة المدنية,154,223,142,81,1373,1370,3,1596
المنطقة الشرقية,صيد الأسماك وتربية المائيات,304,112,43,69,1470,1469,1,1582
منطقة الجوف,صنع منتجات المعادن اللافلزية الأخرى,79,357,217,140,1208,1208,0,1565
منطقة جازان,صنع الأثاث,506,50,28,22,1467,1461,6,1517
المنطقة الشرقية,الأنشطة المساعدة لأنشطة الخدمات المالية وأنشطة التأمين,73,1129,600,529,369,337,32,1498
منطقة عسير,الأنشطة الأخرى للتعدين واستغلال المحاجر,88,264,194,70,1231,1230,1,1495
المنطقة الشرقية,الإدارة العامة والدفاع ؛ والضمان الاجتماعي الإلزامي,67,1079,783,296,406,394,12,1485
منطقة المدينة المنورة,تجميع المياه ومعالجتها وتوصيلها,98,955,923,32,521,521,0,1476
منطقة حائل,التعليم,203,695,227,468,765,737,28,1460
منطقة جازان,الإقامة,314,382,179,203,1063,1047,16,1445
المنطقة الشرقية,تمويل التأمين وإعادة التأمين وصناديق المعاشات التقاعدية باستثناء الضمان الاجتماعي الإلزامي,13,1127,720,407,317,293,24,1444
منطقة تبوك,الأنشطة الإيجارية,409,212,157,55,1218,1214,4,1430
منطقة تبوك,التخزين وأنشطة الدعم للنقل,196,280,131,149,1138,1134,4,1418
منطقة المدينة المنورة,صنع الفلزات القاعدية,54,466,390,76,935,932,3,1401
منطقة الرياض,النقل الجوي,253,400,266,134,975,962,13,1375
منطقة الباحة,أنشطة تقديم الخدمات للمباني وتجميل المواقع,52,186,84,102,1188,1140,48,1374
منطقة الجوف,الصحة البشرية,85,505,136,369,868,456,412,1373
منطقة القصيم,أنشطة جمع النفايات ومعالجتها وتصريفها ، واسترجاع المواد,44,177,111,66,1182,1157,25,1359
منطقة القصيم,صنع منتجات المطاط واللدائن,66,358,174,184,1000,999,1,1358
منطقة القصيم,تجميع المياه ومعالجتها وتوصيلها,166,207,131,76,1122,1075,47,1329
منطقة عسير,أنشطة الأمن والتحقيقات,17,1309,1241,68,9,9,0,1318
منطقة الجوف,الأنشطة الإيجارية,535,67,46,21,1249,1235,14,1316
منطقة المدينة المنورة,الأنشطة الإدارية للمكاتب ، وأنشطة الدعم للمكاتب وغير ذلك من أنشطة الدعم للأعمال,443,261,148,113,1053,982,71,1314
منطقة الرياض,الرعاية مع الإقامة,52,922,200,722,391,242,149,1313
منطقة عسير,أنشطة جمع النفايات ومعالجتها وتصريفها ، واسترجاع المواد,35,224,127,97,1086,1080,6,1310
منطقة تبوك,صُنع المواد الكيميائية والمنتجات الكيميائية,32,530,316,214,770,766,4,1300
منطقة جازان,إصلاح وتركيب الآلات والمعدات,435,80,45,35,1208,1207,1,1288
منطقة عسير,صُنع الورق ومنتجات الورق,25,475,279,196,808,786,22,1283
منطقة عسير,الأنشطة العقارية,395,382,185,197,894,878,16,1276
منطقة الباحة,أنشطة الخدمات الشخصية الأخرى,565,79,33,46,1195,1098,97,1274
منطقة القصيم,صُنع الورق ومنتجات الورق,50,265,133,132,998,994,4,1263
منطقة الجوف,صُنع المنتجات الغذائية,252,215,133,82,1046,1044,2,1261
منطقة القصيم,الإقامة,172,356,235,121,894,884,10,1250
منطقة الباحة,صنع منتجات المعادن اللافلزية الأخرى,76,328,165,163,918,912,6,1246
منطقة مكة المكرمة,صنع الحواسيب والمنتجات الإلكترونية والبصرية,139,356,210,146,881,874,7,1237
منطقة نجران,صُنع الملبوسات,444,82,34,48,1155,1091,64,1237
منطقة حائل,صنع منتجات المعادن المشكلة ( باستثناء الآلات والمعدات ),280,192,73,119,1038,1035,3,1230
منطقة جازان,أنشطة تقديم الخدمات للمباني وتجميل المواقع,284,163,91,72,1063,1039,24,1226
منطقة جازان,صيد الأسماك وتربية المائيات,221,94,53,41,1125,1118,7,1219
منطقة تبوك,صنع منتجات المعادن المشكلة ( باستثناء الآلات والمعدات ),298,151,88,63,1067,1065,2,1218
المنطقة الشرقية,صنع المنتجات الصيدلانية الأساسية والمستحضرات الصيدلانية,39,472,313,159,728,701,27,1200
منطقة المدينة المنورة,صُنع المنسوجات,163,217,140,77,976,963,13,1193
منطقة الرياض,النقل المائي,164,469,316,153,710,692,18,1179
منطقة نجران,التعليم,148,582,167,415,597,553,44,1179
منطقة مكة المكرمة,النقل المائي,201,442,261,181,736,722,14,1178
منطقة الحدود الشمالية,صنع منتجات المعادن اللافلزية الأخرى,63,345,258,87,832,828,4,1177
منطقة الرياض,البحث والتطوير في المجال العلمي,128,651,365,286,523,438,85,1174
منطقة نجران,صنع منتجات المعادن المشكلة ( باستثناء الآلات والمعدات ),366,94,33,61,1075,1075,0,1169
منطقة المدينة المنورة,صنع الأثاث,331,106,56,50,1038,1025,13,1144
منطقة عسير,أنشطة المعمارية والهندسية ، والاختبارات الفنية والتحليل,299,295,163,132,845,839,6,1140
منطقة جازان,صُنع المشروبات,33,286,176,110,850,850,0,1136
منطقة حائل,أنشطة المعمارية والهندسية ، والاختبارات الفنية والتحليل,280,173,96,77,963,959,4,1136
منطقة عسير,الأنشطة الرياضية وأنشطة التسلية والترفيه,231,369,103,266,766,676,90,1135
منطقة الرياض,الأنشطة البيطرية,153,321,117,204,782,692,90,1103
منطقة الجوف,صنع منتجات المعادن المشكلة ( باستثناء الآلات والمعدات ),348,84,42,42,1001,999,2,1085
منطقة عسير,صُنع الخشب ومنتجات الخشب والفلين ، باستثناء الأثاث ، صُنع أصناف من القش ومواد الضفر,323,122,56,66,960,956,4,1082
منطقة المدينة المنورة,أنشطة الاستخدام,136,143,78,65,934,261,673,1077
منطقة عسير,الأنشطة الإدارية للمكاتب ، وأنشطة الدعم للمكاتب وغير ذلك من أنشطة الدعم للأعمال,354,327,137,190,748,741,7,1075
منطقة الحدود الشمالية,الصحة البشرية,67,345,77,268,727,383,344,1072
منطقة تبوك,أنشطة المعمارية والهندسية ، والاختبارات الفنية والتحليل,130,337,192,145,732,724,8,1069
منطقة نجران,صُنع المنتجات الغذائية,224,188,88,100,852,844,8,1040
منطقة المدينة المنورة,صُنع الخشب ومنتجات الخشب والفلين ، باستثناء الأثاث ، صُنع أصناف من القش ومواد الضفر,230,159,83,76,865,865,0,1024
منطقة نجران,إصلاح أجهزة الحاسوب والسلع الشخصية والمنزلية,255,18,6,12,1003,998,5,1021
المنطقة الشرقية,أنشطة المعالجة وخدمات إدارة النفايات الأخرى,11,265,234,31,756,752,4,1021
منطقة القصيم,الأنشطة الإدارية للمكاتب ، وأنشطة الدعم للمكاتب وغير ذلك من أنشطة الدعم للأعمال,332,140,76,64,866,859,7,1006
منطقة الجوف,أنشطة تقديم الخدمات للمباني وتجميل المواقع,156,123,79,44,830,812,18,953
المنطقة الشرقية,الأنشطة المهنية والعلمية والتقنية الأخرى,247,332,123,209,620,536,84,952
منطقة مكة المكرمة,أنشطة النشر,165,306,162,144,641,619,22,947
منطقة مكة المكرمة,أنشطة إنتاج الأفلام والفيديو والبرامج التليفزيونية والتسجيلات الصوتية ونشر الموسيقى,249,356,176,180,587,524,63,943
منطقة مكة المكرمة,الإدارة العامة والدفاع ؛ والضمان الاجتماعي الإلزامي,159,504,274,230,435,418,17,939
منطقة القصيم,صنع الفلزات القاعدية,81,183,113,70,755,753,2,938
منطقة المدينة المنورة,إصلاح أجهزة الحاسوب والسلع الشخصية والمنزلية,382,49,30,19,885,869,16,934
منطقة مكة المكرمة,الرعاية مع الإقامة,37,597,117,480,329,217,112,926
منطقة جازان,صُنع الخشب ومنتجات الخشب والفلين ، باستثناء الأثاث ، صُنع أصناف من القش ومواد الضفر,242,84,25,59,836,830,6,920
منطقة جازان,التخزين وأنشطة الدعم للنقل,205,155,115,40,760,755,5,915
منطقة نجران,الصرف الصحي,15,227,182,45,682,682,0,909
منطقة القصيم,صنع المنتجات الصيدلانية الأساسية والمستحضرات الصيدلانية,35,367,326,41,528,526,2,895
منطقة الجوف,الهندسة المدنية,56,179,138,41,715,700,15,894
منطقة حائل,أنشطة الاستخدام,71,91,36,55,797,201,596,888
منطقة نجران,أنشطة المعمارية والهندسية ، والاختبارات الفنية والتحليل,197,139,90,49,749,748,1,888
المنطقة الشرقية,أنشطة المنظمات ذات العضوية,88,530,246,284,353,299,54,883
منطقة عسير,صُنع المشروبات,35,232,172,60,644,644,0,876
منطقة حائل,إصلاح أجهزة الحاسوب والسلع الشخصية والمنزلية,325,37,23,14,838,836,2,875
منطقة المدينة المنورة,أنشطة جمع النفايات ومعالجتها وتصريفها ، واسترجاع المواد,49,255,113,142,613,610,3,868
منطقة تبوك,إصلاح وتركيب الآلات والمعدات,216,119,69,50,744,741,3,863
منطقة تبوك,صنع الأثاث,278,37,16,21,823,822,1,860
منطقة نجران,أنشطة الاستخدام,66,49,22,27,801,130,671,850
منطقة الحدود الشمالية,التعليم,53,470,229,241,376,309,67,846
منطقة نجران,صنع الفلزات القاعدية,34,275,246,29,565,563,2,840
منطقة جازان,إصلاح أجهزة الحاسوب والسلع الشخصية والمنزلية,307,35,18,17,788,782,6,823
منطقة تبوك,إصلاح أجهزة الحاسوب والسلع الشخصية والمنزلية,279,38,21,17,780,776,4,818
منطقة الباحة,صنع منتجات المعادن المشكلة ( باستثناء الآلات والمعدات ),331,59,37,22,754,752,2,813
منطقة الباحة,الصحة البشرية,58,296,93,203,511,215,296,807
منطقة حائل,التخزين وأنشطة الدعم للنقل,224,61,35,26,745,744,1,806
منطقة المدينة المنورة,وكالات السفر ومشغّلو الجولات السياحية وخدمات الحجز والأنشطة المتصلة بها,221,272,137,135,532,511,21,804
منطقة القصيم,الأنشطة الرياضية وأنشطة التسلية والترفيه,140,300,106,194,503,458,45,803
منطقة المدينة المنورة,أبحاث الإعلان والسوق,277,154,85,69,641,618,23,795
منطقة القصيم,الأنشطة الأخرى للتعدين واستغلال المحاجر,45,97,67,30,686,686,0,783
منطقة جازان,صنع الفلزات القاعدية,35,313,281,32,470,470,0,783
المنطقة الشرقية,أنشطة خدمات المعلومات,58,523,257,266,257,244,13,780
المنطقة الشرقية,أنشطة النشر,96,336,205,131,431,425,6,767
منطقة المدينة المنورة,توصيل الكهرباء والغاز والبخار وتكييف الهواء,35,223,193,30,541,483,58,764
منطقة عسير,الصرف الصحي,36,138,96,42,623,623,0,761
منطقة القصيم,أبحاث الإعلان والسوق,217,201,75,126,559,554,5,760
منطقة جازان,أنشطة العمل الاجتماعي، دون إقامة,106,576,277,299,165,146,19,741
المنطقة الشرقية,الاتصالات,115,325,202,123,416,409,7,741
منطقة الجوف,صُنع الملبوسات,316,34,16,18,705,669,36,739
المنطقة الشرقية,تعدين ركازات الفلزات,39,589,579,10,150,150,0,739
منطقة عسير,أبحاث الإعلان والسوق,216,209,93,116,523,520,3,732
منطقة الحدود الشمالية,صُنع الملبوسات,280,12,1,11,712,666,46,724
منطقة نجران,أنشطة الأمن والتحقيقات,3,718,608,110,0,0,0,718
منطقة الحدود الشمالية,صُنع المواد الكيميائية والمنتجات الكيميائية,6,571,546,25,146,145,1,717
منطقة المدينة المنورة,الأنشطة القانونية وأنشطة المحاسبة,182,498,323,175,214,204,10,712
منطقة الباحة,الأنشطة الأخرى للتعدين واستغلال المحاجر,11,93,32,61,618,618,0,711
منطقة عسير,صنع الفلزات القاعدية,75,158,108,50,544,544,0,702
منطقة الرياض,أنشطة البرمجة والإذاعة,63,194,126,68,506,429,77,700
منطقة نجران,صنع الأثاث,132,91,19,72,605,605,0,696
منطقة الرياض,تعدين ركازات الفلزات,72,299,210,89,394,387,7,693
منطقة المدينة المنورة,الأنشطة الرياضية وأنشطة التسلية والترفيه,167,293,108,185,398,362,36,691
منطقة الرياض,الحراجة وقطع الأخشاب,50,122,67,55,565,561,4,687
منطقة الباحة,صُنع المنتجات الغذائية,145,92,48,44,584,583,1,676
منطقة جازان,أنشطة المعمارية والهندسية ، والاختبارات الفنية والتحليل,159,219,127,92,449,438,11,668
منطقة المدينة المنورة,صنع المعدات الكهربائية,38,200,84,116,468,467,1,668
منطقة المدينة المنورة,أنشطة الخدمات المالية ، فيما عدا تمويل التأمين وصناديق المعاشات,49,357,266,91,305,289,16,662
منطقة تبوك,الصرف الصحي,15,136,116,20,518,514,4,654
منطقة الحدود الشمالية,صُنع المنتجات الغذائية,145,71,25,46,574,570,4,645
منطقة القصيم,صناعة المركبات ذات المحركات والمركبات المقطورة ونصف المقطورة,23,174,116,58,467,467,0,641
منطقة عسير,تجميع المياه ومعالجتها وتوصيلها,181,79,39,40,559,556,3,638
منطقة حائل,الأنشطة الإدارية للمكاتب ، وأنشطة الدعم للمكاتب وغير ذلك من أنشطة الدعم للأعمال,262,63,20,43,571,566,5,634
منطقة جازان,الأنشطة الأخرى للتعدين واستغلال المحاجر,55,111,73,38,516,516,0,627
منطقة مكة المكرمة,تعدين ركازات الفلزات,55,375,338,37,250,244,6,625
منطقة حائل,صُنع المشروبات,12,192,67,125,425,422,3,617
منطقة نجران,الإقامة,132,131,62,69,483,481,2,614
منطقة نجران,تجميع المياه ومعالجتها وتوصيلها,41,101,36,65,508,500,8,609
منطقة الحدود الشمالية,أنشطة الاستخدام,28,22,6,16,586,50,536,608
منطقة الرياض,الأنشطة الإبداعية والفنون وأنشطة الترفيه,131,285,129,156,321,273,48,606
منطقة نجران,توصيل الكهرباء والغاز والبخار وتكييف الهواء,13,190,174,16,413,412,1,603
منطقة الباحة,أنشطة العمل الاجتماعي، دون إقامة,81,443,240,203,155,136,19,598
منطقة عسير,الأنشطة القانونية وأنشطة المحاسبة,121,361,240,121,237,234,3,598
منطقة الباحة,النقل البري و النقل عبر الأنابيب,188,37,21,16,558,556,2,595
منطقة تبوك,أنشطة الأمن والتحقيقات,6,586,535,51,9,9,0,595
منطقة نجران,إصلاح وتركيب الآلات والمعدات,100,115,74,41,479,475,4,594
منطقة نجران,صنع منتجات المطاط واللدائن,28,127,37,90,451,451,0,578
منطقة تبوك,أنشطة العمل الاجتماعي، دون إقامة,72,433,162,271,144,127,17,577
منطقة المدينة المنورة,الصرف الصحي,53,171,148,23,403,401,2,574
منطقة جازان,أنشطة الأمن والتحقيقات,8,553,540,13,13,13,0,566
منطقة القصيم,الأنشطة القانونية وأنشطة المحاسبة,148,357,200,157,206,202,4,563
منطقة القصيم,صنع المعدات الكهربائية,46,115,74,41,444,443,1,559
المنطقة الشرقية,أنشطة البريد ونقل الرسائل والطرود بواسطة مندوبين,56,148,77,71,396,396,0,544
منطقة الحدود الشمالية,صنع منتجات المعادن المشكلة ( باستثناء الآلات والمعدات ),138,61,30,31,479,476,3,540
منطقة تبوك,الأنشطة الإدارية للمكاتب ، وأنشطة الدعم للمكاتب وغير ذلك من أنشطة الدعم للأعمال,217,66,39,27,472,455,17,538
منطقة الباحة,صُنع الخشب ومنتجات الخشب والفلين ، باستثناء الأثاث ، صُنع أصناف من القش ومواد الضفر,93,85,55,30,451,451,0,536
منطقة القصيم,صُنع المنسوجات,140,65,29,36,465,463,2,530
منطقة حائل,إصلاح وتركيب الآلات والمعدات,130,63,32,31,462,461,1,525
منطقة الحدود الشمالية,الأنشطة الإيجارية,190,68,55,13,456,453,3,524
منطقة الجوف,التخزين وأنشطة الدعم للنقل,130,108,88,20,416,413,3,524
منطقة عسير,صنع منتجات المطاط واللدائن,52,102,38,64,421,417,4,523
منطقة المدينة المنورة,صُنع الورق ومنتجات الورق,32,135,85,50,385,379,6,520
منطقة حائل,صنع الأثاث,168,50,27,23,469,469,0,519
منطقة القصيم,الصرف الصحي,55,91,58,33,427,425,2,518
منطقة جازان,الأنشطة العقارية,204,82,41,41,434,428,6,516
منطقة الجوف,صنع منتجات المطاط واللدائن,17,116,76,40,393,393,0,509
منطقة جازان,أنشطة المنظمات ذات العضوية,137,250,105,145,257,252,5,507
منطقة مكة المكرمة,الأنشطة البيطرية,87,153,43,110,353,301,52,506
منطقة حائل,أنشطة العمل الاجتماعي، دون إقامة,108,340,156,184,166,164,2,506
منطقة نجران,صُنع المشروبات,11,144,92,52,361,361,0,505
منطقة حائل,الإقامة,101,153,101,52,345,345,0,498
منطقة جازان,تجميع المياه ومعالجتها وتوصيلها,104,137,114,23,348,347,1,485
منطقة الحدود الشمالية,إصلاح وتركيب الآلات والمعدات,82,69,53,16,406,406,0,475
منطقة القصيم,أنشطة المنظمات ذات العضوية,113,226,144,82,245,241,4,471
منطقة الحدود الشمالية,الأنشطة الأخرى للتعدين واستغلال المحاجر,17,159,125,34,307,307,0,466
منطقة جازان,الأنشطة الإدارية للمكاتب ، وأنشطة الدعم للمكاتب وغير ذلك من أنشطة الدعم للأعمال,195,50,26,24,416,404,12,466
المنطقة الشرقية,الرعاية مع الإقامة,13,312,20,292,150,76,74,462
منطقة حائل,صُنع المواد الكيميائية والمنتجات الكيميائية,77,96,35,61,363,363,0,459
منطقة تبوك,صُنع المشروبات,21,142,54,88,309,307,2,451
منطقة المدينة المنورة,صناعة الآلات والمعدات غير المصنفة في موضع أخر,28,95,67,28,351,351,0,446
منطقة الباحة,تجميع المياه ومعالجتها وتوصيلها,38,84,77,7,359,359,0,443
منطقة الجوف,إصلاح وتركيب الآلات والمعدات,115,69,45,24,372,370,2,441
منطقة تبوك,الأنشطة العقارية,170,74,45,29,367,361,6,441
منطقة الباحة,صُنع الملبوسات,168,49,27,22,386,347,39,435
منطقة تبوك,الأنشطة الرياضية وأنشطة التسلية والترفيه,110,146,54,92,283,250,33,429
منطقة جازان,صنع فحم الكوك والمنتجات النفطية المكررة,4,305,290,15,121,117,4,426
منطقة حائل,تجميع المياه ومعالجتها وتوصيلها,53,78,61,17,344,344,0,422
منطقة جازان,الأنشطة الرياضية وأنشطة التسلية والترفيه,107,97,26,71,325,275,50,422
منطقة حائل,أنشطة المنظمات ذات العضوية,117,85,43,42,334,331,3,419
منطقة المدينة المنورة,أنشطة المنظمات ذات العضوية,91,168,124,44,248,242,6,416
منطقة القصيم,أنشطة البرمجة الحاسوبية والخبرة الاستشارية وما يتصل بها من أنشطة,97,119,53,66,289,283,6,408
منطقة نجران,أنشطة العمل الاجتماعي، دون إقامة,51,252,90,162,154,123,31,406
منطقة الباحة,الإقامة,91,107,64,43,295,294,1,402
منطقة حائل,الأنشطة العقارية,125,66,41,25,335,325,10,401
منطقة القصيم,الرعاية مع الإقامة,11,277,64,213,124,90,34,401
منطقة تبوك,الأنشطة الأخرى للتعدين واستغلال المحاجر,35,76,49,27,321,321,0,397
منطقة حائل,الصرف الصحي,21,184,101,83,213,213,0,397
منطقة المدينة المنورة,أنشطة البرمجة الحاسوبية والخبرة الاستشارية وما يتصل بها من أنشطة,117,131,83,48,257,237,20,388
منطقة الحدود الشمالية,الصرف الصحي,10,75,58,17,306,302,4,381
منطقة الجوف,أنشطة المعمارية والهندسية ، والاختبارات الفنية والتحليل,108,77,57,20,303,302,1,380
منطقة تبوك,صنع الفلزات القاعدية,20,100,45,55,279,279,0,379
منطقة تبوك,صُنع الخشب ومنتجات الخشب والفلين ، باستثناء الأثاث ، صُنع أصناف من القش ومواد الضفر,130,39,15,24,339,338,1,378
منطقة الجوف,أنشطة العمل الاجتماعي، دون إقامة,53,240,137,103,137,135,2,377
منطقة حائل,صُنع الخشب ومنتجات الخشب والفلين ، باستثناء الأثاث ، صُنع أصناف من القش ومواد الضفر,91,44,24,20,333,333,0,377
منطقة الباحة,صنع الأثاث,109,16,9,7,360,360,0,376
منطقة الجوف,إصلاح أجهزة الحاسوب والسلع الشخصية والمنزلية,143,19,12,7,355,355,0,374
منطقة الجوف,أنشطة الأمن والتحقيقات,4,365,348,17,9,9,0,374
المنطقة الشرقية,النقل الجوي,64,166,124,42,207,205,2,373
منطقة نجران,الأنشطة الإدارية للمكاتب ، وأنشطة الدعم للمكاتب وغير ذلك من أنشطة الدعم للأعمال,161,20,7,13,353,349,4,373
منطقة الباحة,أنشطة المعمارية والهندسية ، والاختبارات الفنية والتحليل,98,105,43,62,260,256,4,365
منطقة القصيم,أنشطة المكاتب الرئيسية، والأنشطة الاستشارية في مجال الإدارة,28,130,95,35,233,228,5,363
منطقة جازان,توصيل الكهرباء والغاز والبخار وتكييف الهواء,33,90,78,12,272,272,0,362
منطقة مكة المكرمة,الأنشطة الإبداعية والفنون وأنشطة الترفيه,106,95,45,50,266,234,32,361
منطقة حائل,صنع منتجات المطاط واللدائن,25,116,77,39,245,245,0,361
منطقة المدينة المنورة,أنشطة البريد ونقل الرسائل والطرود بواسطة مندوبين,30,67,50,17,293,292,1,360
المنطقة الشرقية,أنشطة إنتاج الأفلام والفيديو والبرامج التليفزيونية والتسجيلات الصوتية ونشر الموسيقى,65,178,81,97,182,159,23,360
منطقة عسير,الصناعة التحويلية الأخرى,57,92,48,44,261,228,33,353
منطقة الجوف,صنع الأثاث,144,18,10,8,335,334,1,353
المنطقة الشرقية,الأنشطة البيطرية,71,92,27,65,258,246,12,350
منطقة الحدود الشمالية,أنشطة الأمن والتحقيقات,5,8,7,1,338,334,4,346
منطقة مكة المكرمة,استخراج النفط الخام والغاز الطبيعي,4,309,306,3,37,37,0,346
منطقة عسير,صيد الأسماك وتربية المائيات,76,30,23,7,315,315,0,345
منطقة القصيم,الصناعة التحويلية الأخرى,35,96,69,27,246,233,13,342
منطقة جازان,أبحاث الإعلان والسوق,126,49,25,24,291,286,5,340
منطقة عسير,صناعة الآلات والمعدات غير المصنفة في موضع أخر,21,88,64,24,251,250,1,339
منطقة حائل,الأنشطة الرياضية وأنشطة التسلية والترفيه,77,103,51,52,225,212,13,328
منطقة الجوف,صُنع الخشب ومنتجات الخشب والفلين ، باستثناء الأثاث ، صُنع أصناف من القش ومواد الضفر,122,26,18,8,299,297,2,325
منطقة الجوف,الأنشطة الرياضية وأنشطة التسلية والترفيه,45,40,17,23,282,217,65,322
منطقة المدينة المنورة,الأنشطة المهنية والعلمية والتقنية الأخرى,101,64,34,30,258,207,51,322
منطقة مكة المكرمة,أنشطة المعالجة وخدمات إدارة النفايات الأخرى,6,52,37,15,269,269,0,321
منطقة القصيم,وكالات السفر ومشغّلو الجولات السياحية وخدمات الحجز والأنشطة المتصلة بها,99,55,23,32,264,263,1,319
منطقة الباحة,صُنع المشروبات,9,87,25,62,227,226,1,314
منطقة نجران,صُنع الخشب ومنتجات الخشب والفلين ، باستثناء الأثاث ، صُنع أصناف من القش ومواد الضفر,101,21,7,14,290,290,0,311
منطقة عسير,الأنشطة المهنية والعلمية والتقنية الأخرى,59,111,51,60,200,171,29,311
منطقة المدينة المنورة,أنشطة خدمات دعم التعدين,6,225,196,29,85,83,2,310
منطقة الحدود الشمالية,صنع الأثاث,96,23,14,9,285,285,0,308
منطقة الجوف,الإقامة,81,80,38,42,228,226,2,308
منطقة الحدود الشمالية,الهندسة المدنية,48,39,19,20,269,268,1,308
منطقة جازان,الأنشطة القانونية وأنشطة المحاسبة,66,238,165,73,69,69,0,307
المنطقة الشرقية,البحث والتطوير في المجال العلمي,27,164,94,70,140,134,6,304
منطقة جازان,أنشطة جمع النفايات ومعالجتها وتصريفها ، واسترجاع المواد,25,71,35,36,232,232,0,303
منطقة الحدود الشمالية,الإقامة,48,96,52,44,204,201,3,300
منطقة عسير,صُنع المنسوجات,101,30,15,15,267,262,5,297
منطقة نجران,أنشطة جمع النفايات ومعالجتها وتصريفها ، واسترجاع المواد,20,50,29,21,245,243,2,295
منطقة تبوك,صُنع الورق ومنتجات الورق,10,79,26,53,213,213,0,292
منطقة الرياض,استخراج النفط الخام والغاز الطبيعي,24,82,52,30,209,193,16,291
منطقة الجوف,الأنشطة الإدارية للمكاتب ، وأنشطة الدعم للمكاتب وغير ذلك من أنشطة الدعم للأعمال,117,25,14,11,264,262,2,289
منطقة الباحة,أنشطة زراعة المحاصيل والإنتاج الحيواني والصيد والخدمات المتصلة,161,40,22,18,244,244,0,284
منطقة مكة المكرمة,صُنع المنتجات الجلدية والمنتجات ذات الصلة,32,61,22,39,223,222,1,284
منطقة تبوك,أبحاث الإعلان والسوق,99,46,20,26,230,221,9,276
منطقة المدينة المنورة,الطباعة واستنساخ وسائط الأعلام المسجّلة,68,44,26,18,225,218,7,269
منطقة مكة المكرمة,أنشطة البرمجة والإذاعة,29,101,52,49,167,164,3,268
منطقة تبوك,أنشطة الاستخدام,96,55,20,35,213,173,40,268
منطقة الباحة,الهندسة المدنية,32,53,45,8,211,211,0,264
منطقة عسير,وكالات السفر ومشغّلو الجولات السياحية وخدمات الحجز والأنشطة المتصلة بها,73,46,21,25,217,214,3,263
منطقة الباحة,الأنشطة الإيجارية,117,14,9,5,249,248,1,263
منطقة عسير,الطباعة واستنساخ وسائط الأعلام المسجّلة,39,42,23,19,220,218,2,262
منطقة الحدود الشمالية,أنشطة زراعة المحاصيل والإنتاج الحيواني والصيد والخدمات المتصلة,100,36,24,12,225,225,0,261
منطقة نجران,الأنشطة العقارية,108,26,14,12,235,233,2,261
منطقة القصيم,الطباعة واستنساخ وسائط الأعلام المسجّلة,46,54,16,38,204,203,1,258
منطقة عسير,صنع المعدات الكهربائية,32,48,21,27,209,209,0,257
المنطقة الشرقية,الحراجة وقطع الأخشاب,28,74,27,47,178,154,24,252
منطقة الباحة,التعليم,32,121,40,81,126,89,37,247
منطقة تبوك,صنع منتجات المطاط واللدائن,18,40,22,18,204,204,0,244
منطقة الحدود الشمالية,إصلاح أجهزة الحاسوب والسلع الشخصية والمنزلية,92,13,9,4,231,229,2,244
منطقة حائل,صُنع المنسوجات,68,22,14,8,214,214,0,236
منطقة نجران,الأنشطة الرياضية وأنشطة التسلية والترفيه,46,72,27,45,161,152,9,233
منطقة تبوك,أنشطة المنظمات ذات العضوية,40,147,49,98,86,85,1,233
منطقة القصيم,أنشطة الأمن والتحقيقات,12,209,185,24,23,20,3,232
منطقة نجران,صُنع المواد الكيميائية والمنتجات الكيميائية,17,45,17,28,182,182,0,227
منطقة عسير,الرعاية مع الإقامة,7,172,44,128,54,23,31,226
منطقة الباحة,الأنشطة الإدارية للمكاتب ، وأنشطة الدعم للمكاتب وغير ذلك من أنشطة الدعم للأعمال,61,31,23,8,188,188,0,219
منطقة تبوك,تجميع المياه ومعالجتها وتوصيلها,83,25,12,13,191,191,0,216
منطقة جازان,صُنع المواد الكيميائية والمنتجات الكيميائية,36,33,23,10,181,177,4,214
منطقة الباحة,إصلاح أجهزة الحاسوب والسلع الشخصية والمنزلية,78,9,7,2,204,204,0,213
منطقة حائل,أبحاث الإعلان والسوق,79,43,19,24,168,166,2,211
منطقة نجران,تعدين ركازات الفلزات,6,39,8,31,170,170,0,209
منطقة المدينة المنورة,النقل المائي,22,98,83,15,108,106,2,206
منطقة حائل,صنع المنتجات الصيدلانية الأساسية والمستحضرات الصيدلانية,13,90,67,23,112,111,1,202
منطقة تبوك,صُنع المنسوجات,79,13,5,8,189,186,3,202
منطقة الحدود الشمالية,الأنشطة الإدارية للمكاتب ، وأنشطة الدعم للمكاتب وغير ذلك من أنشطة الدعم للأعمال,59,10,5,5,188,188,0,198
منطقة عسير,أنشطة المنظمات ذات العضوية,48,125,58,67,72,70,2,197
منطقة المدينة المنورة,صيد الأسماك وتربية المائيات,43,10,2,8,186,186,0,196
منطقة الحدود الشمالية,أنشطة العمل الاجتماعي، دون إقامة,39,147,70,77,49,45,4,196
منطقة نجران,أبحاث الإعلان والسوق,62,32,12,20,164,160,4,196
منطقة الجوف,تجميع المياه ومعالجتها وتوصيلها,32,34,22,12,160,160,0,194
منطقة حائل,صنع الفلزات القاعدية,33,34,12,22,158,158,0,192
منطقة جازان,صُنع الورق ومنتجات الورق,9,56,24,32,133,133,0,189
منطقة جازان,أنشطة الاستخدام,74,23,11,12,165,163,2,188
منطقة المدينة المنورة,الصناعة التحويلية الأخرى,34,36,18,18,150,123,27,186
منطقة حائل,صيد الأسماك وتربية المائيات,58,2,1,1,183,181,2,185
منطقة المدينة المنورة,الاتصالات,38,35,22,13,148,148,0,183
منطقة الجوف,أنشطة جمع النفايات ومعالجتها وتصريفها ، واسترجاع المواد,10,47,37,10,136,136,0,183
منطقة عسير,أنشطة البرمجة الحاسوبية والخبرة الاستشارية وما يتصل بها من أنشطة,58,41,22,19,141,141,0,182
منطقة الجوف,الأنشطة العقارية,58,48,29,19,134,133,1,182
منطقة الحدود الشمالية,التخزين وأنشطة الدعم للنقل,52,17,8,9,164,160,4,181
منطقة نجران,صُنع المنسوجات,63,3,2,1,177,176,1,180
منطقة تبوك,الأنشطة القانونية وأنشطة المحاسبة,57,139,62,77,40,38,2,179
منطقة الجوف,صُنع المنسوجات,76,7,5,2,172,171,1,179
منطقة القصيم,الأنشطة المهنية والعلمية والتقنية الأخرى,50,71,41,30,106,96,10,177
منطقة الجوف,أنشطة الاستخدام,46,45,14,31,131,64,67,176
منطقة نجران,أنشطة المنظمات ذات العضوية,49,77,60,17,98,98,0,175
منطقة المدينة المنورة,صناعة معدات النقل الأخرى,10,64,57,7,106,106,0,170
منطقة الجوف,أبحاث الإعلان والسوق,68,22,10,12,142,141,1,164
منطقة تبوك,وكالات السفر ومشغّلو الجولات السياحية وخدمات الحجز والأنشطة المتصلة بها,56,33,18,15,129,127,2,162
منطقة الحدود الشمالية,الأنشطة الرياضية وأنشطة التسلية والترفيه,50,32,12,20,128,115,13,160
منطقة حائل,الأنشطة القانونية وأنشطة المحاسبة,53,103,77,26,54,51,3,157
منطقة الجوف,الأنشطة القانونية وأنشطة المحاسبة,50,116,64,52,40,35,5,156
منطقة الحدود الشمالية,وكالات السفر ومشغّلو الجولات السياحية وخدمات الحجز والأنشطة المتصلة بها,18,50,49,1,106,106,0,156
منطقة القصيم,الاتصالات,54,37,12,25,119,119,0,156
المنطقة الشرقية,صُنع المنتجات الجلدية والمنتجات ذات الصلة,21,27,14,13,126,126,0,153
منطقة حائل,صُنع الورق ومنتجات الورق,11,26,8,18,126,126,0,152
منطقة تبوك,صيد الأسماك وتربية المائيات,42,0,0,0,146,144,2,146
منطقة نجران,الأنشطة القانونية وأنشطة المحاسبة,47,45,31,14,100,98,2,145
منطقة تبوك,الطباعة واستنساخ وسائط الأعلام المسجّلة,27,30,12,18,115,112,3,145
منطقة الباحة,التخزين وأنشطة الدعم للنقل,40,29,16,13,116,116,0,145
منطقة تبوك,الرعاية مع الإقامة,5,116,5,111,28,17,11,144
منطقة جازان,الصرف الصحي,35,15,10,5,129,129,0,144
منطقة الحدود الشمالية,الأنشطة العقارية,47,22,16,6,120,120,0,142
منطقة مكة المكرمة,تعدين الفحم والليغنيت,17,35,13,22,106,106,0,141
منطقة الباحة,إصلاح وتركيب الآلات والمعدات,55,9,6,3,132,132,0,141
منطقة القصيم,صناعة الآلات والمعدات غير المصنفة في موضع أخر,27,22,10,12,118,117,1,140
منطقة الحدود الشمالية,أنشطة المعمارية والهندسية ، والاختبارات الفنية والتحليل,48,23,11,12,116,115,1,139
منطقة الجوف,الأنشطة الأخرى للتعدين واستغلال المحاجر,15,28,18,10,110,110,0,138
منطقة القصيم,أنشطة البريد ونقل الرسائل والطرود بواسطة مندوبين,30,27,17,10,111,108,3,138
منطقة تبوك,النقل المائي,22,39,15,24,99,87,12,138
منطقة الرياض,تعدين الفحم والليغنيت,30,24,9,15,112,110,2,136
منطقة جازان,الصناعة التحويلية الأخرى,35,14,6,8,120,116,4,134
منطقة نجران,صُنع الورق ومنتجات الورق,26,13,10,3,120,119,1,133
منطقة القصيم,تعدين ركازات الفلزات,13,87,85,2,46,45,1,133
منطقة جازان,صُنع المنسوجات,43,7,4,3,125,123,2,132
منطقة الجوف,صُنع المشروبات,7,31,10,21,95,95,0,126
منطقة المدينة المنورة,أنشطة الأمن والتحقيقات,18,97,92,5,29,29,0,126
منطقة الباحة,الأنشطة العقارية,39,26,16,10,100,100,0,126
منطقة حائل,وكالات السفر ومشغّلو الجولات السياحية وخدمات الحجز والأنشطة المتصلة بها,33,31,16,15,93,90,3,124
منطقة جازان,الأنشطة المهنية والعلمية والتقنية الأخرى,53,26,10,16,98,91,7,124
منطقة المدينة المنورة,أنشطة المكاتب الرئيسية، والأنشطة الاستشارية في مجال الإدارة,39,52,24,28,71,68,3,123
منطقة جازان,صُنع المنتجات الجلدية والمنتجات ذات الصلة,48,0,0,0,121,120,1,121
منطقة عسير,صنع المنتجات الصيدلانية الأساسية والمستحضرات الصيدلانية,21,28,8,20,91,86,5,119
منطقة الحدود الشمالية,صُنع الخشب ومنتجات الخشب والفلين ، باستثناء الأثاث ، صُنع أصناف من القش ومواد الضفر,55,6,2,4,113,113,0,119
منطقة عسير,الأنشطة البيطرية,30,29,10,19,83,82,1,112
منطقة القصيم,الإدارة العامة والدفاع ؛ والضمان الاجتماعي الإلزامي,22,40,22,18,72,69,3,112
منطقة عسير,أنشطة الخدمات المالية ، فيما عدا تمويل التأمين وصناديق المعاشات,28,43,18,25,68,66,2,111
منطقة الرياض,أنشطة المنظمات والهيئات غير الخاضعة للولاية القضائية الوطنية,22,54,44,10,57,56,1,111
منطقة المدينة المنورة,الأنشطة المساعدة لأنشطة الخدمات المالية وأنشطة التأمين,15,98,88,10,13,13,0,111
منطقة الجوف,أنشطة المنظمات ذات العضوية,26,70,40,30,39,39,0,109
منطقة الجوف,صُنع الورق ومنتجات الورق,7,33,12,21,75,74,1,108
منطقة نجران,صيد الأسماك وتربية المائيات,31,3,1,2,105,105,0,108
منطقة عسير,الاتصالات,53,22,17,5,86,85,1,108
منطقة المدينة المنورة,الرعاية مع الإقامة,5,76,16,60,30,24,6,106
منطقة نجران,صناعة الآلات والمعدات غير المصنفة في موضع أخر,10,1,1,0,103,103,0,104
منطقة عسير,أنشطة المكتبات والمحفوظات والمتاحف والأنشطة الثقافية الأخرى,15,34,12,22,69,69,0,103
منطقة الحدود الشمالية,أنشطة جمع النفايات ومعالجتها وتصريفها ، واسترجاع المواد,3,36,24,12,65,65,0,101
منطقة جازان,النقل المائي,18,47,29,18,54,54,0,101
منطقة حائل,الطباعة واستنساخ وسائط الأعلام المسجّلة,24,27,11,16,74,74,0,101
منطقة المدينة المنورة,أنشطة خدمات المعلومات,16,68,22,46,32,31,1,100
منطقة مكة المكرمة,الحراجة وقطع الأخشاب,21,13,9,4,87,85,2,100
منطقة تبوك,النقل الجوي,7,31,27,4,68,66,2,99
منطقة الحدود الشمالية,صُنع المنسوجات,33,9,7,2,90,90,0,99
منطقة القصيم,الحراجة وقطع الأخشاب,8,30,19,11,68,68,0,98
منطقة الرياض,أنشطة المكتبات والمحفوظات والمتاحف والأنشطة الثقافية الأخرى,26,29,5,24,69,68,1,98
منطقة تبوك,الأنشطة المهنية والعلمية والتقنية الأخرى,49,11,5,6,87,80,7,98
منطقة المدينة المنورة,صنع الحواسيب والمنتجات الإلكترونية والبصرية,18,31,25,6,66,66,0,97
منطقة عسير,صنع فحم الكوك والمنتجات النفطية المكررة,3,41,22,19,55,55,0,96
منطقة القصيم,أنشطة الخدمات المالية ، فيما عدا تمويل التأمين وصناديق المعاشات,24,31,22,9,64,64,0,95
منطقة جازان,الاتصالات,27,18,10,8,75,74,1,93
منطقة المدينة المنورة,الأنشطة البيطرية,22,26,8,18,67,61,6,93
منطقة الحدود الشمالية,تجميع المياه ومعالجتها وتوصيلها,26,9,6,3,83,83,0,92
منطقة الباحة,الأنشطة الرياضية وأنشطة التسلية والترفيه,30,30,13,17,61,57,4,91
منطقة الجوف,الطباعة واستنساخ وسائط الأعلام المسجّلة,6,31,15,16,60,56,4,91
منطقة حائل,أنشطة النشر,24,25,7,18,66,66,0,91
منطقة القصيم,الأنشطة البيطرية,31,27,17,10,62,59,3,89
منطقة الباحة,صُنع المواد الكيميائية والمنتجات الكيميائية,9,17,8,9,72,72,0,89
منطقة عسير,أنشطة النشر,17,24,12,12,64,63,1,88
منطقة جازان,وكالات السفر ومشغّلو الجولات السياحية وخدمات الحجز والأنشطة المتصلة بها,33,25,8,17,62,59,3,87
منطقة جازان,الرعاية مع الإقامة,5,71,4,67,14,4,10,85
المنطقة الشرقية,الأنشطة الإبداعية والفنون وأنشطة الترفيه,32,33,11,22,52,47,5,85
منطقة القصيم,توصيل الكهرباء والغاز والبخار وتكييف الهواء,17,15,9,6,67,67,0,82
منطقة مكة المكرمة,أنشطة المكتبات والمحفوظات والمتاحف والأنشطة الثقافية الأخرى,45,12,7,5,69,67,2,81
منطقة المدينة المنورة,الإدارة العامة والدفاع ؛ والضمان الاجتماعي الإلزامي,26,22,19,3,58,58,0,80
منطقة الحدود الشمالية,أبحاث الإعلان والسوق,29,12,5,7,68,68,0,80
منطقة جازان,الإدارة العامة والدفاع ؛ والضمان الاجتماعي الإلزامي,27,7,2,5,73,71,2,80
منطقة جازان,صنع منتجات المطاط واللدائن,26,9,6,3,70,70,0,79
منطقة جازان,الطباعة واستنساخ وسائط الأعلام المسجّلة,19,17,10,7,61,61,0,78
منطقة عسير,الأنشطة الإبداعية والفنون وأنشطة الترفيه,15,20,7,13,57,56,1,77
منطقة المدينة المنورة,صنع المنتجات الصيدلانية الأساسية والمستحضرات الصيدلانية,15,18,9,9,58,58,0,76
منطقة المدينة المنورة,أنشطة إنتاج الأفلام والفيديو والبرامج التليفزيونية والتسجيلات الصوتية ونشر الموسيقى,29,17,7,10,59,53,6,76
منطقة الباحة,أبحاث الإعلان والسوق,29,18,6,12,57,57,0,75
منطقة حائل,أنشطة البرمجة الحاسوبية والخبرة الاستشارية وما يتصل بها من أنشطة,20,25,6,19,48,47,1,73
منطقة تبوك,الصناعة التحويلية الأخرى,15,12,4,8,60,56,4,72
منطقة نجران,الأنشطة المهنية والعلمية والتقنية الأخرى,32,3,2,1,69,68,1,72
منطقة حائل,أنشطة إنتاج الأفلام والفيديو والبرامج التليفزيونية والتسجيلات الصوتية ونشر الموسيقى,11,49,24,25,20,20,0,69
منطقة الجوف,صناعة الآلات والمعدات غير المصنفة في موضع أخر,4,16,5,11,53,53,0,69
منطقة الجوف,صُنع المواد الكيميائية والمنتجات الكيميائية,16,12,5,7,56,55,1,68
منطقة القصيم,صيد الأسماك وتربية المائيات,23,0,0,0,68,68,0,68
المنطقة الشرقية,أنشطة المكتبات والمحفوظات والمتاحف والأنشطة الثقافية الأخرى,23,17,8,9,51,51,0,68
منطقة الباحة,توصيل الكهرباء والغاز والبخار وتكييف الهواء,10,10,9,1,57,57,0,67
منطقة مكة المكرمة,أنشطة المنظمات والهيئات غير الخاضعة للولاية القضائية الوطنية,4,64,35,29,3,3,0,67
منطقة تبوك,صنع فحم الكوك والمنتجات النفطية المكررة,2,18,14,4,49,49,0,67
منطقة عسير,أنشطة البريد ونقل الرسائل والطرود بواسطة مندوبين,21,10,3,7,55,55,0,65
منطقة تبوك,أنشطة جمع النفايات ومعالجتها وتصريفها ، واسترجاع المواد,13,12,6,6,52,52,0,64
منطقة الباحة,صُنع المنسوجات,22,7,5,2,57,57,0,64
منطقة تبوك,الإدارة العامة والدفاع ؛ والضمان الاجتماعي الإلزامي,9,29,15,14,34,34,0,63
منطقة الجوف,وكالات السفر ومشغّلو الجولات السياحية وخدمات الحجز والأنشطة المتصلة بها,22,14,10,4,48,48,0,62
منطقة المدينة المنورة,النقل الجوي,11,34,25,9,28,28,0,62
منطقة الحدود الشمالية,الأنشطة القانونية وأنشطة المحاسبة,19,42,28,14,19,19,0,61
منطقة عسير,تعدين ركازات الفلزات,29,2,1,1,58,57,1,60
منطقة نجران,وكالات السفر ومشغّلو الجولات السياحية وخدمات الحجز والأنشطة المتصلة بها,18,9,5,4,50,49,1,59
منطقة جازان,صناعة الآلات والمعدات غير المصنفة في موضع أخر,18,8,3,5,50,49,1,58
منطقة حائل,الأنشطة المهنية والعلمية والتقنية الأخرى,28,8,3,5,50,45,5,58
منطقة عسير,الإدارة العامة والدفاع ؛ والضمان الاجتماعي الإلزامي,22,3,1,2,54,54,0,57
منطقة عسير,صنع الحواسيب والمنتجات الإلكترونية والبصرية,29,3,3,0,54,54,0,57
منطقة حائل,أنشطة جمع النفايات ومعالجتها وتصريفها ، واسترجاع المواد,21,4,2,2,52,51,1,56
منطقة جازان,صنع المعدات الكهربائية,22,1,0,1,55,55,0,56
منطقة الباحة,صناعة المركبات ذات المحركات والمركبات المقطورة ونصف المقطورة,4,26,16,10,30,29,1,56
المنطقة الشرقية,أنشطة البرمجة والإذاعة,12,15,11,4,41,39,2,56
منطقة حائل,الاتصالات,22,5,0,5,51,49,2,56
منطقة نجران,أنشطة البريد ونقل الرسائل والطرود بواسطة مندوبين,10,0,0,0,55,54,1,55
منطقة الباحة,الطباعة واستنساخ وسائط الأعلام المسجّلة,17,8,4,4,46,46,0,54
منطقة الجوف,الحراجة وقطع الأخشاب,12,6,6,0,48,46,2,54
منطقة عسير,أنشطة المكاتب الرئيسية، والأنشطة الاستشارية في مجال الإدارة,18,21,11,10,33,33,0,54
منطقة القصيم,صنع فحم الكوك والمنتجات النفطية المكررة,7,12,8,4,42,42,0,54
منطقة تبوك,أنشطة البرمجة الحاسوبية والخبرة الاستشارية وما يتصل بها من أنشطة,24,9,6,3,44,44,0,53
منطقة جازان,أنشطة البرمجة الحاسوبية والخبرة الاستشارية وما يتصل بها من أنشطة,23,3,3,0,50,50,0,53
منطقة نجران,أنشطة النشر,5,1,1,0,51,51,0,52
منطقة حائل,توصيل الكهرباء والغاز والبخار وتكييف الهواء,13,7,2,5,45,45,0,52
منطقة حائل,النقل الجوي,17,0,0,0,51,50,1,51
منطقة الحدود الشمالية,صُنع المشروبات,5,8,5,3,43,43,0,51
منطقة القصيم,أنشطة خدمات المعلومات,13,12,6,6,39,39,0,51
منطقة حائل,أنشطة الأمن والتحقيقات,2,51,51,0,0,0,0,51
منطقة حائل,صنع المعدات الكهربائية,13,6,2,4,44,44,0,50
منطقة تبوك,الأنشطة البيطرية,12,16,11,5,32,30,2,48
منطقة جازان,أنشطة الخدمات المالية ، فيما عدا تمويل التأمين وصناديق المعاشات,16,2,0,2,46,46,0,48
المنطقة الشرقية,تعدين الفحم والليغنيت,12,12,6,6,35,35,0,47
منطقة نجران,صنع المعدات الكهربائية,7,7,2,5,38,38,0,45
منطقة جازان,صنع الحواسيب والمنتجات الإلكترونية والبصرية,19,2,1,1,43,43,0,45
منطقة المدينة المنورة,استخراج النفط الخام والغاز الطبيعي,2,37,37,0,8,8,0,45
منطقة حائل,الصناعة التحويلية الأخرى,13,9,7,2,36,35,1,45
منطقة حائل,صناعة الآلات والمعدات غير المصنفة في موضع أخر,14,1,1,0,42,42,0,43
منطقة حائل,الرعاية مع الإقامة,4,38,12,26,5,4,1,43
منطقة نجران,الصناعة التحويلية الأخرى,11,10,6,4,33,31,2,43
منطقة عسير,النقل الجوي,13,7,6,1,33,33,0,40
منطقة حائل,الأنشطة الأخرى للتعدين واستغلال المحاجر,15,8,3,5,32,32,0,40
منطقة نجران,الإدارة العامة والدفاع ؛ والضمان الاجتماعي الإلزامي,17,4,4,0,36,36,0,40
منطقة حائل,الأنشطة البيطرية,16,7,4,3,33,32,1,40
منطقة عسير,النقل المائي,18,1,1,0,38,38,0,39
منطقة الحدود الشمالية,النقل الجوي,2,14,10,4,25,25,0,39
منطقة الباحة,أنشطة الاستخدام,23,6,5,1,33,30,3,39
منطقة تبوك,صنع المعدات الكهربائية,13,7,1,6,32,32,0,39
منطقة جازان,صنع المنتجات الصيدلانية الأساسية والمستحضرات الصيدلانية,13,3,3,0,36,34,2,39
منطقة حائل,أنشطة الخدمات المالية ، فيما عدا تمويل التأمين وصناديق المعاشات,14,1,1,0,37,36,1,38
منطقة حائل,أنشطة المكاتب الرئيسية، والأنشطة الاستشارية في مجال الإدارة,10,14,8,6,24,22,2,38
منطقة تبوك,أنشطة النشر,6,11,8,3,27,27,0,38
منطقة الجوف,الاتصالات,18,9,6,3,28,27,1,37
منطقة القصيم,النقل الجوي,12,4,1,3,33,33,0,37
منطقة جازان,أنشطة المنظمات والهيئات غير الخاضعة للولاية القضائية الوطنية,15,0,0,0,37,37,0,37
منطقة المدينة المنورة,أنشطة النشر,16,8,3,5,29,29,0,37
منطقة الباحة,الأنشطة القانونية وأنشطة المحاسبة,12,26,16,10,11,11,0,37
منطقة جازان,النقل الجوي,14,3,2,1,34,34,0,37
منطقة تبوك,صناعة المركبات ذات المحركات والمركبات المقطورة ونصف المقطورة,7,6,5,1,31,31,0,37
منطقة تبوك,الاتصالات,16,3,1,2,33,33,0,36
منطقة القصيم,أنشطة النشر,11,3,1,2,33,33,0,36
منطقة جازان,الأنشطة البيطرية,8,9,2,7,27,25,2,36
منطقة الباحة,أنشطة المنظمات ذات العضوية,17,28,20,8,8,8,0,36
منطقة تبوك,توصيل الكهرباء والغاز والبخار وتكييف الهواء,14,3,0,3,32,32,0,35
منطقة تبوك,أنشطة إنتاج الأفلام والفيديو والبرامج التليفزيونية والتسجيلات الصوتية ونشر الموسيقى,12,17,12,5,18,18,0,35
منطقة القصيم,أنشطة خدمات دعم التعدين,9,2,2,0,33,33,0,35
منطقة حائل,أنشطة البريد ونقل الرسائل والطرود بواسطة مندوبين,7,0,0,0,35,35,0,35
منطقة الباحة,أنشطة جمع النفايات ومعالجتها وتصريفها ، واسترجاع المواد,4,5,2,3,30,30,0,35
منطقة الحدود الشمالية,الاتصالات,15,3,2,1,31,30,1,34
منطقة الجوف,الصرف الصحي,13,2,2,0,32,32,0,34
منطقة المدينة المنورة,أنشطة المكتبات والمحفوظات والمتاحف والأنشطة الثقافية الأخرى,18,4,2,2,30,29,1,34
منطقة عسير,أنشطة إنتاج الأفلام والفيديو والبرامج التليفزيونية والتسجيلات الصوتية ونشر الموسيقى,13,3,2,1,31,31,0,34
منطقة الباحة,الصناعة التحويلية الأخرى,11,6,5,1,28,27,1,34
منطقة المدينة المنورة,صناعة المركبات ذات المحركات والمركبات المقطورة ونصف المقطورة,12,4,1,3,30,30,0,34
منطقة تبوك,أنشطة خدمات دعم التعدين,10,5,3,2,28,28,0,33
منطقة الحدود الشمالية,صُنع الورق ومنتجات الورق,4,5,2,3,28,28,0,33
منطقة نجران,الطباعة واستنساخ وسائط الأعلام المسجّلة,13,3,1,2,29,29,0,32
منطقة تبوك,تعدين الفحم والليغنيت,3,2,1,1,29,29,0,31
منطقة الحدود الشمالية,أنشطة الخدمات المالية ، فيما عدا تمويل التأمين وصناديق المعاشات,5,0,0,0,31,31,0,31
منطقة عسير,البحث والتطوير في المجال العلمي,5,27,0,27,4,4,0,31
منطقة الجوف,صنع الفلزات القاعدية,11,3,2,1,27,27,0,30
منطقة تبوك,صنع المنتجات الصيدلانية الأساسية والمستحضرات الصيدلانية,7,4,1,3,26,25,1,30
منطقة عسير,صُنع المنتجات الجلدية والمنتجات ذات الصلة,10,0,0,0,29,29,0,29
منطقة الحدود الشمالية,صنع الفلزات القاعدية,8,3,3,0,25,25,0,28
منطقة الجوف,توصيل الكهرباء والغاز والبخار وتكييف الهواء,8,2,2,0,26,26,0,28
منطقة جازان,تعدين ركازات الفلزات,8,7,5,2,21,21,0,28
منطقة المدينة المنورة,البحث والتطوير في المجال العلمي,14,12,7,5,16,15,1,28
منطقة الحدود الشمالية,الطباعة واستنساخ وسائط الأعلام المسجّلة,8,3,0,3,25,25,0,28
منطقة القصيم,الأنشطة المساعدة لأنشطة الخدمات المالية وأنشطة التأمين,5,15,9,6,12,12,0,27
منطقة الجوف,الصناعة التحويلية الأخرى,9,3,3,0,24,24,0,27
منطقة نجران,الاتصالات,12,1,1,0,26,26,0,27
منطقة الباحة,وكالات السفر ومشغّلو الجولات السياحية وخدمات الحجز والأنشطة المتصلة بها,10,4,4,0,23,23,0,27
منطقة نجران,صنع الحواسيب والمنتجات الإلكترونية والبصرية,8,3,0,3,24,24,0,27
منطقة المدينة المنورة,صُنع المنتجات الجلدية والمنتجات ذات الصلة,7,2,1,1,24,24,0,26
منطقة نجران,صنع المنتجات الصيدلانية الأساسية والمستحضرات الصيدلانية,9,1,0,1,25,25,0,26
منطقة جازان,أنشطة المكاتب الرئيسية، والأنشطة الاستشارية في مجال الإدارة,10,10,8,2,16,14,2,26
منطقة الجوف,أنشطة البرمجة الحاسوبية والخبرة الاستشارية وما يتصل بها من أنشطة,9,4,2,2,21,21,0,25
منطقة الحدود الشمالية,أنشطة البرمجة الحاسوبية والخبرة الاستشارية وما يتصل بها من أنشطة,7,5,0,5,20,20,0,25
منطقة الجوف,الأنشطة المهنية والعلمية والتقنية الأخرى,12,2,1,1,23,20,3,25
منطقة الحدود الشمالية,صنع المعدات الكهربائية,10,0,0,0,25,25,0,25
منطقة نجران,النقل المائي,8,1,1,0,24,24,0,25
منطقة جازان,أنشطة إنتاج الأفلام والفيديو والبرامج التليفزيونية والتسجيلات الصوتية ونشر الموسيقى,7,10,4,6,14,14,0,24
منطقة الحدود الشمالية,الأنشطة المهنية والعلمية والتقنية الأخرى,10,7,0,7,17,13,4,24
منطقة الباحة,الأنشطة المهنية والعلمية والتقنية الأخرى,12,1,0,1,23,23,0,24
منطقة نجران,استخراج النفط الخام والغاز الطبيعي,4,6,5,1,18,18,0,24
منطقة تبوك,أنشطة البريد ونقل الرسائل والطرود بواسطة مندوبين,8,1,0,1,23,22,1,24
منطقة القصيم,أنشطة الاسر المعيشية التي تستخدم أفراداً للعمل المنزلي,6,1,0,1,23,23,0,24
منطقة تبوك,أنشطة الخدمات المالية ، فيما عدا تمويل التأمين وصناديق المعاشات,10,7,1,6,16,16,0,23
منطقة المدينة المنورة,الأنشطة الإبداعية والفنون وأنشطة الترفيه,13,3,0,3,20,20,0,23
منطقة جازان,أنشطة المكتبات والمحفوظات والمتاحف والأنشطة الثقافية الأخرى,9,1,1,0,22,22,0,23
منطقة القصيم,أنشطة إنتاج الأفلام والفيديو والبرامج التليفزيونية والتسجيلات الصوتية ونشر الموسيقى,8,6,1,5,17,17,0,23
منطقة الباحة,الصرف الصحي,6,3,1,2,20,20,0,23
منطقة نجران,أنشطة البرمجة الحاسوبية والخبرة الاستشارية وما يتصل بها من أنشطة,10,2,0,2,21,20,1,23
منطقة القصيم,النقل المائي,6,5,0,5,18,18,0,23
منطقة الجوف,الرعاية مع الإقامة,3,19,0,19,3,1,2,22
منطقة الحدود الشمالية,صنع منتجات المطاط واللدائن,5,3,1,2,19,19,0,22
منطقة القصيم,صُنع المنتجات الجلدية والمنتجات ذات الصلة,7,1,0,1,21,21,0,22
منطقة الجوف,صناعة المركبات ذات المحركات والمركبات المقطورة ونصف المقطورة,8,3,3,0,19,19,0,22
منطقة تبوك,صنع الحواسيب والمنتجات الإلكترونية والبصرية,11,3,1,2,19,19,0,22
منطقة تبوك,صناعة الآلات والمعدات غير المصنفة في موضع أخر,9,0,0,0,22,22,0,22
منطقة عسير,أنشطة خدمات دعم التعدين,11,1,0,1,21,21,0,22
منطقة القصيم,صنع الحواسيب والمنتجات الإلكترونية والبصرية,8,2,2,0,19,18,1,21
منطقة نجران,الأنشطة المساعدة لأنشطة الخدمات المالية وأنشطة التأمين,2,16,15,1,5,5,0,21
منطقة جازان,صناعة المركبات ذات المحركات والمركبات المقطورة ونصف المقطورة,8,0,0,0,21,21,0,21
منطقة الجوف,صنع المعدات الكهربائية,9,2,2,0,19,19,0,21
منطقة الجوف,صنع فحم الكوك والمنتجات النفطية المكررة,2,3,2,1,17,17,0,20
المنطقة الشرقية,أنشطة الاسر المعيشية التي تستخدم أفراداً للعمل المنزلي,4,4,0,4,16,16,0,20
منطقة الباحة,أنشطة البرمجة الحاسوبية والخبرة الاستشارية وما يتصل بها من أنشطة,6,3,1,2,17,17,0,20
منطقة جازان,أنشطة البريد ونقل الرسائل والطرود بواسطة مندوبين,8,0,0,0,20,20,0,20
منطقة حائل,صنع الحواسيب والمنتجات الإلكترونية والبصرية,11,1,1,0,19,19,0,20
منطقة الجوف,صنع المنتجات الصيدلانية الأساسية والمستحضرات الصيدلانية,9,1,0,1,18,17,1,19
منطقة جازان,أنشطة النشر,6,7,4,3,12,12,0,19
منطقة حائل,الإدارة العامة والدفاع ؛ والضمان الاجتماعي الإلزامي,8,9,5,4,10,10,0,19
منطقة نجران,الأنشطة البيطرية,11,4,0,4,15,15,0,19
منطقة الباحة,الإدارة العامة والدفاع ؛ والضمان الاجتماعي الإلزامي,8,1,1,0,18,18,0,19
منطقة حائل,أنشطة خدمات المعلومات,4,5,2,3,13,12,1,18
منطقة القصيم,أنشطة المكتبات والمحفوظات والمتاحف والأنشطة الثقافية الأخرى,3,5,4,1,13,13,0,18
منطقة جازان,الحراجة وقطع الأخشاب,6,1,1,0,17,17,0,18
منطقة عسير,الحراجة وقطع الأخشاب,6,2,1,1,15,15,0,17
منطقة تبوك,الأنشطة المساعدة لأنشطة الخدمات المالية وأنشطة التأمين,4,11,9,2,6,6,0,17
منطقة عسير,صناعة المركبات ذات المحركات والمركبات المقطورة ونصف المقطورة,6,1,0,1,15,15,0,16
منطقة نجران,أنشطة المكتبات والمحفوظات والمتاحف والأنشطة الثقافية الأخرى,6,1,1,0,15,15,0,16
منطقة نجران,أنشطة الخدمات المالية ، فيما عدا تمويل التأمين وصناديق المعاشات,7,2,0,2,14,14,0,16
منطقة الباحة,صيد الأسماك وتربية المائيات,6,0,0,0,15,15,0,15
منطقة الجوف,صنع الحواسيب والمنتجات الإلكترونية والبصرية,5,1,0,1,14,14,0,15
منطقة الجوف,النقل الجوي,6,0,0,0,15,15,0,15
منطقة الحدود الشمالية,صُنع المنتجات الجلدية والمنتجات ذات الصلة,6,1,0,1,14,14,0,15
منطقة الحدود الشمالية,توصيل الكهرباء والغاز والبخار وتكييف الهواء,4,2,1,1,13,13,0,15
منطقة الحدود الشمالية,أنشطة المكاتب الرئيسية، والأنشطة الاستشارية في مجال الإدارة,5,0,0,0,15,14,1,15
منطقة الحدود الشمالية,أنشطة المنظمات ذات العضوية,5,6,5,1,9,9,0,15
منطقة الباحة,الاتصالات,6,7,3,4,8,8,0,15
منطقة تبوك,صناعة معدات النقل الأخرى,3,2,2,0,13,13,0,15
منطقة الباحة,أنشطة النشر,5,3,3,0,12,12,0,15
منطقة الحدود الشمالية,الحراجة وقطع الأخشاب,2,1,0,1,14,14,0,15
منطقة الجوف,أنشطة الخدمات المالية ، فيما عدا تمويل التأمين وصناديق المعاشات,9,8,6,2,6,6,0,14
منطقة نجران,صناعة المركبات ذات المحركات والمركبات المقطورة ونصف المقطورة,6,1,0,1,13,13,0,14
منطقة الجوف,الإدارة العامة والدفاع ؛ والضمان الاجتماعي الإلزامي,7,1,1,0,13,13,0,14
منطقة نجران,النقل الجوي,4,2,2,0,11,11,0,13
منطقة عسير,صناعة معدات النقل الأخرى,5,0,0,0,13,13,0,13
منطقة نجران,أنشطة المكاتب الرئيسية، والأنشطة الاستشارية في مجال الإدارة,5,0,0,0,13,13,0,13
منطقة الجوف,أنشطة المكاتب الرئيسية، والأنشطة الاستشارية في مجال الإدارة,5,3,2,1,10,9,1,13
منطقة المدينة المنورة,الحراجة وقطع الأخشاب,5,1,1,0,12,12,0,13
منطقة عسير,أنشطة خدمات المعلومات,8,2,0,2,11,10,1,13
منطقة الحدود الشمالية,الأنشطة البيطرية,7,3,1,2,10,10,0,13
منطقة جازان,صناعة معدات النقل الأخرى,3,1,0,1,12,12,0,13
منطقة حائل,صناعة المركبات ذات المحركات والمركبات المقطورة ونصف المقطورة,6,1,1,0,12,12,0,13
منطقة تبوك,أنشطة خدمات المعلومات,7,3,1,2,10,10,0,13
منطقة الباحة,صنع الفلزات القاعدية,8,0,0,0,12,12,0,12
منطقة الجوف,استخراج النفط الخام والغاز الطبيعي,6,0,0,0,12,12,0,12
منطقة مكة المكرمة,صُنع منتجات التبغ,2,7,7,0,5,5,0,12
منطقة الحدود الشمالية,صنع الحواسيب والمنتجات الإلكترونية والبصرية,4,3,1,2,9,9,0,12
منطقة الباحة,صناعة الآلات والمعدات غير المصنفة في موضع أخر,4,1,1,0,10,10,0,11
منطقة عسير,أنشطة البرمجة والإذاعة,5,0,0,0,11,11,0,11
منطقة جازان,الأنشطة المساعدة لأنشطة الخدمات المالية وأنشطة التأمين,1,3,3,0,8,8,0,11
منطقة الجوف,أنشطة خدمات المعلومات,3,2,1,1,9,9,0,11
منطقة الباحة,الأنشطة البيطرية,5,1,0,1,9,9,0,10
منطقة حائل,صُنع المنتجات الجلدية والمنتجات ذات الصلة,4,0,0,0,10,10,0,10
منطقة حائل,تعدين ركازات الفلزات,3,2,2,0,8,8,0,10
منطقة حائل,صنع فحم الكوك والمنتجات النفطية المكررة,2,2,1,1,8,8,0,10
منطقة الحدود الشمالية,صنع المنتجات الصيدلانية الأساسية والمستحضرات الصيدلانية,3,1,0,1,9,9,0,10
منطقة الحدود الشمالية,أنشطة إنتاج الأفلام والفيديو والبرامج التليفزيونية والتسجيلات الصوتية ونشر الموسيقى,3,3,0,3,7,7,0,10
منطقة القصيم,تعدين الفحم والليغنيت,3,2,1,1,8,8,0,10
منطقة جازان,أنشطة خدمات المعلومات,5,1,0,1,9,9,0,10
منطقة القصيم,الأنشطة الإبداعية والفنون وأنشطة الترفيه,4,2,0,2,8,8,0,10
منطقة نجران,الرعاية مع الإقامة,1,10,0,10,0,0,0,10
منطقة المدينة المنورة,تعدين ركازات الفلزات,5,0,0,0,9,9,0,9
منطقة جازان,البحث والتطوير في المجال العلمي,1,8,5,3,1,1,0,9
منطقة جازان,أنشطة خدمات دعم التعدين,4,1,0,1,8,8,0,9
منطقة الحدود الشمالية,صناعة الآلات والمعدات غير المصنفة في موضع أخر,3,1,0,1,8,8,0,9
منطقة تبوك,الأنشطة الإبداعية والفنون وأنشطة الترفيه,4,0,0,0,8,8,0,8
منطقة الباحة,أنشطة الأمن والتحقيقات,1,8,5,3,0,0,0,8
منطقة المدينة المنورة,أنشطة البرمجة والإذاعة,4,2,1,1,6,6,0,8
منطقة الباحة,صنع الحواسيب والمنتجات الإلكترونية والبصرية,4,1,1,0,7,7,0,8
منطقة تبوك,الحراجة وقطع الأخشاب,2,0,0,0,8,8,0,8
منطقة القصيم,أنشطة المنظمات والهيئات غير الخاضعة للولاية القضائية الوطنية,1,0,0,0,8,8,0,8
منطقة نجران,صناعة معدات النقل الأخرى,3,0,0,0,8,8,0,8
منطقة عسير,الأنشطة المساعدة لأنشطة الخدمات المالية وأنشطة التأمين,4,1,1,0,7,7,0,8
منطقة الحدود الشمالية,الصناعة التحويلية الأخرى,3,0,0,0,7,7,0,7
منطقة حائل,صناعة معدات النقل الأخرى,2,0,0,0,7,7,0,7
منطقة تبوك,أنشطة المكتبات والمحفوظات والمتاحف والأنشطة الثقافية الأخرى,4,1,1,0,6,6,0,7
منطقة الجوف,أنشطة خدمات دعم التعدين,4,1,0,1,6,6,0,7
منطقة الباحة,صنع منتجات المطاط واللدائن,3,0,0,0,7,7,0,7
منطقة تبوك,البحث والتطوير في المجال العلمي,2,2,0,2,5,5,0,7
منطقة عسير,تعدين الفحم والليغنيت,2,1,0,1,6,6,0,7
منطقة حائل,تعدين الفحم والليغنيت,2,0,0,0,7,7,0,7
منطقة تبوك,تعدين ركازات الفلزات,2,0,0,0,7,7,0,7
منطقة الجوف,الأنشطة البيطرية,2,1,1,0,6,6,0,7
منطقة نجران,صُنع المنتجات الجلدية والمنتجات ذات الصلة,3,0,0,0,6,6,0,6
منطقة تبوك,أنشطة المكاتب الرئيسية، والأنشطة الاستشارية في مجال الإدارة,3,3,2,1,3,3,0,6
منطقة الجوف,أنشطة النشر,4,0,0,0,6,6,0,6
منطقة الباحة,صنع المنتجات الصيدلانية الأساسية والمستحضرات الصيدلانية,2,1,1,0,5,5,0,6
منطقة حائل,الحراجة وقطع الأخشاب,2,1,1,0,5,5,0,6
منطقة الرياض,أنشطة الاسر المعيشية التي تستخدم أفراداً للعمل المنزلي,6,1,1,0,5,5,0,6
منطقة الحدود الشمالية,أنشطة البريد ونقل الرسائل والطرود بواسطة مندوبين,2,0,0,0,6,6,0,6
منطقة حائل,أنشطة خدمات دعم التعدين,4,1,0,1,5,5,0,6
منطقة الباحة,أنشطة المكاتب الرئيسية، والأنشطة الاستشارية في مجال الإدارة,2,1,0,1,5,4,1,6
منطقة نجران,تعدين الفحم والليغنيت,2,1,1,0,4,4,0,5
منطقة الجوف,تعدين ركازات الفلزات,2,0,0,0,5,5,0,5
منطقة حائل,أنشطة المكتبات والمحفوظات والمتاحف والأنشطة الثقافية الأخرى,5,1,1,0,4,4,0,5
منطقة الباحة,أنشطة المكتبات والمحفوظات والمتاحف والأنشطة الثقافية الأخرى,3,1,0,1,4,4,0,5
منطقة المدينة المنورة,تمويل التأمين وإعادة التأمين وصناديق المعاشات التقاعدية باستثناء الضمان الاجتماعي الإلزامي,2,1,1,0,4,3,1,5
منطقة الحدود الشمالية,تعدين ركازات الفلزات,3,1,1,0,4,4,0,5
منطقة الحدود الشمالية,صيد الأسماك وتربية المائيات,2,0,0,0,5,5,0,5
منطقة حائل,النقل المائي,2,0,0,0,5,5,0,5
منطقة نجران,الأنشطة الإبداعية والفنون وأنشطة الترفيه,2,0,0,0,5,5,0,5
منطقة الجوف,الأنشطة الإبداعية والفنون وأنشطة الترفيه,1,1,0,1,4,4,0,5
منطقة الجوف,صُنع المنتجات الجلدية والمنتجات ذات الصلة,2,0,0,0,5,5,0,5
منطقة الباحة,صنع المعدات الكهربائية,3,0,0,0,5,5,0,5
منطقة القصيم,صناعة معدات النقل الأخرى,2,0,0,0,5,5,0,5
منطقة حائل,الأنشطة الإبداعية والفنون وأنشطة الترفيه,1,0,0,0,4,4,0,4
منطقة نجران,الحراجة وقطع الأخشاب,2,0,0,0,4,4,0,4
منطقة جازان,أنشطة البرمجة والإذاعة,1,1,1,0,3,3,0,4
منطقة جازان,الأنشطة الإبداعية والفنون وأنشطة الترفيه,4,0,0,0,4,2,2,4
منطقة نجران,أنشطة إنتاج الأفلام والفيديو والبرامج التليفزيونية والتسجيلات الصوتية ونشر الموسيقى,2,0,0,0,4,4,0,4
منطقة القصيم,البحث والتطوير في المجال العلمي,3,1,1,0,3,3,0,4
منطقة نجران,أنشطة البرمجة والإذاعة,1,1,1,0,3,3,0,4
منطقة الحدود الشمالية,الأنشطة الإبداعية والفنون وأنشطة الترفيه,1,0,0,0,4,4,0,4
منطقة نجران,أنشطة خدمات دعم التعدين,2,0,0,0,4,4,0,4
منطقة الحدود الشمالية,أنشطة المكتبات والمحفوظات والمتاحف والأنشطة الثقافية الأخرى,2,0,0,0,4,4,0,4
منطقة عسير,أنشطة المعالجة وخدمات إدارة النفايات الأخرى,1,0,0,0,4,4,0,4
منطقة الجوف,صيد الأسماك وتربية المائيات,3,1,1,0,3,3,0,4
منطقة الحدود الشمالية,أنشطة المعالجة وخدمات إدارة النفايات الأخرى,1,0,0,0,4,4,0,4
منطقة نجران,تمويل التأمين وإعادة التأمين وصناديق المعاشات التقاعدية باستثناء الضمان الاجتماعي الإلزامي,1,0,0,0,4,4,0,4
منطقة الحدود الشمالية,الإدارة العامة والدفاع ؛ والضمان الاجتماعي الإلزامي,1,1,1,0,3,3,0,4
منطقة الباحة,أنشطة خدمات دعم التعدين,3,0,0,0,4,4,0,4
منطقة القصيم,أنشطة البرمجة والإذاعة,1,0,0,0,3,3,0,3
منطقة الجوف,أنشطة إنتاج الأفلام والفيديو والبرامج التليفزيونية والتسجيلات الصوتية ونشر الموسيقى,2,0,0,0,3,3,0,3
منطقة الجوف,أنشطة البريد ونقل الرسائل والطرود بواسطة مندوبين,1,0,0,0,3,3,0,3
منطقة عسير,استخراج النفط الخام والغاز الطبيعي,3,0,0,0,3,3,0,3
منطقة حائل,الأنشطة المساعدة لأنشطة الخدمات المالية وأنشطة التأمين,1,2,2,0,1,1,0,3
منطقة المدينة المنورة,أنشطة الاسر المعيشية التي تستخدم أفراداً للعمل المنزلي,1,0,0,0,3,3,0,3
منطقة الباحة,أنشطة الخدمات المالية ، فيما عدا تمويل التأمين وصناديق المعاشات,2,0,0,0,3,3,0,3
منطقة الباحة,تعدين ركازات الفلزات,3,0,0,0,3,3,0,3
منطقة جازان,تعدين الفحم والليغنيت,1,0,0,0,3,3,0,3
منطقة حائل,أنشطة الاسر المعيشية التي تستخدم أفراداً للعمل المنزلي,2,0,0,0,2,2,0,2
منطقة مكة المكرمة,أنشطة الاسر المعيشية التي تستخدم أفراداً للعمل المنزلي,2,0,0,0,2,2,0,2
منطقة جازان,أنشطة الاسر المعيشية التي تستخدم أفراداً للعمل المنزلي,1,1,0,1,1,0,1,2
منطقة تبوك,صُنع المنتجات الجلدية والمنتجات ذات الصلة,1,0,0,0,2,2,0,2
منطقة تبوك,تمويل التأمين وإعادة التأمين وصناديق المعاشات التقاعدية باستثناء الضمان الاجتماعي الإلزامي,1,0,0,0,2,2,0,2
منطقة الحدود الشمالية,صناعة المركبات ذات المحركات والمركبات المقطورة ونصف المقطورة,1,0,0,0,2,2,0,2
منطقة الباحة,أنشطة البريد ونقل الرسائل والطرود بواسطة مندوبين,2,1,1,0,1,1,0,2
منطقة المدينة المنورة,تعدين الفحم والليغنيت,1,0,0,0,2,2,0,2
منطقة المدينة المنورة,أنشطة المعالجة وخدمات إدارة النفايات الأخرى,1,0,0,0,2,2,0,2
منطقة الحدود الشمالية,أنشطة خدمات المعلومات,1,1,1,0,0,0,0,1
منطقة الحدود الشمالية,أنشطة النشر,1,0,0,0,1,1,0,1
منطقة نجران,أنشطة الاسر المعيشية التي تستخدم أفراداً للعمل المنزلي,1,0,0,0,1,1,0,1
منطقة الحدود الشمالية,أنشطة خدمات دعم التعدين,1,0,0,0,1,1,0,1
منطقة الباحة,الأنشطة الإبداعية والفنون وأنشطة الترفيه,1,0,0,0,1,1,0,1
منطقة الحدود الشمالية,البحث والتطوير في المجال العلمي,1,1,1,0,0,0,0,1
منطقة الباحة,البحث والتطوير في المجال العلمي,1,0,0,0,1,1,0,1
منطقة جازان,أنشطة المعالجة وخدمات إدارة النفايات الأخرى,1,0,0,0,1,1,0,1
منطقة تبوك,أنشطة البرمجة والإذاعة,1,0,0,0,1,1,0,1
منطقة الباحة,أنشطة إنتاج الأفلام والفيديو والبرامج التليفزيونية والتسجيلات الصوتية ونشر الموسيقى,1,0,0,0,1,1,0,1
منطقة نجران,أنشطة المعالجة وخدمات إدارة النفايات الأخرى,1,0,0,0,1,1,0,1
منطقة الجوف,صناعة معدات النقل الأخرى,1,0,0,0,1,1,0,1
منطقة الباحة,صناعة معدات النقل الأخرى,1,0,0,0,1,1,0,1
