Q,region,Economic_Activity,Number_Of_Establishments,Number_Of_Saudis,Number_Of_Male_Saudis,Number_Of_Female_Saudis,Number_Of_Nonsaudis,Number_Of_Male_Nonaudis,Number_Of_Female_Nonaudis,total_employees,Qseries
4,منطقة الرياض,تشييد المباني,33068,61355,30312,31043,463444,459651,3793,524799,2022-10
3,منطقة الرياض,تشييد المباني,32675,58569,29711,28858,459143,455699,3444,517712,2022-7
2,منطقة الرياض,تشييد المباني,31482,55691,28613,27078,436074,432870,3204,491765,2022-4
1,منطقة الرياض,تشييد المباني,30500,52803,27134,25669,382024,379017,3007,434827,2022-1
2,منطقة الرياض,تجارة التجزئة، باستثناء المركبات ذات المحركات والدراجات النارية,38280,100818,51303,49515,255283,251950,3333,356101,2022-4
1,منطقة الرياض,تجارة التجزئة، باستثناء المركبات ذات المحركات والدراجات النارية,35339,100631,51942,48689,247869,244539,3330,348500,2022-1
4,المنطقة الشرقية,تشييد المباني,18624,52213,32301,19912,288089,286879,1210,340302,2022-10
3,المنطقة الشرقية,تشييد المباني,18169,50113,31884,18229,280734,279517,1217,330847,2022-7
3,منطقة الرياض,تجارة التجزئة، باستثناء المركبات ذات المحركات والدراجات النارية,40937,95677,47242,48435,234685,231531,3154,330362,2022-7
4,منطقة الرياض,تجارة التجزئة، باستثناء المركبات ذات المحركات والدراجات النارية,41567,95766,46519,49247,233371,230090,3281,329137,2022-10
2,المنطقة الشرقية,تشييد المباني,17655,48049,31729,16320,276334,274862,1472,324383,2022-4
1,المنطقة الشرقية,تشييد المباني,16878,47641,32121,15520,261300,259773,1527,308941,2022-1
2,منطقة مكة المكرمة,تشييد المباني,26803,34596,20970,13626,246379,244483,1896,280975,2022-4
4,منطقة مكة المكرمة,تشييد المباني,28152,35404,20915,14489,245415,243400,2015,280819,2022-10
2,منطقة الرياض,أنشطة تقديم الخدمات للمباني وتجميل المواقع,5797,49580,28416,21164,230679,218268,12411,280259,2022-4
4,منطقة الرياض,أنشطة تقديم الخدمات للمباني وتجميل المواقع,5649,53936,30011,23925,224322,210982,13340,278258,2022-10
1,منطقة مكة المكرمة,تشييد المباني,25954,34266,20953,13313,242356,240417,1939,276622,2022-1
4,منطقة الرياض,أنشطة التشييد المتخصصة,16007,51715,32789,18926,222402,219938,2464,274117,2022-10
3,منطقة مكة المكرمة,تشييد المباني,27474,34525,20672,13853,237851,235902,1949,272376,2022-7
3,منطقة الرياض,أنشطة تقديم الخدمات للمباني وتجميل المواقع,5700,51488,29493,21995,220727,207908,12819,272215,2022-7
2,منطقة الرياض,أنشطة التشييد المتخصصة,14974,52238,33944,18294,218234,215504,2730,270472,2022-4
1,منطقة الرياض,أنشطة تقديم الخدمات للمباني وتجميل المواقع,5715,47348,27343,20005,221589,209537,12052,268937,2022-1
3,منطقة الرياض,أنشطة التشييد المتخصصة,15484,49700,31921,17779,214728,212523,2205,264428,2022-7
1,منطقة الرياض,أنشطة التشييد المتخصصة,13670,51845,33985,17860,200595,197959,2636,252440,2022-1
4,منطقة الرياض,صيد الأسماك وتربية المائيات,84132,9829,4749,5080,234108,232790,1318,243937,2022-10
2,منطقة مكة المكرمة,تجارة التجزئة، باستثناء المركبات ذات المحركات والدراجات النارية,35758,62199,31286,30913,166715,163855,2860,228914,2022-4
1,منطقة مكة المكرمة,تجارة التجزئة، باستثناء المركبات ذات المحركات والدراجات النارية,33243,61876,31414,30462,164901,162090,2811,226777,2022-1
4,منطقة مكة المكرمة,تجارة التجزئة، باستثناء المركبات ذات المحركات والدراجات النارية,40284,58170,28417,29753,161926,159297,2629,220096,2022-10
3,منطقة مكة المكرمة,تجارة التجزئة، باستثناء المركبات ذات المحركات والدراجات النارية,39494,58922,29303,29619,159723,157209,2514,218645,2022-7
4,منطقة الرياض,أنشطة الاستخدام,1014,15812,5020,10792,195415,113840,81575,211227,2022-10
1,منطقة الرياض,تجارة الجملة ، باستثناء المركبات ذات المحركات والدراجات النارية,21352,62015,34895,27120,146925,144975,1950,208940,2022-1
2,منطقة الرياض,تجارة الجملة ، باستثناء المركبات ذات المحركات والدراجات النارية,22155,61488,34349,27139,146966,145024,1942,208454,2022-4
3,منطقة الرياض,أنشطة الاستخدام,1008,14715,4730,9985,193383,112073,81310,208098,2022-7
2,منطقة الرياض,أنشطة الاستخدام,976,10545,4355,6190,191612,113997,77615,202157,2022-4
2,منطقة الرياض,الهندسة المدنية,2118,32470,22356,10114,169308,168369,939,201778,2022-4
4,منطقة الرياض,أنشطة خدمات الأطعمة والمشروبات,19076,47267,23856,23411,154180,152152,2028,201447,2022-10
4,منطقة الرياض,الهندسة المدنية,2278,35806,23387,12419,164555,163953,602,200361,2022-10
3,منطقة الرياض,أنشطة خدمات الأطعمة والمشروبات,18797,45919,23186,22733,148681,146902,1779,194600,2022-7
3,منطقة الرياض,الهندسة المدنية,2237,33523,22738,10785,160914,160412,502,194437,2022-7
2,منطقة الرياض,أنشطة خدمات الأطعمة والمشروبات,17677,43400,22315,21085,149385,147861,1524,192785,2022-4
1,منطقة الرياض,الهندسة المدنية,1970,31911,22345,9566,159237,158282,955,191148,2022-1
3,منطقة الرياض,تجارة الجملة ، باستثناء المركبات ذات المحركات والدراجات النارية,23218,58070,32261,25809,130568,128851,1717,188638,2022-7
4,منطقة الرياض,تجارة الجملة ، باستثناء المركبات ذات المحركات والدراجات النارية,23141,58386,31909,26477,129706,127909,1797,188092,2022-10
1,منطقة الرياض,أنشطة الاستخدام,952,10306,4236,6070,175704,103947,71757,186010,2022-1
1,منطقة الرياض,أنشطة خدمات الأطعمة والمشروبات,16205,40972,21743,19229,140376,138831,1545,181348,2022-1
1,منطقة مكة المكرمة,تجارة الجملة ، باستثناء المركبات ذات المحركات والدراجات النارية,18868,46469,26016,20453,127157,125404,1753,173626,2022-1
2,منطقة مكة المكرمة,تجارة الجملة ، باستثناء المركبات ذات المحركات والدراجات النارية,19600,46535,25623,20912,125690,123991,1699,172225,2022-4
4,المنطقة الشرقية,الهندسة المدنية,1250,31715,25164,6551,132017,131829,188,163732,2022-10
1,منطقة الرياض,الأنشطة الإيجارية,56339,7937,5072,2865,155417,154726,691,163354,2022-1
2,منطقة الرياض,الأنشطة الإيجارية,55497,8558,5399,3159,153767,153102,665,162325,2022-4
2,المنطقة الشرقية,أنشطة التشييد المتخصصة,8145,26755,19115,7640,133208,133006,202,159963,2022-4
3,المنطقة الشرقية,الهندسة المدنية,1210,31206,24999,6207,127186,127053,133,158392,2022-7
2,المنطقة الشرقية,الهندسة المدنية,1145,30295,24225,6070,126977,126832,145,157272,2022-4
4,المنطقة الشرقية,أنشطة التشييد المتخصصة,9344,28651,20339,8312,128050,127719,331,156701,2022-10
3,منطقة مكة المكرمة,تجارة الجملة ، باستثناء المركبات ذات المحركات والدراجات النارية,20496,43551,23895,19656,111103,109500,1603,154654,2022-7
4,منطقة مكة المكرمة,تجارة الجملة ، باستثناء المركبات ذات المحركات والدراجات النارية,20577,43743,23790,19953,110857,109206,1651,154600,2022-10
4,منطقة مكة المكرمة,أنشطة خدمات الأطعمة والمشروبات,22281,31525,16702,14823,120549,118974,1575,152074,2022-10
3,منطقة الرياض,الأنشطة الإيجارية,52666,8185,5022,3163,143403,142771,632,151588,2022-7
2,منطقة الرياض,الصحة البشرية,1883,65208,32596,32612,85622,48617,37005,150830,2022-4
1,المنطقة الشرقية,أنشطة التشييد المتخصصة,7269,25766,18608,7158,124257,124061,196,150023,2022-1
3,المنطقة الشرقية,أنشطة التشييد المتخصصة,8856,27066,19302,7764,122805,122519,286,149871,2022-7
3,منطقة مكة المكرمة,أنشطة خدمات الأطعمة والمشروبات,21684,31372,16859,14513,118205,116764,1441,149577,2022-7
4,منطقة الرياض,الأنشطة الإيجارية,51504,7549,4733,2816,141732,141095,637,149281,2022-10
1,المنطقة الشرقية,الهندسة المدنية,1059,29050,23573,5477,119490,119354,136,148540,2022-1
2,منطقة الرياض,الإدارة العامة والدفاع ؛ والضمان الاجتماعي الإلزامي,703,134538,111008,23530,13152,10163,2989,147690,2022-4
2,منطقة مكة المكرمة,أنشطة خدمات الأطعمة والمشروبات,19524,29450,16037,13413,113381,112037,1344,142831,2022-4
1,منطقة الرياض,الإدارة العامة والدفاع ؛ والضمان الاجتماعي الإلزامي,705,127587,105166,22421,12730,9902,2828,140317,2022-1
1,منطقة مكة المكرمة,أنشطة خدمات الأطعمة والمشروبات,17788,28023,15498,12525,106110,104875,1235,134133,2022-1
1,منطقة الرياض,الصحة البشرية,1777,63607,31993,31614,68204,32129,36075,131811,2022-1
4,منطقة الرياض,النقل البري و النقل عبر الأنابيب,14963,28068,20144,7924,102383,102117,266,130451,2022-10
3,منطقة الرياض,النقل البري و النقل عبر الأنابيب,14884,27743,19753,7990,100266,99996,270,128009,2022-7
4,المنطقة الشرقية,تجارة التجزئة، باستثناء المركبات ذات المحركات والدراجات النارية,21184,34706,17505,17201,89337,88124,1213,124043,2022-10
3,المنطقة الشرقية,تجارة التجزئة، باستثناء المركبات ذات المحركات والدراجات النارية,20795,34361,17711,16650,88006,86808,1198,122367,2022-7
2,المنطقة الشرقية,تجارة التجزئة، باستثناء المركبات ذات المحركات والدراجات النارية,18600,33410,17210,16200,88426,86986,1440,121836,2022-4
1,المنطقة الشرقية,تجارة التجزئة، باستثناء المركبات ذات المحركات والدراجات النارية,16652,33687,17906,15781,87190,85527,1663,120877,2022-1
3,منطقة الرياض,صيد الأسماك وتربية المائيات,43531,5004,2451,2553,113299,112689,610,118303,2022-7
4,منطقة الرياض,الصحة البشرية,1934,27983,9427,18556,90206,62066,28140,118189,2022-10
2,منطقة الرياض,النقل البري و النقل عبر الأنابيب,14759,23960,16630,7330,90479,90208,271,114439,2022-4
4,المنطقة الشرقية,أنشطة تقديم الخدمات للمباني وتجميل المواقع,1944,20051,13753,6298,93209,91474,1735,113260,2022-10
3,المنطقة الشرقية,أنشطة تقديم الخدمات للمباني وتجميل المواقع,1963,19972,13780,6192,91651,90160,1491,111623,2022-7
4,منطقة مكة المكرمة,أنشطة التشييد المتخصصة,13610,17404,10070,7334,94173,93501,672,111577,2022-10
3,منطقة الرياض,الصحة البشرية,1921,27223,9125,18098,83197,55559,27638,110420,2022-7
3,منطقة مكة المكرمة,أنشطة التشييد المتخصصة,13041,16891,10115,6776,91095,90497,598,107986,2022-7
1,منطقة الرياض,النقل البري و النقل عبر الأنابيب,14045,22677,16012,6665,83848,83595,253,106525,2022-1
2,منطقة مكة المكرمة,أنشطة التشييد المتخصصة,12230,16196,9759,6437,87566,86972,594,103762,2022-4
4,المنطقة الشرقية,أنشطة خدمات الأطعمة والمشروبات,13472,21136,10263,10873,80128,79758,370,101264,2022-10
3,المنطقة الشرقية,أنشطة خدمات الأطعمة والمشروبات,13158,20865,10476,10389,78596,78269,327,99461,2022-7
4,منطقة مكة المكرمة,أنشطة تقديم الخدمات للمباني وتجميل المواقع,3976,19396,11220,8176,79541,77081,2460,98937,2022-10
1,منطقة مكة المكرمة,أنشطة التشييد المتخصصة,11267,15435,9298,6137,82851,82280,571,98286,2022-1
2,المنطقة الشرقية,أنشطة خدمات الأطعمة والمشروبات,11986,20890,10770,10120,76050,75736,314,96940,2022-4
3,منطقة مكة المكرمة,أنشطة تقديم الخدمات للمباني وتجميل المواقع,3949,18437,10928,7509,77935,75675,2260,96372,2022-7
1,المنطقة الشرقية,أنشطة خدمات الأطعمة والمشروبات,10764,19687,10336,9351,70377,70109,268,90064,2022-1
4,منطقة الرياض,تجارة الجملة والتجزئة ، وإصلاح المركبات ذات المحركات والدراجات النارية,17393,15553,8941,6612,73079,72823,256,88632,2022-10
3,منطقة الرياض,تجارة الجملة والتجزئة ، وإصلاح المركبات ذات المحركات والدراجات النارية,17357,15620,8982,6638,72302,72056,246,87922,2022-7
2,منطقة الرياض,تجارة الجملة والتجزئة ، وإصلاح المركبات ذات المحركات والدراجات النارية,16320,14823,8351,6472,72397,72123,274,87220,2022-4
2,منطقة مكة المكرمة,أنشطة تقديم الخدمات للمباني وتجميل المواقع,3978,16458,9850,6608,69973,68145,1828,86431,2022-4
4,منطقة الرياض,صنع منتجات المعادن اللافلزية الأخرى,3572,11949,6940,5009,71989,71769,220,83938,2022-10
2,المنطقة الشرقية,أنشطة تقديم الخدمات للمباني وتجميل المواقع,2010,18535,12582,5953,65399,63994,1405,83934,2022-4
3,منطقة الرياض,صنع منتجات المعادن اللافلزية الأخرى,3404,11740,6934,4806,71184,71023,161,82924,2022-7
1,منطقة الرياض,تجارة الجملة والتجزئة ، وإصلاح المركبات ذات المحركات والدراجات النارية,15245,14093,7943,6150,68401,68116,285,82494,2022-1
1,المنطقة الشرقية,تجارة الجملة ، باستثناء المركبات ذات المحركات والدراجات النارية,8051,23953,14958,8995,58378,57983,395,82331,2022-1
1,منطقة مكة المكرمة,أنشطة تقديم الخدمات للمباني وتجميل المواقع,3913,16091,9820,6271,66231,64557,1674,82322,2022-1
1,المنطقة الشرقية,أنشطة تقديم الخدمات للمباني وتجميل المواقع,1981,18204,12668,5536,63083,61951,1132,81287,2022-1
2,منطقة الرياض,التعليم,5648,42876,17620,25256,38361,33138,5223,81237,2022-4
2,المنطقة الشرقية,تجارة الجملة ، باستثناء المركبات ذات المحركات والدراجات النارية,8470,23877,14763,9114,57182,56794,388,81059,2022-4
1,منطقة الرياض,التعليم,5289,43077,17553,25524,37814,32511,5303,80891,2022-1
2,منطقة القصيم,تشييد المباني,11776,5365,3214,2151,70756,70556,200,76121,2022-4
2,منطقة مكة المكرمة,الصحة البشرية,1346,34316,16145,18171,41248,20026,21222,75564,2022-4
4,منطقة الرياض,التعليم,6610,37363,13677,23686,37774,33404,4370,75137,2022-10
4,المنطقة الشرقية,استخراج النفط الخام والغاز الطبيعي,61,66949,63050,3899,8120,7498,622,75069,2022-10
1,منطقة مكة المكرمة,الصحة البشرية,1307,34040,16124,17916,40811,19855,20956,74851,2022-1
3,المنطقة الشرقية,استخراج النفط الخام والغاز الطبيعي,63,66838,63067,3771,7926,7335,591,74764,2022-7
4,منطقة القصيم,تشييد المباني,11244,4847,2886,1961,69482,69257,225,74329,2022-10
1,المنطقة الشرقية,استخراج النفط الخام والغاز الطبيعي,59,65276,62095,3181,8266,7633,633,73542,2022-1
3,منطقة القصيم,تشييد المباني,11269,4937,2918,2019,68319,68123,196,73256,2022-7
4,المنطقة الشرقية,تجارة الجملة ، باستثناء المركبات ذات المحركات والدراجات النارية,9214,22746,13712,9034,50451,50181,270,73197,2022-10
2,المنطقة الشرقية,استخراج النفط الخام والغاز الطبيعي,58,65136,61723,3413,7885,7264,621,73021,2022-4
3,منطقة الرياض,التعليم,6643,36196,13467,22729,36783,32673,4110,72979,2022-7
3,المنطقة الشرقية,تجارة الجملة ، باستثناء المركبات ذات المحركات والدراجات النارية,9227,22344,13641,8703,50543,50274,269,72887,2022-7
4,المنطقة الشرقية,النقل البري و النقل عبر الأنابيب,3095,17325,12461,4864,54405,54357,48,71730,2022-10
2,منطقة الرياض,صنع منتجات المعادن اللافلزية الأخرى,3124,10880,6703,4177,59009,58861,148,69889,2022-4
3,المنطقة الشرقية,النقل البري و النقل عبر الأنابيب,3040,16585,12094,4491,53013,52966,47,69598,2022-7
1,منطقة القصيم,تشييد المباني,11549,5273,3277,1996,63329,63113,216,68602,2022-1
2,المنطقة الشرقية,النقل البري و النقل عبر الأنابيب,3143,16150,11924,4226,51077,51030,47,67227,2022-4
4,منطقة مكة المكرمة,تجارة الجملة والتجزئة ، وإصلاح المركبات ذات المحركات والدراجات النارية,13202,13181,9486,3695,53196,52970,226,66377,2022-10
2,منطقة مكة المكرمة,تجارة الجملة والتجزئة ، وإصلاح المركبات ذات المحركات والدراجات النارية,11807,13034,9436,3598,52663,52412,251,65697,2022-4
3,منطقة مكة المكرمة,تجارة الجملة والتجزئة ، وإصلاح المركبات ذات المحركات والدراجات النارية,12862,13065,9386,3679,52371,52148,223,65436,2022-7
2,منطقة الرياض,أنشطة زراعة المحاصيل والإنتاج الحيواني والصيد والخدمات المتصلة,7206,9680,8044,1636,54926,54802,124,64606,2022-4
1,المنطقة الشرقية,النقل البري و النقل عبر الأنابيب,2991,15408,11453,3955,48671,48614,57,64079,2022-1
2,منطقة مكة المكرمة,الهندسة المدنية,1034,11044,7945,3099,52555,52241,314,63599,2022-4
1,منطقة مكة المكرمة,تجارة الجملة والتجزئة ، وإصلاح المركبات ذات المحركات والدراجات النارية,10944,12659,9243,3416,50907,50661,246,63566,2022-1
1,منطقة الرياض,أنشطة زراعة المحاصيل والإنتاج الحيواني والصيد والخدمات المتصلة,7482,9603,8043,1560,53757,53636,121,63360,2022-1
4,منطقة الرياض,صُنع المنتجات الغذائية,2671,13720,8276,5444,49524,49287,237,63244,2022-10
3,منطقة الرياض,صُنع المنتجات الغذائية,2579,13366,8254,5112,48986,48771,215,62352,2022-7
2,المنطقة الشرقية,الصحة البشرية,693,30548,12598,17950,31172,15493,15679,61720,2022-4
4,منطقة مكة المكرمة,الهندسة المدنية,1162,10785,7453,3332,49898,49768,130,60683,2022-10
1,منطقة مكة المكرمة,الهندسة المدنية,964,10474,7862,2612,49968,49650,318,60442,2022-1
3,منطقة مكة المكرمة,الهندسة المدنية,1125,10629,7427,3202,49811,49683,128,60440,2022-7
4,منطقة المدينة المنورة,تشييد المباني,7513,6848,3691,3157,53585,52930,655,60433,2022-10
1,منطقة الرياض,إصلاح أجهزة الحاسوب والسلع الشخصية والمنزلية,2397,1505,941,564,58872,58721,151,60377,2022-1
3,منطقة المدينة المنورة,تشييد المباني,7255,6472,3633,2839,53033,52378,655,59505,2022-7
1,المنطقة الشرقية,الصحة البشرية,653,29527,12380,17147,29840,14639,15201,59367,2022-1
2,منطقة الرياض,إصلاح أجهزة الحاسوب والسلع الشخصية والمنزلية,2521,1455,899,556,55642,55480,162,57097,2022-4
4,منطقة مكة المكرمة,النقل البري و النقل عبر الأنابيب,4884,10599,6442,4157,42389,42149,240,52988,2022-10
3,منطقة مكة المكرمة,الصحة البشرية,1376,18793,5943,12850,34137,17169,16968,52930,2022-7
4,منطقة مكة المكرمة,الصحة البشرية,1382,18872,5764,13108,34053,16965,17088,52925,2022-10
4,المنطقة الشرقية,أنشطة الاستخدام,375,1148,715,433,51225,38716,12509,52373,2022-10
3,منطقة مكة المكرمة,النقل البري و النقل عبر الأنابيب,4839,10041,6205,3836,41079,40850,229,51120,2022-7
3,المنطقة الشرقية,أنشطة الاستخدام,379,1145,722,423,48508,37073,11435,49653,2022-7
2,منطقة المدينة المنورة,تشييد المباني,7071,7399,4399,3000,41926,41324,602,49325,2022-4
4,المنطقة الشرقية,تجارة الجملة والتجزئة ، وإصلاح المركبات ذات المحركات والدراجات النارية,9247,9512,6580,2932,39358,39309,49,48870,2022-10
1,منطقة الرياض,صنع منتجات المعادن اللافلزية الأخرى,2514,9819,6388,3431,38433,38355,78,48252,2022-1
3,منطقة الرياض,إصلاح أجهزة الحاسوب والسلع الشخصية والمنزلية,2486,1138,548,590,47053,46883,170,48191,2022-7
2,المنطقة الشرقية,تجارة الجملة والتجزئة ، وإصلاح المركبات ذات المحركات والدراجات النارية,8282,9806,6888,2918,38188,38136,52,47994,2022-4
1,منطقة عسير,تشييد المباني,9291,5980,3930,2050,41835,41638,197,47815,2022-1
3,المنطقة الشرقية,تجارة الجملة والتجزئة ، وإصلاح المركبات ذات المحركات والدراجات النارية,9059,9400,6509,2891,38148,38108,40,47548,2022-7
4,منطقة الرياض,أنشطة زراعة المحاصيل والإنتاج الحيواني والصيد والخدمات المتصلة,8307,4558,2965,1593,42451,42325,126,47009,2022-10
1,منطقة المدينة المنورة,تشييد المباني,6715,6324,3897,2427,40499,39877,622,46823,2022-1
2,منطقة عسير,تشييد المباني,9527,5374,3477,1897,41217,41070,147,46591,2022-4
3,منطقة الرياض,أنشطة زراعة المحاصيل والإنتاج الحيواني والصيد والخدمات المتصلة,8520,4383,2998,1385,41719,41603,116,46102,2022-7
2,منطقة الرياض,صُنع المنتجات الغذائية,2380,11055,6506,4549,34694,34506,188,45749,2022-4
4,منطقة الرياض,صنع منتجات المعادن المشكلة ( باستثناء الآلات والمعدات ),3800,9321,4871,4450,36189,36081,108,45510,2022-10
2,المنطقة الشرقية,أنشطة الاستخدام,372,1175,775,400,44001,33461,10540,45176,2022-4
4,منطقة الرياض,أنشطة جمع النفايات ومعالجتها وتصريفها ، واسترجاع المواد,187,7297,4381,2916,37837,36267,1570,45134,2022-10
1,المنطقة الشرقية,تجارة الجملة والتجزئة ، وإصلاح المركبات ذات المحركات والدراجات النارية,7552,9349,6724,2625,35733,35681,52,45082,2022-1
2,منطقة الرياض,صيد الأسماك وتربية المائيات,18472,2673,1329,1344,42351,42125,226,45024,2022-4
4,منطقة الرياض,أنشطة الخدمات الشخصية الأخرى,11888,7285,2152,5133,37705,30086,7619,44990,2022-10
4,منطقة المدينة المنورة,تجارة التجزئة، باستثناء المركبات ذات المحركات والدراجات النارية,11710,9340,5251,4089,35169,34864,305,44509,2022-10
2,منطقة مكة المكرمة,النقل البري و النقل عبر الأنابيب,4689,8200,4905,3295,36134,35916,218,44334,2022-4
3,منطقة الرياض,صنع منتجات المعادن المشكلة ( باستثناء الآلات والمعدات ),3760,8783,4622,4161,35096,34992,104,43879,2022-7
4,منطقة الرياض,أنشطة البرمجة الحاسوبية والخبرة الاستشارية وما يتصل بها من أنشطة,2189,25043,14581,10462,18624,17839,785,43667,2022-10
4,منطقة مكة المكرمة,صُنع المنتجات الغذائية,2050,10584,5413,5171,32925,32448,477,43509,2022-10
3,منطقة المدينة المنورة,تجارة التجزئة، باستثناء المركبات ذات المحركات والدراجات النارية,11479,9309,5325,3984,34163,33856,307,43472,2022-7
2,منطقة الرياض,التخزين وأنشطة الدعم للنقل,1977,17025,11765,5260,26402,26130,272,43427,2022-4
4,المنطقة الشرقية,الصحة البشرية,678,16307,5005,11302,26760,13028,13732,43067,2022-10
2,منطقة الرياض,أنشطة الخدمات الشخصية الأخرى,10513,8275,3147,5128,34777,28171,6606,43052,2022-4
3,منطقة الرياض,أنشطة الخدمات الشخصية الأخرى,11406,7210,2182,5028,35763,28689,7074,42973,2022-7
2,منطقة الرياض,أنشطة البرمجة الحاسوبية والخبرة الاستشارية وما يتصل بها من أنشطة,2014,23776,14049,9727,19150,18462,688,42926,2022-4
3,المنطقة الشرقية,الصحة البشرية,670,16105,4951,11154,26539,13059,13480,42644,2022-7
4,منطقة الرياض,التخزين وأنشطة الدعم للنقل,2292,16086,10849,5237,26465,26252,213,42551,2022-10
2,منطقة المدينة المنورة,تجارة التجزئة، باستثناء المركبات ذات المحركات والدراجات النارية,10253,8492,4959,3533,33787,33486,301,42279,2022-4
3,منطقة مكة المكرمة,صُنع المنتجات الغذائية,1956,10212,5344,4868,31866,31391,475,42078,2022-7
3,منطقة الرياض,أنشطة البرمجة الحاسوبية والخبرة الاستشارية وما يتصل بها من أنشطة,2121,24105,14151,9954,17893,17186,707,41998,2022-7
1,منطقة الرياض,التخزين وأنشطة الدعم للنقل,1801,16978,11433,5545,24954,24709,245,41932,2022-1
1,منطقة مكة المكرمة,النقل البري و النقل عبر الأنابيب,4433,8328,5064,3264,33480,33264,216,41808,2022-1
1,منطقة الرياض,أنشطة البرمجة الحاسوبية والخبرة الاستشارية وما يتصل بها من أنشطة,1923,22798,13686,9112,18951,18306,645,41749,2022-1
3,منطقة الرياض,التخزين وأنشطة الدعم للنقل,2196,16190,10732,5458,25455,25275,180,41645,2022-7
4,المنطقة الشرقية,أنشطة خدمات دعم التعدين,177,28958,27718,1240,12680,12647,33,41638,2022-10
2,منطقة مكة المكرمة,صُنع المنتجات الغذائية,1896,10091,5368,4723,31322,30829,493,41413,2022-4
1,منطقة الرياض,صُنع المنتجات الغذائية,2200,9962,5760,4202,31449,31291,158,41411,2022-1
2,منطقة الرياض,صنع منتجات المعادن المشكلة ( باستثناء الآلات والمعدات ),3364,8917,4707,4210,32405,32285,120,41322,2022-4
2,منطقة الرياض,أنشطة جمع النفايات ومعالجتها وتصريفها ، واسترجاع المواد,140,6080,3372,2708,35188,33228,1960,41268,2022-4
4,منطقة الرياض,أنشطة المعمارية والهندسية ، والاختبارات الفنية والتحليل,3974,14315,9021,5294,26481,26033,448,40796,2022-10
3,منطقة الرياض,أنشطة جمع النفايات ومعالجتها وتصريفها ، واسترجاع المواد,177,6216,3727,2489,34196,32712,1484,40412,2022-7
1,المنطقة الشرقية,أنشطة الاستخدام,354,1196,783,413,39153,29881,9272,40349,2022-1
4,منطقة الرياض,إصلاح أجهزة الحاسوب والسلع الشخصية والمنزلية,2453,1050,543,507,39097,38943,154,40147,2022-10
4,منطقة القصيم,أنشطة تقديم الخدمات للمباني وتجميل المواقع,1437,3951,2080,1871,36109,35636,473,40060,2022-10
1,منطقة الرياض,أنشطة الخدمات الشخصية الأخرى,9574,7806,2980,4826,32127,26226,5901,39933,2022-1
2,المنطقة الشرقية,أنشطة خدمات دعم التعدين,180,27428,26113,1315,12493,12468,25,39921,2022-4
1,منطقة المدينة المنورة,تجارة التجزئة، باستثناء المركبات ذات المحركات والدراجات النارية,9389,8130,4787,3343,31427,31128,299,39557,2022-1
1,منطقة الرياض,صنع منتجات المعادن المشكلة ( باستثناء الآلات والمعدات ),3125,8591,4670,3921,30821,30707,114,39412,2022-1
3,المنطقة الشرقية,أنشطة خدمات دعم التعدين,176,26874,25760,1114,12320,12292,28,39194,2022-7
2,منطقة الرياض,الأنشطة المساعدة لأنشطة الخدمات المالية وأنشطة التأمين,357,35506,27555,7951,3648,3518,130,39154,2022-4
1,منطقة الرياض,أنشطة جمع النفايات ومعالجتها وتصريفها ، واسترجاع المواد,125,6047,3304,2743,33010,31113,1897,39057,2022-1
4,منطقة عسير,تجارة التجزئة، باستثناء المركبات ذات المحركات والدراجات النارية,10650,8745,4846,3899,30261,30067,194,39006,2022-10
3,منطقة الرياض,أنشطة المعمارية والهندسية ، والاختبارات الفنية والتحليل,3942,13536,8718,4818,25463,25116,347,38999,2022-7
1,منطقة الرياض,الأنشطة المساعدة لأنشطة الخدمات المالية وأنشطة التأمين,342,35206,27451,7755,3650,3527,123,38856,2022-1
1,منطقة مكة المكرمة,صُنع المنتجات الغذائية,1793,9146,4778,4368,29412,28972,440,38558,2022-1
3,المنطقة الشرقية,صنع منتجات المعادن المشكلة ( باستثناء الآلات والمعدات ),2289,11728,9793,1935,26636,26607,29,38364,2022-7
1,المنطقة الشرقية,أنشطة خدمات دعم التعدين,184,26218,24912,1306,12105,12081,24,38323,2022-1
4,المنطقة الشرقية,صنع منتجات المعادن المشكلة ( باستثناء الآلات والمعدات ),2315,12060,9911,2149,26167,26134,33,38227,2022-10
3,منطقة عسير,تجارة التجزئة، باستثناء المركبات ذات المحركات والدراجات النارية,10376,8735,4859,3876,29291,29110,181,38026,2022-7
4,منطقة عسير,تشييد المباني,9409,3915,2425,1490,33984,33918,66,37899,2022-10
2,منطقة مكة المكرمة,الإدارة العامة والدفاع ؛ والضمان الاجتماعي الإلزامي,439,25049,15744,9305,12646,8220,4426,37695,2022-4
1,منطقة مكة المكرمة,الإدارة العامة والدفاع ؛ والضمان الاجتماعي الإلزامي,450,24799,15663,9136,12761,8308,4453,37560,2022-1
3,منطقة عسير,تشييد المباني,9304,4044,2570,1474,33471,33414,57,37515,2022-7
2,منطقة الرياض,أنشطة المعمارية والهندسية ، والاختبارات الفنية والتحليل,3445,13688,9070,4618,23818,23535,283,37506,2022-4
2,المنطقة الشرقية,صنع منتجات المعادن المشكلة ( باستثناء الآلات والمعدات ),2089,11684,9859,1825,25816,25783,33,37500,2022-4
3,منطقة القصيم,أنشطة تقديم الخدمات للمباني وتجميل المواقع,1430,3813,1986,1827,33683,33236,447,37496,2022-7
2,منطقة عسير,تجارة التجزئة، باستثناء المركبات ذات المحركات والدراجات النارية,9026,8016,4417,3599,28051,27841,210,36067,2022-4
4,منطقة القصيم,تجارة التجزئة، باستثناء المركبات ذات المحركات والدراجات النارية,7992,7746,4728,3018,28318,28196,122,36064,2022-10
3,منطقة القصيم,تجارة التجزئة، باستثناء المركبات ذات المحركات والدراجات النارية,7843,7711,4793,2918,28348,28233,115,36059,2022-7
4,منطقة عسير,أنشطة خدمات الأطعمة والمشروبات,7767,5794,3164,2630,30226,30112,114,36020,2022-10
1,منطقة الرياض,أنشطة المعمارية والهندسية ، والاختبارات الفنية والتحليل,3006,12743,8648,4095,23164,22907,257,35907,2022-1
1,المنطقة الشرقية,صنع منتجات المعادن المشكلة ( باستثناء الآلات والمعدات ),1954,11487,9834,1653,24283,24256,27,35770,2022-1
2,منطقة القصيم,أنشطة تقديم الخدمات للمباني وتجميل المواقع,1454,3846,1937,1909,31783,31272,511,35629,2022-4
3,منطقة عسير,أنشطة خدمات الأطعمة والمشروبات,7520,5777,3300,2477,29559,29459,100,35336,2022-7
2,منطقة مكة المكرمة,التخزين وأنشطة الدعم للنقل,1304,12186,9837,2349,22964,22820,144,35150,2022-4
4,منطقة مكة المكرمة,التخزين وأنشطة الدعم للنقل,1514,12351,9641,2710,22674,22521,153,35025,2022-10
3,منطقة مكة المكرمة,التخزين وأنشطة الدعم للنقل,1466,12117,9545,2572,22215,22065,150,34332,2022-7
2,منطقة القصيم,تجارة التجزئة، باستثناء المركبات ذات المحركات والدراجات النارية,6838,7029,4484,2545,27063,26921,142,34092,2022-4
1,منطقة مكة المكرمة,التخزين وأنشطة الدعم للنقل,1219,11836,9644,2192,21795,21666,129,33631,2022-1
1,منطقة عسير,تجارة التجزئة، باستثناء المركبات ذات المحركات والدراجات النارية,8029,7645,4285,3360,25867,25622,245,33512,2022-1
1,منطقة القصيم,تجارة التجزئة، باستثناء المركبات ذات المحركات والدراجات النارية,6184,6664,4344,2320,26513,26377,136,33177,2022-1
4,منطقة الرياض,الأنشطة المساعدة لأنشطة الخدمات المالية وأنشطة التأمين,386,29884,22978,6906,3151,3018,133,33035,2022-10
2,منطقة عسير,أنشطة خدمات الأطعمة والمشروبات,6701,5470,3241,2229,27516,27431,85,32986,2022-4
1,منطقة مكة المكرمة,التعليم,1078,18555,7494,11061,14430,10950,3480,32985,2022-1
2,منطقة مكة المكرمة,التعليم,1107,18646,7667,10979,14231,10776,3455,32877,2022-4
3,منطقة الرياض,الأنشطة المساعدة لأنشطة الخدمات المالية وأنشطة التأمين,507,29226,22612,6614,3196,3063,133,32422,2022-7
4,منطقة المدينة المنورة,أنشطة خدمات الأطعمة والمشروبات,6871,5262,2983,2279,26438,26286,152,31700,2022-10
2,منطقة الرياض,الأنشطة العقارية,2923,12757,7635,5122,18681,17393,1288,31438,2022-4
2,منطقة الرياض,الاتصالات,532,24516,18857,5659,6833,6649,184,31349,2022-4
1,منطقة الرياض,الاتصالات,510,24204,18823,5381,6822,6641,181,31026,2022-1
3,منطقة المدينة المنورة,أنشطة خدمات الأطعمة والمشروبات,6695,5304,3086,2218,25604,25463,141,30908,2022-7
4,منطقة مكة المكرمة,التعليم,1182,18769,6606,12163,12131,9320,2811,30900,2022-10
4,منطقة الرياض,أنشطة الخدمات المالية ، فيما عدا تمويل التأمين وصناديق المعاشات,708,26060,20350,5710,4769,4581,188,30829,2022-10
1,منطقة الرياض,الأنشطة العقارية,2713,11804,7493,4311,18879,17485,1394,30683,2022-1
4,منطقة مكة المكرمة,أنشطة الخدمات الشخصية الأخرى,10023,3814,1118,2696,26603,21693,4910,30417,2022-10
4,منطقة الرياض,الاتصالات,536,23462,17757,5705,6601,6425,176,30063,2022-10
3,منطقة الرياض,الاتصالات,522,23387,17792,5595,6622,6445,177,30009,2022-7
3,منطقة الرياض,أنشطة الخدمات المالية ، فيما عدا تمويل التأمين وصناديق المعاشات,697,25217,19607,5610,4781,4591,190,29998,2022-7
3,منطقة مكة المكرمة,التعليم,1169,18050,6448,11602,11809,9156,2653,29859,2022-7
3,منطقة مكة المكرمة,أنشطة الخدمات الشخصية الأخرى,9737,3873,1216,2657,25521,20786,4735,29394,2022-7
2,منطقة مكة المكرمة,أنشطة الخدمات الشخصية الأخرى,9072,4106,1512,2594,25236,20877,4359,29342,2022-4
1,منطقة عسير,أنشطة خدمات الأطعمة والمشروبات,5795,5015,3023,1992,24211,24137,74,29226,2022-1
1,منطقة القصيم,أنشطة تقديم الخدمات للمباني وتجميل المواقع,1374,3421,1772,1649,25632,25099,533,29053,2022-1
2,منطقة المدينة المنورة,أنشطة خدمات الأطعمة والمشروبات,5972,5041,2983,2058,23944,23795,149,28985,2022-4
4,المنطقة الشرقية,صنع منتجات المعادن اللافلزية الأخرى,818,6216,4278,1938,21561,21489,72,27777,2022-10
4,المنطقة الشرقية,صُنع المواد الكيميائية والمنتجات الكيميائية,431,15885,14834,1051,11870,11846,24,27755,2022-10
3,المنطقة الشرقية,صُنع المواد الكيميائية والمنتجات الكيميائية,428,15926,14923,1003,11553,11530,23,27479,2022-7
1,منطقة مكة المكرمة,أنشطة الخدمات الشخصية الأخرى,8390,3837,1386,2451,23641,19608,4033,27478,2022-1
3,المنطقة الشرقية,صنع منتجات المعادن اللافلزية الأخرى,785,5942,4239,1703,21194,21126,68,27136,2022-7
4,منطقة الرياض,صُنع المواد الكيميائية والمنتجات الكيميائية,1020,7813,4517,3296,19123,19050,73,26936,2022-10
4,منطقة جازان,تجارة التجزئة، باستثناء المركبات ذات المحركات والدراجات النارية,8053,4789,2585,2204,21998,21857,141,26787,2022-10
3,منطقة القصيم,أنشطة خدمات الأطعمة والمشروبات,5283,3919,2399,1520,22679,22629,50,26598,2022-7
4,منطقة الرياض,الأنشطة العقارية,3076,12372,8048,4324,14210,13946,264,26582,2022-10
1,منطقة المدينة المنورة,أنشطة خدمات الأطعمة والمشروبات,5441,4683,2815,1868,21800,21665,135,26483,2022-1
4,منطقة القصيم,أنشطة خدمات الأطعمة والمشروبات,5322,3873,2377,1496,22498,22447,51,26371,2022-10
3,منطقة جازان,تجارة التجزئة، باستثناء المركبات ذات المحركات والدراجات النارية,7808,4854,2648,2206,21358,21227,131,26212,2022-7
2,منطقة القصيم,أنشطة خدمات الأطعمة والمشروبات,4781,3973,2414,1559,22188,22128,60,26161,2022-4
4,المنطقة الشرقية,أنشطة الخدمات الشخصية الأخرى,7322,3347,1034,2313,22528,19344,3184,25875,2022-10
2,منطقة القصيم,أنشطة التشييد المتخصصة,3180,2169,1379,790,23535,23254,281,25704,2022-4
2,المنطقة الشرقية,صُنع المواد الكيميائية والمنتجات الكيميائية,415,15446,14585,861,10023,10006,17,25469,2022-4
3,منطقة الرياض,الأنشطة العقارية,2973,11546,7514,4032,13890,13638,252,25436,2022-7
2,منطقة جازان,تجارة التجزئة، باستثناء المركبات ذات المحركات والدراجات النارية,6977,4499,2490,2009,20904,20734,170,25403,2022-4
3,منطقة الرياض,صُنع المواد الكيميائية والمنتجات الكيميائية,995,7030,4056,2974,18257,18199,58,25287,2022-7
2,المنطقة الشرقية,صنع منتجات المعادن اللافلزية الأخرى,748,5576,4106,1470,19637,19604,33,25213,2022-4
2,المنطقة الشرقية,أنشطة الخدمات الشخصية الأخرى,6453,3472,1201,2271,21565,18728,2837,25037,2022-4
3,المنطقة الشرقية,أنشطة الخدمات الشخصية الأخرى,7119,3290,1069,2221,21683,18709,2974,24973,2022-7
4,منطقة مكة المكرمة,صنع منتجات المعادن اللافلزية الأخرى,888,6060,3832,2228,18900,18860,40,24960,2022-10
4,منطقة الرياض,الأنشطة الإدارية للمكاتب ، وأنشطة الدعم للمكاتب وغير ذلك من أنشطة الدعم للأعمال,2876,11555,5780,5775,13379,12507,872,24934,2022-10
4,المنطقة الشرقية,أنشطة المعمارية والهندسية ، والاختبارات الفنية والتحليل,801,10529,7879,2650,14352,14261,91,24881,2022-10
4,منطقة القصيم,أنشطة التشييد المتخصصة,3318,2251,1377,874,22616,22305,311,24867,2022-10
2,المنطقة الشرقية,الإدارة العامة والدفاع ؛ والضمان الاجتماعي الإلزامي,233,16999,13679,3320,7859,6177,1682,24858,2022-4
4,منطقة الرياض,إصلاح وتركيب الآلات والمعدات,1515,8463,6831,1632,16365,16158,207,24828,2022-10
1,المنطقة الشرقية,الإدارة العامة والدفاع ؛ والضمان الاجتماعي الإلزامي,241,16707,13504,3203,8092,6375,1717,24799,2022-1
3,منطقة القصيم,أنشطة التشييد المتخصصة,3239,2198,1339,859,22483,22210,273,24681,2022-7
3,منطقة الرياض,إصلاح وتركيب الآلات والمعدات,1443,8350,6851,1499,16131,15997,134,24481,2022-7
1,المنطقة الشرقية,صُنع المواد الكيميائية والمنتجات الكيميائية,390,15246,14501,745,9110,9095,15,24356,2022-1
3,منطقة الرياض,الأنشطة الإدارية للمكاتب ، وأنشطة الدعم للمكاتب وغير ذلك من أنشطة الدعم للأعمال,2791,11289,5619,5670,13054,12219,835,24343,2022-7
2,منطقة الرياض,الأنشطة الإدارية للمكاتب ، وأنشطة الدعم للمكاتب وغير ذلك من أنشطة الدعم للأعمال,2586,10107,5474,4633,14109,13414,695,24216,2022-4
3,المنطقة الشرقية,أنشطة المعمارية والهندسية ، والاختبارات الفنية والتحليل,788,10179,7740,2439,14035,13957,78,24214,2022-7
3,منطقة مكة المكرمة,صنع منتجات المعادن اللافلزية الأخرى,847,5806,3773,2033,18377,18342,35,24183,2022-7
4,منطقة الرياض,أبحاث الإعلان والسوق,2654,13172,8234,4938,10923,10073,850,24095,2022-10
4,منطقة الرياض,أنشطة الأمن والتحقيقات,203,23550,21234,2316,534,527,7,24084,2022-10
1,منطقة نجران,تشييد المباني,3462,2910,1847,1063,21143,21056,87,24053,2022-1
4,منطقة مكة المكرمة,الإقامة,1847,8927,5867,3060,15054,14706,348,23981,2022-10
1,منطقة جازان,تجارة التجزئة، باستثناء المركبات ذات المحركات والدراجات النارية,6330,4306,2379,1927,19651,19461,190,23957,2022-1
2,المنطقة الشرقية,أنشطة المعمارية والهندسية ، والاختبارات الفنية والتحليل,768,9814,7553,2261,14091,14011,80,23905,2022-4
2,منطقة نجران,تشييد المباني,3499,2881,1779,1102,20860,20772,88,23741,2022-4
1,منطقة القصيم,أنشطة خدمات الأطعمة والمشروبات,4208,3614,2277,1337,20122,20069,53,23736,2022-1
1,المنطقة الشرقية,أنشطة الخدمات الشخصية الأخرى,5902,3329,1152,2177,20312,17708,2604,23641,2022-1
3,منطقة مكة المكرمة,الإقامة,1821,8693,5767,2926,14939,14612,327,23632,2022-7
2,المنطقة الشرقية,إصلاح وتركيب الآلات والمعدات,1084,6016,4681,1335,17582,17553,29,23598,2022-4
1,المنطقة الشرقية,أنشطة المعمارية والهندسية ، والاختبارات الفنية والتحليل,722,9527,7362,2165,14070,13994,76,23597,2022-1
4,منطقة الرياض,صنع الأثاث,1998,4103,1713,2390,19250,19180,70,23353,2022-10
2,منطقة الرياض,صُنع المواد الكيميائية والمنتجات الكيميائية,920,6214,3511,2703,17132,17081,51,23346,2022-4
4,المنطقة الشرقية,إصلاح وتركيب الآلات والمعدات,1267,6240,4739,1501,17053,17027,26,23293,2022-10
1,منطقة الرياض,الأنشطة الإدارية للمكاتب ، وأنشطة الدعم للمكاتب وغير ذلك من أنشطة الدعم للأعمال,2426,9668,5386,4282,13597,12928,669,23265,2022-1
1,المنطقة الشرقية,إصلاح وتركيب الآلات والمعدات,994,5783,4510,1273,17432,17402,30,23215,2022-1
4,منطقة الرياض,أنشطة المكاتب الرئيسية، والأنشطة الاستشارية في مجال الإدارة,962,14668,7866,6802,8494,7956,538,23162,2022-10
3,منطقة الرياض,أبحاث الإعلان والسوق,2603,12597,7922,4675,10558,9770,788,23155,2022-7
2,منطقة مكة المكرمة,الإقامة,1614,8114,5485,2629,14728,14416,312,22842,2022-4
1,المنطقة الشرقية,التعليم,717,14205,5544,8661,8569,7221,1348,22774,2022-1
2,منطقة الرياض,أنشطة المنظمات ذات العضوية,2140,15541,9903,5638,7212,6126,1086,22753,2022-4
4,منطقة مكة المكرمة,صنع منتجات المعادن المشكلة ( باستثناء الآلات والمعدات ),2635,4296,2826,1470,18246,18175,71,22542,2022-10
2,المنطقة الشرقية,التعليم,737,14165,5524,8641,8318,6990,1328,22483,2022-4
2,منطقة الرياض,أبحاث الإعلان والسوق,2327,11993,7662,4331,10487,9859,628,22480,2022-4
3,منطقة الرياض,صنع الأثاث,1901,3910,1708,2202,18564,18504,60,22474,2022-7
3,المنطقة الشرقية,إصلاح وتركيب الآلات والمعدات,1229,6116,4707,1409,16261,16235,26,22377,2022-7
4,المنطقة الشرقية,التعليم,777,14227,4813,9414,8115,6884,1231,22342,2022-10
4,المنطقة الشرقية,التخزين وأنشطة الدعم للنقل,1116,8219,6510,1709,13968,13887,81,22187,2022-10
1,منطقة الرياض,أنشطة المنظمات ذات العضوية,1977,15372,9853,5519,6788,5675,1113,22160,2022-1
3,منطقة مكة المكرمة,صنع منتجات المعادن المشكلة ( باستثناء الآلات والمعدات ),2556,4248,2853,1395,17825,17762,63,22073,2022-7
2,منطقة المدينة المنورة,الصحة البشرية,284,13387,8622,4765,8633,4083,4550,22020,2022-4
3,منطقة الرياض,أنشطة المكاتب الرئيسية، والأنشطة الاستشارية في مجال الإدارة,928,13898,7829,6069,8112,7640,472,22010,2022-7
1,منطقة القصيم,أنشطة التشييد المتخصصة,2924,2209,1406,803,19769,19508,261,21978,2022-1
2,منطقة الرياض,أنشطة المكاتب الرئيسية، والأنشطة الاستشارية في مجال الإدارة,871,14290,8536,5754,7646,7214,432,21936,2022-4
1,منطقة مكة المكرمة,الإقامة,1485,7577,5180,2397,14252,13955,297,21829,2022-1
2,منطقة مكة المكرمة,صنع منتجات المعادن المشكلة ( باستثناء الآلات والمعدات ),2350,4220,2774,1446,17547,17483,64,21767,2022-4
3,المنطقة الشرقية,التخزين وأنشطة الدعم للنقل,1091,7978,6376,1602,13782,13701,81,21760,2022-7
4,منطقة المدينة المنورة,أنشطة التشييد المتخصصة,3594,3024,1774,1250,18675,18467,208,21699,2022-10
2,منطقة الرياض,إصلاح وتركيب الآلات والمعدات,1290,7714,6374,1340,13929,13794,135,21643,2022-4
3,المنطقة الشرقية,التعليم,762,13659,4680,8979,7905,6741,1164,21564,2022-7
1,منطقة المدينة المنورة,الصحة البشرية,269,13106,8491,4615,8451,4069,4382,21557,2022-1
4,المنطقة الشرقية,صُنع المنتجات الغذائية,1176,4851,2601,2250,16674,16630,44,21525,2022-10
1,منطقة الرياض,أبحاث الإعلان والسوق,2112,11687,7663,4024,9790,9185,605,21477,2022-1
3,منطقة الرياض,أنشطة الأمن والتحقيقات,202,20551,18471,2080,631,624,7,21182,2022-7
1,المنطقة الشرقية,صنع منتجات المعادن اللافلزية الأخرى,676,5292,4008,1284,15886,15878,8,21178,2022-1
1,منطقة الرياض,صُنع المواد الكيميائية والمنتجات الكيميائية,847,5840,3266,2574,15327,15278,49,21167,2022-1
1,منطقة مكة المكرمة,صنع منتجات المعادن المشكلة ( باستثناء الآلات والمعدات ),2174,4195,2813,1382,16858,16812,46,21053,2022-1
1,منطقة الرياض,أنشطة الأمن والتحقيقات,186,20215,18022,2193,813,805,8,21028,2022-1
2,منطقة مكة المكرمة,صنع منتجات المعادن اللافلزية الأخرى,757,5099,3329,1770,15918,15891,27,21017,2022-4
3,المنطقة الشرقية,صُنع المنتجات الغذائية,1146,4653,2505,2148,16082,16041,41,20735,2022-7
3,منطقة المدينة المنورة,أنشطة التشييد المتخصصة,3340,2972,1764,1208,17491,17298,193,20463,2022-7
3,منطقة نجران,تشييد المباني,3209,2526,1434,1092,17937,17890,47,20463,2022-7
2,منطقة الرياض,صنع الأثاث,1810,3382,1547,1835,17076,17010,66,20458,2022-4
2,منطقة الرياض,الإقامة,1095,7248,4079,3169,13085,12862,223,20333,2022-4
4,منطقة جازان,أنشطة خدمات الأطعمة والمشروبات,5377,2836,1516,1320,17448,17387,61,20284,2022-10
4,منطقة نجران,تشييد المباني,3219,2423,1330,1093,17705,17656,49,20128,2022-10
2,منطقة الرياض,أنشطة الأمن والتحقيقات,204,19350,17169,2181,770,762,8,20120,2022-4
1,منطقة الرياض,أنشطة المكاتب الرئيسية، والأنشطة الاستشارية في مجال الإدارة,845,12698,8240,4458,7297,6906,391,19995,2022-1
3,منطقة جازان,أنشطة خدمات الأطعمة والمشروبات,5193,2800,1545,1255,17081,17029,52,19881,2022-7
1,منطقة الرياض,إصلاح وتركيب الآلات والمعدات,1157,7310,6094,1216,12552,12453,99,19862,2022-1
2,المنطقة الشرقية,التخزين وأنشطة الدعم للنقل,1005,6927,5583,1344,12858,12775,83,19785,2022-4
2,منطقة الرياض,أنشطة خدمات المعلومات,536,12531,7393,5138,7056,6823,233,19587,2022-4
1,منطقة حائل,تشييد المباني,3812,2090,1244,846,17389,17336,53,19479,2022-1
1,منطقة الرياض,الإقامة,981,6745,3886,2859,12710,12502,208,19455,2022-1
1,المنطقة الشرقية,التخزين وأنشطة الدعم للنقل,924,6718,5471,1247,12712,12635,77,19430,2022-1
2,منطقة حائل,تشييد المباني,3843,1829,1030,799,17482,17430,52,19311,2022-4
4,منطقة الرياض,أنشطة خدمات المعلومات,483,12160,7267,4893,7018,6756,262,19178,2022-10
4,منطقة الرياض,صُنع الملبوسات,4334,3246,874,2372,15911,14609,1302,19157,2022-10
2,منطقة المدينة المنورة,أنشطة التشييد المتخصصة,3022,2655,1637,1018,16475,16266,209,19130,2022-4
2,منطقة الرياض,صُنع الملبوسات,4039,3181,902,2279,15878,14566,1312,19059,2022-4
1,منطقة مكة المكرمة,صنع منتجات المعادن اللافلزية الأخرى,652,4767,3155,1612,14148,14128,20,18915,2022-1
1,منطقة الرياض,أنشطة خدمات المعلومات,519,12019,7061,4958,6796,6573,223,18815,2022-1
3,منطقة الرياض,أنشطة خدمات المعلومات,497,12072,7231,4841,6727,6488,239,18799,2022-7
2,منطقة مكة المكرمة,الأنشطة العقارية,2161,6552,4239,2313,12195,11936,259,18747,2022-4
3,منطقة الرياض,صُنع الملبوسات,4267,3130,873,2257,15354,14058,1296,18484,2022-7
2,منطقة جازان,أنشطة خدمات الأطعمة والمشروبات,4605,2636,1435,1201,15787,15747,40,18423,2022-4
1,منطقة مكة المكرمة,الأنشطة العقارية,1974,6273,4137,2136,11988,11733,255,18261,2022-1
2,منطقة مكة المكرمة,أنشطة الاستخدام,410,769,353,416,17473,13968,3505,18242,2022-4
4,منطقة الرياض,الإقامة,1229,6664,3839,2825,11539,11301,238,18203,2022-10
3,منطقة الرياض,الإقامة,1214,6512,3749,2763,11638,11410,228,18150,2022-7
1,منطقة مكة المكرمة,أنشطة الاستخدام,372,795,366,429,17339,13686,3653,18134,2022-1
1,منطقة المدينة المنورة,تجارة الجملة ، باستثناء المركبات ذات المحركات والدراجات النارية,3253,3905,2538,1367,14147,13956,191,18052,2022-1
2,منطقة المدينة المنورة,تجارة الجملة ، باستثناء المركبات ذات المحركات والدراجات النارية,3478,3896,2514,1382,14119,13932,187,18015,2022-4
2,المنطقة الشرقية,صُنع المنتجات الغذائية,1097,3821,2032,1789,14137,14095,42,17958,2022-4
1,منطقة عسير,الإدارة العامة والدفاع ؛ والضمان الاجتماعي الإلزامي,87,7873,5828,2045,10008,9430,578,17881,2022-1
4,منطقة الرياض,صنع منتجات المطاط واللدائن,422,3870,1989,1881,13978,13937,41,17848,2022-10
2,منطقة عسير,الإدارة العامة والدفاع ؛ والضمان الاجتماعي الإلزامي,89,7963,5870,2093,9859,9283,576,17822,2022-4
4,المنطقة الشرقية,الأنشطة الإيجارية,2390,3789,2618,1171,13975,13946,29,17764,2022-10
1,منطقة الرياض,صنع الأثاث,1651,3164,1479,1685,14560,14499,61,17724,2022-1
1,منطقة الرياض,صُنع الملبوسات,3718,2938,908,2030,14690,13412,1278,17628,2022-1
1,منطقة مكة المكرمة,أنشطة الخدمات المالية ، فيما عدا تمويل التأمين وصناديق المعاشات,491,14335,11874,2461,3247,3170,77,17582,2022-1
3,المنطقة الشرقية,الأنشطة الإيجارية,2449,3699,2594,1105,13781,13755,26,17480,2022-7
3,منطقة مكة المكرمة,أنشطة الاستخدام,429,676,312,364,16702,13438,3264,17378,2022-7
2,منطقة جازان,تشييد المباني,4153,1717,922,795,15599,15549,50,17316,2022-4
1,منطقة المدينة المنورة,أنشطة التشييد المتخصصة,2662,2325,1480,845,14970,14760,210,17295,2022-1
4,منطقة جازان,تشييد المباني,4586,1551,810,741,15718,15668,50,17269,2022-10
3,منطقة الرياض,صنع منتجات المطاط واللدائن,410,3842,1999,1843,13358,13319,39,17200,2022-7
4,منطقة مكة المكرمة,أنشطة الاستخدام,435,676,301,375,16408,13219,3189,17084,2022-10
2,منطقة مكة المكرمة,أنشطة الخدمات المالية ، فيما عدا تمويل التأمين وصناديق المعاشات,495,13903,11491,2412,3145,3066,79,17048,2022-4
1,منطقة جازان,تشييد المباني,3855,1805,970,835,15188,15140,48,16993,2022-1
3,منطقة جازان,تشييد المباني,4403,1699,904,795,15143,15088,55,16842,2022-7
3,منطقة حائل,تشييد المباني,3675,1511,797,714,15314,15277,37,16825,2022-7
4,منطقة عسير,تجارة الجملة والتجزئة ، وإصلاح المركبات ذات المحركات والدراجات النارية,4718,2215,1498,717,14595,14571,24,16810,2022-10
2,منطقة عسير,الصحة البشرية,326,7249,3596,3653,9516,4650,4866,16765,2022-4
4,منطقة حائل,تشييد المباني,3643,1449,789,660,15276,15237,39,16725,2022-10
4,المنطقة الشرقية,صنع الفلزات القاعدية,288,5086,4208,878,11528,11525,3,16614,2022-10
1,المنطقة الشرقية,صُنع المنتجات الغذائية,1021,3542,1881,1661,13056,13023,33,16598,2022-1
1,منطقة جازان,أنشطة خدمات الأطعمة والمشروبات,4128,2405,1369,1036,14153,14113,40,16558,2022-1
2,المنطقة الشرقية,الأنشطة الإيجارية,2392,3366,2392,974,13182,13161,21,16548,2022-4
3,منطقة المدينة المنورة,تجارة الجملة ، باستثناء المركبات ذات المحركات والدراجات النارية,3784,3657,2330,1327,12781,12691,90,16438,2022-7
3,المنطقة الشرقية,صنع الفلزات القاعدية,288,5077,4241,836,11316,11316,0,16393,2022-7
4,منطقة المدينة المنورة,تجارة الجملة ، باستثناء المركبات ذات المحركات والدراجات النارية,3809,3621,2301,1320,12758,12657,101,16379,2022-10
3,منطقة عسير,تجارة الجملة والتجزئة ، وإصلاح المركبات ذات المحركات والدراجات النارية,4593,2237,1537,700,14120,14098,22,16357,2022-7
1,منطقة عسير,الصحة البشرية,306,7082,3601,3481,9266,4675,4591,16348,2022-1
2,منطقة الرياض,أنشطة الخدمات المالية ، فيما عدا تمويل التأمين وصناديق المعاشات,666,12014,8576,3438,4195,4012,183,16209,2022-4
2,منطقة عسير,أنشطة الاستخدام,118,310,142,168,15829,11000,4829,16139,2022-4
4,منطقة عسير,أنشطة التشييد المتخصصة,3455,1932,1068,864,14185,14156,29,16117,2022-10
4,منطقة مكة المكرمة,صيد الأسماك وتربية المائيات,5262,940,608,332,15170,14744,426,16110,2022-10
4,منطقة مكة المكرمة,الأنشطة العقارية,2378,6005,3704,2301,9968,9687,281,15973,2022-10
1,المنطقة الشرقية,الأنشطة الإيجارية,2354,3102,2177,925,12825,12806,19,15927,2022-1
2,منطقة القصيم,تجارة الجملة والتجزئة ، وإصلاح المركبات ذات المحركات والدراجات النارية,3773,1994,1347,647,13876,13845,31,15870,2022-4
4,منطقة القصيم,تجارة الجملة والتجزئة ، وإصلاح المركبات ذات المحركات والدراجات النارية,4235,2036,1373,663,13803,13796,7,15839,2022-10
2,منطقة عسير,أنشطة التشييد المتخصصة,3063,2203,1260,943,13580,13546,34,15783,2022-4
1,منطقة الرياض,أنشطة الخدمات المالية ، فيما عدا تمويل التأمين وصناديق المعاشات,624,11624,8408,3216,4102,3932,170,15726,2022-1
2,منطقة عسير,تجارة الجملة والتجزئة ، وإصلاح المركبات ذات المحركات والدراجات النارية,4061,2263,1578,685,13455,13431,24,15718,2022-4
3,منطقة عسير,أنشطة التشييد المتخصصة,3227,1990,1136,854,13641,13620,21,15631,2022-7
3,منطقة القصيم,تجارة الجملة والتجزئة ، وإصلاح المركبات ذات المحركات والدراجات النارية,4197,2066,1407,659,13553,13543,10,15619,2022-7
4,منطقة عسير,أنشطة الاستخدام,137,238,105,133,15380,10638,4742,15618,2022-10
3,منطقة عسير,أنشطة الاستخدام,129,235,113,122,15357,10649,4708,15592,2022-7
1,منطقة القصيم,تجارة الجملة والتجزئة ، وإصلاح المركبات ذات المحركات والدراجات النارية,3493,1888,1281,607,13690,13652,38,15578,2022-1
2,المنطقة الشرقية,صنع الفلزات القاعدية,304,4850,4130,720,10661,10657,4,15511,2022-4
1,منطقة القصيم,إصلاح أجهزة الحاسوب والسلع الشخصية والمنزلية,783,196,110,86,15267,15248,19,15463,2022-1
2,منطقة مكة المكرمة,الأنشطة الإيجارية,3623,2659,1960,699,12665,12540,125,15324,2022-4
2,منطقة القصيم,الصحة البشرية,231,6754,4436,2318,8511,3696,4815,15265,2022-4
3,منطقة مكة المكرمة,الأنشطة العقارية,2271,5679,3571,2108,9567,9304,263,15246,2022-7
1,منطقة مكة المكرمة,الأنشطة الإيجارية,3619,2576,1868,708,12665,12539,126,15241,2022-1
2,منطقة القصيم,تجارة الجملة ، باستثناء المركبات ذات المحركات والدراجات النارية,2575,3496,2001,1495,11330,11269,61,14826,2022-4
4,منطقة الرياض,أنشطة المعالجة وخدمات إدارة النفايات الأخرى,6,1734,1367,367,13030,12690,340,14764,2022-10
2,منطقة الرياض,توصيل الكهرباء والغاز والبخار وتكييف الهواء,175,12128,11674,454,2630,2626,4,14758,2022-4
4,منطقة مكة المكرمة,صُنع المواد الكيميائية والمنتجات الكيميائية,531,3899,2431,1468,10779,10697,82,14678,2022-10
1,منطقة الرياض,توصيل الكهرباء والغاز والبخار وتكييف الهواء,152,12034,11640,394,2606,2602,4,14640,2022-1
1,المنطقة الشرقية,صنع الفلزات القاعدية,301,4651,3974,677,9969,9965,4,14620,2022-1
1,منطقة الرياض,أنشطة العمل الاجتماعي، دون إقامة,692,9764,4538,5226,4855,4094,761,14619,2022-1
1,منطقة القصيم,تجارة الجملة ، باستثناء المركبات ذات المحركات والدراجات النارية,2443,3536,2006,1530,10910,10852,58,14446,2022-1
3,منطقة مكة المكرمة,صُنع المواد الكيميائية والمنتجات الكيميائية,514,3862,2452,1410,10541,10461,80,14403,2022-7
1,منطقة عسير,تجارة الجملة والتجزئة ، وإصلاح المركبات ذات المحركات والدراجات النارية,3617,2071,1442,629,12325,12293,32,14396,2022-1
2,منطقة الرياض,صنع منتجات المطاط واللدائن,370,3317,1728,1589,11044,11017,27,14361,2022-4
4,منطقة تبوك,تجارة التجزئة، باستثناء المركبات ذات المحركات والدراجات النارية,4356,2857,1432,1425,11501,11451,50,14358,2022-10
1,منطقة القصيم,الصحة البشرية,209,6656,4398,2258,7664,3020,4644,14320,2022-1
2,منطقة مكة المكرمة,صُنع المواد الكيميائية والمنتجات الكيميائية,488,3723,2424,1299,10558,10478,80,14281,2022-4
4,منطقة القصيم,الهندسة المدنية,261,2333,1578,755,11914,11904,10,14247,2022-10
2,منطقة القصيم,إصلاح أجهزة الحاسوب والسلع الشخصية والمنزلية,854,194,126,68,14000,13979,21,14194,2022-4
2,منطقة عسير,تجارة الجملة ، باستثناء المركبات ذات المحركات والدراجات النارية,2533,3268,2127,1141,10809,10749,60,14077,2022-4
1,منطقة عسير,أنشطة الاستخدام,106,303,139,164,13766,9426,4340,14069,2022-1
4,منطقة الرياض,صنع الفلزات القاعدية,604,3008,1764,1244,11015,10966,49,14023,2022-10
3,منطقة الرياض,أنشطة المعالجة وخدمات إدارة النفايات الأخرى,7,1958,1475,483,12028,11674,354,13986,2022-7
2,منطقة الرياض,أنشطة العمل الاجتماعي، دون إقامة,712,9375,4502,4873,4604,3909,695,13979,2022-4
3,منطقة تبوك,تجارة التجزئة، باستثناء المركبات ذات المحركات والدراجات النارية,4269,2916,1505,1411,11054,11012,42,13970,2022-7
3,منطقة القصيم,الهندسة المدنية,255,2213,1527,686,11716,11706,10,13929,2022-7
3,منطقة عسير,تجارة الجملة ، باستثناء المركبات ذات المحركات والدراجات النارية,2841,3379,2221,1158,10534,10501,33,13913,2022-7
4,منطقة حائل,تجارة التجزئة، باستثناء المركبات ذات المحركات والدراجات النارية,3860,2719,1334,1385,11178,11114,64,13897,2022-10
4,منطقة مكة المكرمة,الأنشطة الإيجارية,3536,2391,1733,658,11455,11339,116,13846,2022-10
3,منطقة مكة المكرمة,الأنشطة الإيجارية,3584,2422,1741,681,11408,11288,120,13830,2022-7
3,منطقة الرياض,صنع الفلزات القاعدية,611,2948,1757,1191,10810,10765,45,13758,2022-7
4,منطقة عسير,تجارة الجملة ، باستثناء المركبات ذات المحركات والدراجات النارية,2846,3266,2103,1163,10489,10456,33,13755,2022-10
1,منطقة عسير,تجارة الجملة ، باستثناء المركبات ذات المحركات والدراجات النارية,2320,3218,2111,1107,10520,10445,75,13738,2022-1
4,منطقة مكة المكرمة,الأنشطة الإدارية للمكاتب ، وأنشطة الدعم للمكاتب وغير ذلك من أنشطة الدعم للأعمال,1837,6166,3508,2658,7544,7141,403,13710,2022-10
3,منطقة حائل,تجارة التجزئة، باستثناء المركبات ذات المحركات والدراجات النارية,3799,2750,1375,1375,10938,10876,62,13688,2022-7
1,منطقة عسير,أنشطة التشييد المتخصصة,2737,2044,1140,904,11625,11576,49,13669,2022-1
1,منطقة الرياض,صنع منتجات المطاط واللدائن,356,3137,1691,1446,10529,10511,18,13666,2022-1
1,منطقة مكة المكرمة,صُنع المواد الكيميائية والمنتجات الكيميائية,471,3573,2345,1228,10087,10014,73,13660,2022-1
4,منطقة الرياض,توصيل الكهرباء والغاز والبخار وتكييف الهواء,185,11379,10783,596,2208,2202,6,13587,2022-10
4,منطقة القصيم,صُنع المنتجات الغذائية,588,2773,1679,1094,10799,10657,142,13572,2022-10
3,منطقة الرياض,توصيل الكهرباء والغاز والبخار وتكييف الهواء,176,11370,10847,523,2157,2152,5,13527,2022-7
4,منطقة تبوك,أنشطة خدمات الأطعمة والمشروبات,2940,2027,936,1091,11495,11418,77,13522,2022-10
1,منطقة مكة المكرمة,أنشطة المعمارية والهندسية ، والاختبارات الفنية والتحليل,1193,4223,2626,1597,9297,9213,84,13520,2022-1
4,منطقة الرياض,الأنشطة القانونية وأنشطة المحاسبة,2055,7019,4231,2788,6495,6247,248,13514,2022-10
2,منطقة حائل,تجارة التجزئة، باستثناء المركبات ذات المحركات والدراجات النارية,3335,2717,1372,1345,10722,10620,102,13439,2022-4
3,منطقة القصيم,تجارة الجملة ، باستثناء المركبات ذات المحركات والدراجات النارية,2734,3080,1906,1174,10336,10291,45,13416,2022-7
4,منطقة القصيم,تجارة الجملة ، باستثناء المركبات ذات المحركات والدراجات النارية,2734,3005,1859,1146,10351,10295,56,13356,2022-10
3,منطقة تبوك,أنشطة خدمات الأطعمة والمشروبات,2900,2042,954,1088,11300,11226,74,13342,2022-7
2,منطقة القصيم,الهندسة المدنية,245,1992,1332,660,11336,11323,13,13328,2022-4
2,منطقة تبوك,تشييد المباني,3124,1317,755,562,12003,11978,25,13320,2022-4
4,منطقة مكة المكرمة,أنشطة المعمارية والهندسية ، والاختبارات الفنية والتحليل,1390,4818,2927,1891,8497,8383,114,13315,2022-10
2,منطقة الرياض,صنع الفلزات القاعدية,642,2739,1669,1070,10564,10521,43,13303,2022-4
2,منطقة مكة المكرمة,الأنشطة الإدارية للمكاتب ، وأنشطة الدعم للمكاتب وغير ذلك من أنشطة الدعم للأعمال,1599,5898,3379,2519,7396,7024,372,13294,2022-4
3,منطقة مكة المكرمة,الأنشطة الإدارية للمكاتب ، وأنشطة الدعم للمكاتب وغير ذلك من أنشطة الدعم للأعمال,1762,6101,3461,2640,7178,6791,387,13279,2022-7
3,منطقة مكة المكرمة,أنشطة المعمارية والهندسية ، والاختبارات الفنية والتحليل,1347,4847,2916,1931,8409,8307,102,13256,2022-7
3,منطقة القصيم,صُنع المنتجات الغذائية,560,2694,1609,1085,10521,10378,143,13215,2022-7
1,منطقة تبوك,تشييد المباني,3051,1344,786,558,11868,11840,28,13212,2022-1
1,المنطقة الشرقية,أنشطة زراعة المحاصيل والإنتاج الحيواني والصيد والخدمات المتصلة,2235,3815,3300,515,9393,9378,15,13208,2022-1
2,منطقة مكة المكرمة,أنشطة المعمارية والهندسية ، والاختبارات الفنية والتحليل,1283,4325,2671,1654,8860,8757,103,13185,2022-4
2,المنطقة الشرقية,أنشطة زراعة المحاصيل والإنتاج الحيواني والصيد والخدمات المتصلة,2149,3841,3328,513,9303,9292,11,13144,2022-4
2,منطقة تبوك,تجارة التجزئة، باستثناء المركبات ذات المحركات والدراجات النارية,3780,2695,1476,1219,10427,10353,74,13122,2022-4
1,منطقة مكة المكرمة,الأنشطة الإدارية للمكاتب ، وأنشطة الدعم للمكاتب وغير ذلك من أنشطة الدعم للأعمال,1504,5836,3436,2400,7271,6928,343,13107,2022-1
1,منطقة الرياض,صنع الفلزات القاعدية,611,2695,1666,1029,10269,10229,40,12964,2022-1
3,منطقة الرياض,الأنشطة القانونية وأنشطة المحاسبة,2011,6524,3954,2570,6332,6103,229,12856,2022-7
1,منطقة القصيم,الهندسة المدنية,229,1935,1292,643,10916,10902,14,12851,2022-1
4,منطقة عسير,الصحة البشرية,350,4049,1321,2728,8751,4854,3897,12800,2022-10
3,منطقة القصيم,إصلاح أجهزة الحاسوب والسلع الشخصية والمنزلية,875,189,124,65,12559,12529,30,12748,2022-7
4,منطقة المدينة المنورة,تجارة الجملة والتجزئة ، وإصلاح المركبات ذات المحركات والدراجات النارية,3828,1603,1079,524,11141,11122,19,12744,2022-10
3,منطقة تبوك,تشييد المباني,3094,1201,680,521,11528,11467,61,12729,2022-7
4,منطقة تبوك,تشييد المباني,3138,1106,622,484,11538,11483,55,12644,2022-10
2,منطقة نجران,أنشطة تقديم الخدمات للمباني وتجميل المواقع,264,2147,1472,675,10430,10332,98,12577,2022-4
1,منطقة نجران,أنشطة تقديم الخدمات للمباني وتجميل المواقع,262,2208,1542,666,10287,10184,103,12495,2022-1
2,منطقة تبوك,أنشطة خدمات الأطعمة والمشروبات,2624,1927,925,1002,10566,10495,71,12493,2022-4
1,منطقة حائل,تجارة التجزئة، باستثناء المركبات ذات المحركات والدراجات النارية,2954,2610,1315,1295,9880,9775,105,12490,2022-1
4,منطقة القصيم,أنشطة زراعة المحاصيل والإنتاج الحيواني والصيد والخدمات المتصلة,1443,2032,1462,570,10431,10414,17,12463,2022-10
4,منطقة الرياض,الصناعة التحويلية الأخرى,436,2743,1363,1380,9706,9468,238,12449,2022-10
3,منطقة المدينة المنورة,تجارة الجملة والتجزئة ، وإصلاح المركبات ذات المحركات والدراجات النارية,3728,1613,1118,495,10826,10806,20,12439,2022-7
3,منطقة الرياض,الصناعة التحويلية الأخرى,435,2731,1370,1361,9663,9419,244,12394,2022-7
3,منطقة القصيم,أنشطة زراعة المحاصيل والإنتاج الحيواني والصيد والخدمات المتصلة,1495,2048,1457,591,10268,10249,19,12316,2022-7
2,منطقة الرياض,الأنشطة القانونية وأنشطة المحاسبة,1811,6190,3753,2437,6087,5889,198,12277,2022-4
3,منطقة عسير,الصحة البشرية,341,3999,1282,2717,8275,4415,3860,12274,2022-7
4,منطقة القصيم,النقل البري و النقل عبر الأنابيب,1447,2209,1450,759,10063,10044,19,12272,2022-10
2,منطقة المدينة المنورة,تجارة الجملة والتجزئة ، وإصلاح المركبات ذات المحركات والدراجات النارية,3431,1616,1087,529,10519,10495,24,12135,2022-4
1,منطقة تبوك,تجارة التجزئة، باستثناء المركبات ذات المحركات والدراجات النارية,3360,2509,1418,1091,9626,9557,69,12135,2022-1
4,منطقة الرياض,صنع المعدات الكهربائية,321,3057,2034,1023,9014,8994,20,12071,2022-10
3,منطقة القصيم,النقل البري و النقل عبر الأنابيب,1432,2041,1393,648,9977,9966,11,12018,2022-7
2,منطقة الرياض,الصناعة التحويلية الأخرى,411,2644,1389,1255,9356,9235,121,12000,2022-4
2,منطقة الرياض,الأنشطة الرياضية وأنشطة التسلية والترفيه,934,4692,2314,2378,7153,6260,893,11845,2022-4
4,منطقة القصيم,صنع منتجات المعادن اللافلزية الأخرى,497,2147,1468,679,9632,9626,6,11779,2022-10
2,منطقة القصيم,النقل البري و النقل عبر الأنابيب,1396,2189,1573,616,9549,9545,4,11738,2022-4
1,منطقة الرياض,الأنشطة القانونية وأنشطة المحاسبة,1708,5793,3528,2265,5910,5719,191,11703,2022-1
3,منطقة الرياض,صنع المعدات الكهربائية,322,2842,1955,887,8822,8802,20,11664,2022-7
3,منطقة مكة المكرمة,توصيل الكهرباء والغاز والبخار وتكييف الهواء,100,10020,9901,119,1592,1591,1,11612,2022-7
3,منطقة نجران,أنشطة تقديم الخدمات للمباني وتجميل المواقع,242,1869,1213,656,9691,9622,69,11560,2022-7
4,المنطقة الشرقية,أنشطة زراعة المحاصيل والإنتاج الحيواني والصيد والخدمات المتصلة,2312,1390,894,496,10166,10152,14,11556,2022-10
4,منطقة الرياض,الأنشطة الرياضية وأنشطة التسلية والترفيه,1049,4480,2000,2480,7031,6009,1022,11511,2022-10
1,منطقة تبوك,أنشطة خدمات الأطعمة والمشروبات,2347,1833,873,960,9655,9589,66,11488,2022-1
2,منطقة نجران,تجارة التجزئة، باستثناء المركبات ذات المحركات والدراجات النارية,2771,1928,989,939,9558,9490,68,11486,2022-4
3,منطقة القصيم,صنع منتجات المعادن اللافلزية الأخرى,478,2021,1393,628,9462,9457,5,11483,2022-7
2,منطقة القصيم,أنشطة زراعة المحاصيل والإنتاج الحيواني والصيد والخدمات المتصلة,1129,2093,1453,640,9324,9304,20,11417,2022-4
1,منطقة الرياض,الأنشطة الرياضية وأنشطة التسلية والترفيه,856,4430,2108,2322,6979,6117,862,11409,2022-1
4,منطقة مكة المكرمة,توصيل الكهرباء والغاز والبخار وتكييف الهواء,105,9826,9701,125,1561,1559,2,11387,2022-10
4,منطقة مكة المكرمة,صُنع الملبوسات,3212,1530,495,1035,9818,9034,784,11348,2022-10
3,المنطقة الشرقية,أنشطة زراعة المحاصيل والإنتاج الحيواني والصيد والخدمات المتصلة,2427,1388,921,467,9946,9935,11,11334,2022-7
1,منطقة الرياض,الصناعة التحويلية الأخرى,375,2517,1335,1182,8803,8729,74,11320,2022-1
4,منطقة الرياض,أنشطة العمل الاجتماعي، دون إقامة,757,7640,2971,4669,3663,3164,499,11303,2022-10
2,منطقة الرياض,صُنع المشروبات,159,3104,1922,1182,8193,8174,19,11297,2022-4
1,منطقة القصيم,أنشطة زراعة المحاصيل والإنتاج الحيواني والصيد والخدمات المتصلة,1193,2110,1467,643,9175,9158,17,11285,2022-1
1,منطقة مكة المكرمة,توصيل الكهرباء والغاز والبخار وتكييف الهواء,92,9766,9651,115,1510,1508,2,11276,2022-1
2,منطقة مكة المكرمة,أبحاث الإعلان والسوق,1619,3686,1877,1809,7586,7236,350,11272,2022-4
2,منطقة القصيم,صُنع المنتجات الغذائية,522,2467,1559,908,8803,8656,147,11270,2022-4
2,منطقة مكة المكرمة,توصيل الكهرباء والغاز والبخار وتكييف الهواء,100,9764,9636,128,1497,1495,2,11261,2022-4
1,منطقة المدينة المنورة,تجارة الجملة والتجزئة ، وإصلاح المركبات ذات المحركات والدراجات النارية,3153,1481,1009,472,9739,9716,23,11220,2022-1
2,المنطقة الشرقية,أبحاث الإعلان والسوق,783,3700,2264,1436,7511,7463,48,11211,2022-4
4,منطقة حائل,صيد الأسماك وتربية المائيات,3973,329,185,144,10826,10802,24,11155,2022-10
3,منطقة الرياض,صُنع المشروبات,167,3079,1903,1176,8042,8029,13,11121,2022-7
3,منطقة الرياض,الأنشطة الرياضية وأنشطة التسلية والترفيه,1009,4279,1879,2400,6837,5809,1028,11116,2022-7
1,منطقة نجران,تجارة التجزئة، باستثناء المركبات ذات المحركات والدراجات النارية,2552,1841,935,906,9234,9157,77,11075,2022-1
4,منطقة الرياض,صُنع المشروبات,158,3040,1836,1204,8028,8015,13,11068,2022-10
1,منطقة القصيم,النقل البري و النقل عبر الأنابيب,1302,2063,1523,540,8924,8921,3,10987,2022-1
3,منطقة مكة المكرمة,صُنع الملبوسات,3160,1543,523,1020,9439,8684,755,10982,2022-7
1,منطقة مكة المكرمة,أبحاث الإعلان والسوق,1488,3413,1746,1667,7493,7168,325,10906,2022-1
1,منطقة مكة المكرمة,أنشطة جمع النفايات ومعالجتها وتصريفها ، واسترجاع المواد,96,2232,990,1242,8668,8590,78,10900,2022-1
2,منطقة مكة المكرمة,صُنع الملبوسات,2974,1520,514,1006,9343,8478,865,10863,2022-4
3,منطقة مكة المكرمة,صيد الأسماك وتربية المائيات,3567,704,473,231,10093,9806,287,10797,2022-7
1,المنطقة الشرقية,أبحاث الإعلان والسوق,705,3539,2175,1364,7247,7205,42,10786,2022-1
4,منطقة نجران,تجارة التجزئة، باستثناء المركبات ذات المحركات والدراجات النارية,2989,1832,914,918,8950,8896,54,10782,2022-10
2,منطقة الرياض,صنع المعدات الكهربائية,320,2626,1782,844,8122,8106,16,10748,2022-4
4,منطقة عسير,صنع منتجات المعادن اللافلزية الأخرى,507,2414,1714,700,8323,8311,12,10737,2022-10
3,منطقة نجران,تجارة التجزئة، باستثناء المركبات ذات المحركات والدراجات النارية,2967,1863,965,898,8866,8812,54,10729,2022-7
1,منطقة الرياض,صُنع المشروبات,150,2962,1837,1125,7747,7730,17,10709,2022-1
1,منطقة القصيم,صُنع المنتجات الغذائية,483,2294,1445,849,8413,8246,167,10707,2022-1
3,منطقة حائل,أنشطة خدمات الأطعمة والمشروبات,2300,1472,808,664,9223,9182,41,10695,2022-7
3,منطقة الرياض,أنشطة البريد ونقل الرسائل والطرود بواسطة مندوبين,380,2094,1121,973,8600,8522,78,10694,2022-7
3,منطقة الرياض,أنشطة العمل الاجتماعي، دون إقامة,736,7166,2765,4401,3528,3119,409,10694,2022-7
4,منطقة حائل,أنشطة خدمات الأطعمة والمشروبات,2320,1504,820,684,9177,9125,52,10681,2022-10
4,منطقة نجران,أنشطة تقديم الخدمات للمباني وتجميل المواقع,238,1784,1058,726,8832,8765,67,10616,2022-10
3,منطقة عسير,صنع منتجات المعادن اللافلزية الأخرى,494,2324,1711,613,8222,8212,10,10546,2022-7
4,منطقة مكة المكرمة,صنع منتجات المطاط واللدائن,197,2565,1657,908,7807,7776,31,10372,2022-10
4,منطقة المدينة المنورة,صنع منتجات المعادن اللافلزية الأخرى,322,2306,1614,692,8063,8047,16,10369,2022-10
4,منطقة القصيم,إصلاح أجهزة الحاسوب والسلع الشخصية والمنزلية,872,158,108,50,10203,10183,20,10361,2022-10
2,منطقة مكة المكرمة,وكالات السفر ومشغّلو الجولات السياحية وخدمات الحجز والأنشطة المتصلة بها,755,5783,4354,1429,4553,4498,55,10336,2022-4
2,منطقة حائل,أنشطة خدمات الأطعمة والمشروبات,2230,1472,874,598,8859,8819,40,10331,2022-4
3,منطقة مكة المكرمة,صنع منتجات المطاط واللدائن,195,2563,1646,917,7767,7735,32,10330,2022-7
1,منطقة الرياض,صنع المعدات الكهربائية,305,2490,1701,789,7831,7815,16,10321,2022-1
1,منطقة مكة المكرمة,صُنع الملبوسات,2830,1330,452,878,8973,8108,865,10303,2022-1
4,منطقة مكة المكرمة,وكالات السفر ومشغّلو الجولات السياحية وخدمات الحجز والأنشطة المتصلة بها,903,5585,4099,1486,4717,4658,59,10302,2022-10
2,منطقة مكة المكرمة,أنشطة جمع النفايات ومعالجتها وتصريفها ، واسترجاع المواد,111,1881,839,1042,8419,8351,68,10300,2022-4
2,منطقة عسير,أنشطة تقديم الخدمات للمباني وتجميل المواقع,594,2243,1720,523,7999,7905,94,10242,2022-4
2,منطقة القصيم,صنع منتجات المعادن اللافلزية الأخرى,419,1782,1259,523,8440,8426,14,10222,2022-4
4,منطقة المدينة المنورة,الصحة البشرية,286,3538,1259,2279,6596,3215,3381,10134,2022-10
4,منطقة مكة المكرمة,أبحاث الإعلان والسوق,1913,3479,1598,1881,6624,6203,421,10103,2022-10
4,منطقة الرياض,أنشطة البريد ونقل الرسائل والطرود بواسطة مندوبين,384,2244,1172,1072,7768,7679,89,10012,2022-10
3,منطقة المدينة المنورة,الصحة البشرية,282,3385,1206,2179,6587,3215,3372,9972,2022-7
2,المنطقة الشرقية,أنشطة جمع النفايات ومعالجتها وتصريفها ، واسترجاع المواد,91,1534,1023,511,8425,6901,1524,9959,2022-4
1,المنطقة الشرقية,أنشطة جمع النفايات ومعالجتها وتصريفها ، واسترجاع المواد,84,1603,1091,512,8324,6745,1579,9927,2022-1
4,منطقة مكة المكرمة,صنع الفلزات القاعدية,308,2547,1721,826,7358,7334,24,9905,2022-10
3,منطقة مكة المكرمة,أبحاث الإعلان والسوق,1839,3380,1572,1808,6517,6112,405,9897,2022-7
4,منطقة عسير,النقل البري و النقل عبر الأنابيب,2164,1531,949,582,8322,8304,18,9853,2022-10
2,منطقة مكة المكرمة,صنع منتجات المطاط واللدائن,193,2480,1621,859,7349,7309,40,9829,2022-4
3,منطقة المدينة المنورة,صنع منتجات المعادن اللافلزية الأخرى,317,2233,1585,648,7591,7583,8,9824,2022-7
3,منطقة مكة المكرمة,وكالات السفر ومشغّلو الجولات السياحية وخدمات الحجز والأنشطة المتصلة بها,862,5333,4012,1321,4456,4401,55,9789,2022-7
3,منطقة عسير,النقل البري و النقل عبر الأنابيب,2142,1472,927,545,8299,8284,15,9771,2022-7
4,المنطقة الشرقية,أنشطة جمع النفايات ومعالجتها وتصريفها ، واسترجاع المواد,106,2086,1267,819,7670,6284,1386,9756,2022-10
4,منطقة المدينة المنورة,أنشطة تقديم الخدمات للمباني وتجميل المواقع,887,1723,999,724,7978,7774,204,9701,2022-10
2,منطقة عسير,النقل البري و النقل عبر الأنابيب,2144,1384,808,576,8280,8267,13,9664,2022-4
3,منطقة مكة المكرمة,صنع الفلزات القاعدية,303,2502,1715,787,7157,7137,20,9659,2022-7
2,منطقة عسير,صنع منتجات المعادن اللافلزية الأخرى,445,2121,1640,481,7524,7516,8,9645,2022-4
2,منطقة الحدود الشمالية,تشييد المباني,1788,997,534,463,8587,8536,51,9584,2022-4
2,منطقة الجوف,تشييد المباني,1770,1196,825,371,8387,8288,99,9583,2022-4
4,منطقة الحدود الشمالية,تشييد المباني,1817,915,498,417,8661,8625,36,9576,2022-10
4,منطقة عسير,أنشطة تقديم الخدمات للمباني وتجميل المواقع,548,2182,1682,500,7391,7269,122,9573,2022-10
4,منطقة الرياض,الصرف الصحي,143,1132,709,423,8423,8406,17,9555,2022-10
3,المنطقة الشرقية,أنشطة جمع النفايات ومعالجتها وتصريفها ، واسترجاع المواد,99,1807,1073,734,7743,6298,1445,9550,2022-7
1,منطقة الجوف,تشييد المباني,1664,1236,866,370,8247,8152,95,9483,2022-1
4,منطقة الجوف,تجارة التجزئة، باستثناء المركبات ذات المحركات والدراجات النارية,2883,1731,1034,697,7705,7661,44,9436,2022-10
1,منطقة مكة المكرمة,صنع منتجات المطاط واللدائن,189,2440,1593,847,6968,6930,38,9408,2022-1
1,منطقة الحدود الشمالية,تشييد المباني,1726,990,545,445,8394,8335,59,9384,2022-1
4,منطقة الرياض,صُنع المنسوجات,631,2146,1343,803,7202,7160,42,9348,2022-10
4,منطقة الرياض,صُنع الخشب ومنتجات الخشب والفلين ، باستثناء الأثاث ، صُنع أصناف من القش ومواد الضفر,1256,1667,613,1054,7644,7541,103,9311,2022-10
3,منطقة المدينة المنورة,أنشطة تقديم الخدمات للمباني وتجميل المواقع,894,1659,1016,643,7652,7469,183,9311,2022-7
4,المنطقة الشرقية,صناعة الآلات والمعدات غير المصنفة في موضع أخر,181,3617,3172,445,5660,5651,9,9277,2022-10
4,المنطقة الشرقية,صُنع الملبوسات,2558,1305,440,865,7969,7439,530,9274,2022-10
3,منطقة الجوف,تجارة التجزئة، باستثناء المركبات ذات المحركات والدراجات النارية,2825,1752,1080,672,7459,7409,50,9211,2022-7
1,منطقة عسير,أنشطة تقديم الخدمات للمباني وتجميل المواقع,562,2029,1549,480,7170,7109,61,9199,2022-1
1,منطقة حائل,أنشطة خدمات الأطعمة والمشروبات,2020,1298,760,538,7889,7853,36,9187,2022-1
3,منطقة الرياض,صُنع المنسوجات,621,2149,1343,806,7010,6968,42,9159,2022-7
1,منطقة مكة المكرمة,وكالات السفر ومشغّلو الجولات السياحية وخدمات الحجز والأنشطة المتصلة بها,698,4950,4010,940,4198,4146,52,9148,2022-1
3,المنطقة الشرقية,صناعة الآلات والمعدات غير المصنفة في موضع أخر,178,3567,3126,441,5581,5573,8,9148,2022-7
1,منطقة مكة المكرمة,أنشطة زراعة المحاصيل والإنتاج الحيواني والصيد والخدمات المتصلة,1805,1278,803,475,7714,7609,105,8992,2022-1
3,منطقة الرياض,صُنع الخشب ومنتجات الخشب والفلين ، باستثناء الأثاث ، صُنع أصناف من القش ومواد الضفر,1216,1591,601,990,7367,7268,99,8958,2022-7
3,المنطقة الشرقية,صُنع الملبوسات,2520,1287,459,828,7658,7133,525,8945,2022-7
2,منطقة الرياض,أنشطة البريد ونقل الرسائل والطرود بواسطة مندوبين,356,2002,1102,900,6920,6845,75,8922,2022-4
4,منطقة القصيم,الصحة البشرية,214,2423,978,1445,6469,3788,2681,8892,2022-10
3,منطقة الحدود الشمالية,تشييد المباني,1789,841,435,406,8048,8010,38,8889,2022-7
3,منطقة عسير,أنشطة تقديم الخدمات للمباني وتجميل المواقع,547,2119,1626,493,6764,6647,117,8883,2022-7
1,منطقة القصيم,الإدارة العامة والدفاع ؛ والضمان الاجتماعي الإلزامي,71,2877,2086,791,6003,5973,30,8880,2022-1
2,منطقة مكة المكرمة,صنع الفلزات القاعدية,318,2333,1593,740,6537,6515,22,8870,2022-4
1,منطقة عسير,النقل البري و النقل عبر الأنابيب,2031,1270,751,519,7597,7588,9,8867,2022-1
4,منطقة جازان,تجارة الجملة والتجزئة ، وإصلاح المركبات ذات المحركات والدراجات النارية,2907,892,617,275,7954,7939,15,8846,2022-10
2,منطقة جازان,تجارة الجملة والتجزئة ، وإصلاح المركبات ذات المحركات والدراجات النارية,2592,886,625,261,7943,7933,10,8829,2022-4
4,منطقة مكة المكرمة,إصلاح وتركيب الآلات والمعدات,1210,2437,1853,584,6363,6330,33,8800,2022-10
2,منطقة الرياض,الأنشطة الأخرى للتعدين واستغلال المحاجر,413,2154,1232,922,6639,6629,10,8793,2022-4
2,منطقة نجران,أنشطة خدمات الأطعمة والمشروبات,1745,1265,613,652,7517,7485,32,8782,2022-4
4,منطقة الجوف,تشييد المباني,1905,1008,698,310,7773,7660,113,8781,2022-10
3,منطقة الجوف,تشييد المباني,1836,1043,708,335,7736,7616,120,8779,2022-7
2,منطقة القصيم,الإدارة العامة والدفاع ؛ والضمان الاجتماعي الإلزامي,73,2854,2080,774,5899,5882,17,8753,2022-4
2,المنطقة الشرقية,صُنع الملبوسات,2334,1205,446,759,7542,7002,540,8747,2022-4
2,المنطقة الشرقية,صناعة الآلات والمعدات غير المصنفة في موضع أخر,177,3434,3045,389,5297,5285,12,8731,2022-4
2,منطقة جازان,تجارة الجملة ، باستثناء المركبات ذات المحركات والدراجات النارية,1956,1407,813,594,7270,7208,62,8677,2022-4
3,منطقة مكة المكرمة,أنشطة زراعة المحاصيل والإنتاج الحيواني والصيد والخدمات المتصلة,2467,922,559,363,7755,7663,92,8677,2022-7
3,منطقة جازان,تجارة الجملة والتجزئة ، وإصلاح المركبات ذات المحركات والدراجات النارية,2849,935,653,282,7741,7727,14,8676,2022-7
3,منطقة نجران,أنشطة خدمات الأطعمة والمشروبات,1862,1192,545,647,7457,7430,27,8649,2022-7
2,منطقة الجوف,تجارة التجزئة، باستثناء المركبات ذات المحركات والدراجات النارية,2516,1613,999,614,7035,7001,34,8648,2022-4
2,منطقة الرياض,صُنع المنسوجات,522,2109,1316,793,6481,6444,37,8590,2022-4
1,منطقة جازان,تجارة الجملة ، باستثناء المركبات ذات المحركات والدراجات النارية,1852,1381,796,585,7206,7147,59,8587,2022-1
4,منطقة مكة المكرمة,أنشطة جمع النفايات ومعالجتها وتصريفها ، واسترجاع المواد,147,1653,816,837,6915,6851,64,8568,2022-10
3,منطقة مكة المكرمة,إصلاح وتركيب الآلات والمعدات,1150,2343,1797,546,6212,6183,29,8555,2022-7
4,منطقة المدينة المنورة,الهندسة المدنية,287,1756,1226,530,6788,6767,21,8544,2022-10
1,منطقة الرياض,الأنشطة الأخرى للتعدين واستغلال المحاجر,363,2078,1198,880,6459,6449,10,8537,2022-1
2,منطقة تبوك,الصحة البشرية,99,5042,2839,2203,3479,1662,1817,8521,2022-4
1,منطقة الرياض,صيد الأسماك وتربية المائيات,4326,552,277,275,7963,7910,53,8515,2022-1
1,منطقة تبوك,الصحة البشرية,96,5036,2834,2202,3473,1658,1815,8509,2022-1
1,منطقة جازان,تجارة الجملة والتجزئة ، وإصلاح المركبات ذات المحركات والدراجات النارية,2415,936,644,292,7572,7561,11,8508,2022-1
3,منطقة الرياض,الصرف الصحي,146,921,605,316,7583,7565,18,8504,2022-7
4,منطقة نجران,أنشطة خدمات الأطعمة والمشروبات,1887,1132,484,648,7359,7329,30,8491,2022-10
3,منطقة مكة المكرمة,أنشطة جمع النفايات ومعالجتها وتصريفها ، واسترجاع المواد,132,1607,774,833,6884,6822,62,8491,2022-7
4,منطقة مكة المكرمة,أنشطة زراعة المحاصيل والإنتاج الحيواني والصيد والخدمات المتصلة,2390,893,489,404,7591,7497,94,8484,2022-10
1,المنطقة الشرقية,صناعة الآلات والمعدات غير المصنفة في موضع أخر,177,3408,3013,395,5060,5047,13,8468,2022-1
4,منطقة المدينة المنورة,الإقامة,620,3396,2332,1064,5023,4965,58,8419,2022-10
2,منطقة الرياض,صُنع الخشب ومنتجات الخشب والفلين ، باستثناء الأثاث ، صُنع أصناف من القش ومواد الضفر,1102,1486,597,889,6902,6807,95,8388,2022-4
1,منطقة القصيم,صنع منتجات المعادن اللافلزية الأخرى,345,1660,1194,466,6722,6717,5,8382,2022-1
2,منطقة مكة المكرمة,أنشطة زراعة المحاصيل والإنتاج الحيواني والصيد والخدمات المتصلة,1697,1072,683,389,7272,7170,102,8344,2022-4
2,منطقة جازان,الصحة البشرية,194,5081,2406,2675,3237,1417,1820,8318,2022-4
4,منطقة عسير,الهندسة المدنية,238,1563,1206,357,6734,6731,3,8297,2022-10
1,منطقة عسير,صنع منتجات المعادن اللافلزية الأخرى,377,2015,1597,418,6276,6272,4,8291,2022-1
3,منطقة القصيم,الصحة البشرية,215,2369,959,1410,5920,3219,2701,8289,2022-7
3,منطقة المدينة المنورة,الهندسة المدنية,279,1657,1180,477,6632,6619,13,8289,2022-7
3,المنطقة الشرقية,توصيل الكهرباء والغاز والبخار وتكييف الهواء,113,6853,6726,127,1419,1417,2,8272,2022-7
4,منطقة مكة المكرمة,الصناعة التحويلية الأخرى,306,1955,1192,763,6302,6252,50,8257,2022-10
1,منطقة الرياض,صُنع المنسوجات,470,2200,1202,998,6038,6005,33,8238,2022-1
4,المنطقة الشرقية,توصيل الكهرباء والغاز والبخار وتكييف الهواء,119,6771,6627,144,1447,1444,3,8218,2022-10
1,المنطقة الشرقية,صُنع الملبوسات,2195,1136,421,715,7080,6548,532,8216,2022-1
3,منطقة جازان,تجارة الجملة ، باستثناء المركبات ذات المحركات والدراجات النارية,2073,1410,840,570,6762,6733,29,8172,2022-7
2,المنطقة الشرقية,توصيل الكهرباء والغاز والبخار وتكييف الهواء,111,6872,6754,118,1278,1276,2,8150,2022-4
4,المنطقة الشرقية,الإقامة,616,2891,1608,1283,5259,5152,107,8150,2022-10
3,المنطقة الشرقية,الإقامة,603,2860,1628,1232,5274,5154,120,8134,2022-7
1,المنطقة الشرقية,توصيل الكهرباء والغاز والبخار وتكييف الهواء,103,6875,6771,104,1253,1251,2,8128,2022-1
1,منطقة نجران,أنشطة خدمات الأطعمة والمشروبات,1574,1219,610,609,6908,6882,26,8127,2022-1
3,منطقة مكة المكرمة,الصناعة التحويلية الأخرى,307,1915,1160,755,6192,6140,52,8107,2022-7
3,منطقة عسير,الهندسة المدنية,225,1506,1182,324,6599,6597,2,8105,2022-7
4,منطقة جازان,تجارة الجملة ، باستثناء المركبات ذات المحركات والدراجات النارية,2089,1339,799,540,6742,6716,26,8081,2022-10
1,منطقة جازان,الصحة البشرية,180,4978,2391,2587,3100,1381,1719,8078,2022-1
2,المنطقة الشرقية,الإقامة,557,2835,1615,1220,5183,5056,127,8018,2022-4
1,منطقة الجوف,تجارة التجزئة، باستثناء المركبات ذات المحركات والدراجات النارية,2256,1449,913,536,6554,6524,30,8003,2022-1
3,منطقة المدينة المنورة,الإقامة,597,3149,2204,945,4804,4753,51,7953,2022-7
4,منطقة المدينة المنورة,أنشطة الخدمات الشخصية الأخرى,3110,751,250,501,7201,6271,930,7952,2022-10
2,منطقة المدينة المنورة,أنشطة تقديم الخدمات للمباني وتجميل المواقع,921,1385,963,422,6544,6484,60,7929,2022-4
1,منطقة عسير,الهندسة المدنية,190,1320,1046,274,6567,6565,2,7887,2022-1
4,المنطقة الشرقية,صنع الأثاث,745,1309,679,630,6568,6550,18,7877,2022-10
2,منطقة المدينة المنورة,الهندسة المدنية,261,1720,1144,576,6142,6129,13,7862,2022-4
1,المنطقة الشرقية,الإقامة,506,2723,1582,1141,5081,4961,120,7804,2022-1
1,منطقة الرياض,صُنع الخشب ومنتجات الخشب والفلين ، باستثناء الأثاث ، صُنع أصناف من القش ومواد الضفر,1021,1344,537,807,6447,6360,87,7791,2022-1
1,منطقة المدينة المنورة,أنشطة تقديم الخدمات للمباني وتجميل المواقع,898,1332,920,412,6457,6412,45,7789,2022-1
2,منطقة المدينة المنورة,صنع منتجات المعادن اللافلزية الأخرى,301,1866,1392,474,5865,5858,7,7731,2022-4
1,منطقة المدينة المنورة,الهندسة المدنية,239,1642,1067,575,6074,6062,12,7716,2022-1
3,منطقة مكة المكرمة,أنشطة الخدمات المالية ، فيما عدا تمويل التأمين وصناديق المعاشات,486,5129,3930,1199,2577,2509,68,7706,2022-7
3,المنطقة الشرقية,صنع الأثاث,740,1363,755,608,6331,6316,15,7694,2022-7
4,المنطقة الشرقية,صنع المعدات الكهربائية,209,3063,2679,384,4610,4600,10,7673,2022-10
2,منطقة المدينة المنورة,الإقامة,497,2877,2077,800,4757,4707,50,7634,2022-4
4,منطقة نجران,أنشطة التشييد المتخصصة,1215,769,479,290,6837,6827,10,7606,2022-10
2,منطقة عسير,الهندسة المدنية,212,1407,1101,306,6184,6182,2,7591,2022-4
1,المنطقة الشرقية,الأنشطة العقارية,799,2701,1639,1062,4881,4817,64,7582,2022-1
4,منطقة الرياض,صُنع الورق ومنتجات الورق,267,1732,854,878,5848,5819,29,7580,2022-10
2,منطقة مكة المكرمة,الصناعة التحويلية الأخرى,289,1778,1151,627,5777,5733,44,7555,2022-4
2,منطقة مكة المكرمة,إصلاح وتركيب الآلات والمعدات,1004,2126,1637,489,5422,5397,25,7548,2022-4
1,منطقة المدينة المنورة,التعليم,261,5110,1991,3119,2410,2006,404,7520,2022-1
3,منطقة المدينة المنورة,أنشطة الخدمات الشخصية الأخرى,2965,716,248,468,6745,5900,845,7461,2022-7
4,منطقة جازان,أنشطة التشييد المتخصصة,2463,533,298,235,6878,6855,23,7411,2022-10
2,منطقة المدينة المنورة,التعليم,274,5010,2001,3009,2386,1981,405,7396,2022-4
2,المنطقة الشرقية,الأنشطة العقارية,866,2792,1687,1105,4593,4544,49,7385,2022-4
2,المنطقة الشرقية,صنع الأثاث,718,1366,808,558,5994,5981,13,7360,2022-4
4,منطقة مكة المكرمة,أنشطة الخدمات المالية ، فيما عدا تمويل التأمين وصناديق المعاشات,482,4840,3640,1200,2504,2431,73,7344,2022-10
2,منطقة المدينة المنورة,أنشطة الخدمات الشخصية الأخرى,2741,745,297,448,6595,5883,712,7340,2022-4
4,منطقة عسير,أنشطة الخدمات الشخصية الأخرى,3046,567,237,330,6756,6276,480,7323,2022-10
3,منطقة الرياض,الأنشطة الأخرى للتعدين واستغلال المحاجر,437,1937,1134,803,5345,5333,12,7282,2022-7
2,منطقة الباحة,تشييد المباني,1466,885,608,277,6385,6375,10,7270,2022-4
3,المنطقة الشرقية,صنع المعدات الكهربائية,211,2942,2584,358,4328,4319,9,7270,2022-7
1,منطقة الباحة,تشييد المباني,1399,953,680,273,6264,6255,9,7217,2022-1
4,منطقة مكة المكرمة,صنع الأثاث,879,1147,523,624,6052,6026,26,7199,2022-10
1,منطقة مكة المكرمة,الصناعة التحويلية الأخرى,274,1698,1101,597,5496,5455,41,7194,2022-1
1,المنطقة الشرقية,الأنشطة الأخرى للتعدين واستغلال المحاجر,129,1904,1462,442,5240,5232,8,7144,2022-1
4,المنطقة الشرقية,الأنشطة العقارية,958,2955,1803,1152,4181,4135,46,7136,2022-10
1,منطقة مكة المكرمة,إصلاح وتركيب الآلات والمعدات,931,2015,1558,457,5115,5095,20,7130,2022-1
4,منطقة الرياض,الأنشطة الأخرى للتعدين واستغلال المحاجر,456,1887,1079,808,5233,5221,12,7120,2022-10
4,المنطقة الشرقية,صنع فحم الكوك والمنتجات النفطية المكررة,53,4299,4160,139,2806,2805,1,7105,2022-10
1,منطقة مكة المكرمة,صنع الفلزات القاعدية,308,1935,1298,637,5133,5111,22,7068,2022-1
3,منطقة الرياض,صُنع الورق ومنتجات الورق,262,1677,826,851,5384,5363,21,7061,2022-7
1,منطقة المدينة المنورة,الإقامة,448,2495,1799,696,4565,4520,45,7060,2022-1
3,المنطقة الشرقية,صنع فحم الكوك والمنتجات النفطية المكررة,56,4248,4118,130,2800,2799,1,7048,2022-7
4,منطقة المدينة المنورة,النقل البري و النقل عبر الأنابيب,1228,1123,668,455,5903,5901,2,7026,2022-10
3,منطقة مكة المكرمة,صنع الأثاث,861,1159,545,614,5860,5831,29,7019,2022-7
3,منطقة عسير,أنشطة الخدمات الشخصية الأخرى,2894,611,291,320,6368,5914,454,6979,2022-7
2,المنطقة الشرقية,صنع المعدات الكهربائية,244,2877,2521,356,4094,4084,10,6971,2022-4
1,المنطقة الشرقية,الأنشطة الإدارية للمكاتب ، وأنشطة الدعم للمكاتب وغير ذلك من أنشطة الدعم للأعمال,725,2593,1570,1023,4367,4307,60,6960,2022-1
3,المنطقة الشرقية,الأنشطة العقارية,907,2843,1733,1110,4110,4068,42,6953,2022-7
4,منطقة مكة المكرمة,الأنشطة القانونية وأنشطة المحاسبة,1052,4164,2563,1601,2775,2643,132,6939,2022-10
1,منطقة نجران,أنشطة التشييد المتخصصة,1293,833,515,318,6100,6067,33,6933,2022-1
2,المنطقة الشرقية,الأنشطة الإدارية للمكاتب ، وأنشطة الدعم للمكاتب وغير ذلك من أنشطة الدعم للأعمال,793,2546,1502,1044,4354,4289,65,6900,2022-4
3,منطقة حائل,أنشطة زراعة المحاصيل والإنتاج الحيواني والصيد والخدمات المتصلة,1671,722,629,93,6177,6164,13,6899,2022-7
3,منطقة نجران,أنشطة التشييد المتخصصة,1227,711,428,283,6174,6165,9,6885,2022-7
4,منطقة حائل,أنشطة زراعة المحاصيل والإنتاج الحيواني والصيد والخدمات المتصلة,1608,871,773,98,6000,5989,11,6871,2022-10
2,منطقة مكة المكرمة,النقل الجوي,106,5978,5314,664,892,803,89,6870,2022-4
1,منطقة المدينة المنورة,أنشطة الخدمات الشخصية الأخرى,2523,683,283,400,6183,5520,663,6866,2022-1
4,منطقة مكة المكرمة,أنشطة العمل الاجتماعي، دون إقامة,706,4575,1689,2886,2271,1883,388,6846,2022-10
2,منطقة نجران,أنشطة التشييد المتخصصة,1321,777,478,299,6066,6039,27,6843,2022-4
1,منطقة حائل,أنشطة زراعة المحاصيل والإنتاج الحيواني والصيد والخدمات المتصلة,1428,706,590,116,6122,6110,12,6828,2022-1
2,منطقة حائل,الصحة البشرية,130,3395,1870,1525,3431,1379,2052,6826,2022-4
1,المنطقة الشرقية,صنع المعدات الكهربائية,244,2838,2494,344,3965,3956,9,6803,2022-1
4,منطقة مكة المكرمة,النقل الجوي,119,6051,5379,672,746,621,125,6797,2022-10
3,منطقة مكة المكرمة,النقل الجوي,119,6039,5359,680,757,634,123,6796,2022-7
1,منطقة مكة المكرمة,النقل الجوي,101,5919,5282,637,856,795,61,6775,2022-1
4,المنطقة الشرقية,أنشطة الأمن والتحقيقات,101,6610,6060,550,163,159,4,6773,2022-10
4,منطقة المدينة المنورة,التعليم,305,4410,1224,3186,2353,1914,439,6763,2022-10
3,منطقة المدينة المنورة,النقل البري و النقل عبر الأنابيب,1203,1100,658,442,5655,5651,4,6755,2022-7
4,منطقة مكة المكرمة,صُنع المشروبات,174,1904,1316,588,4847,4835,12,6751,2022-10
1,منطقة مكة المكرمة,أنشطة العمل الاجتماعي، دون إقامة,635,4215,1657,2558,2516,2091,425,6731,2022-1
1,منطقة حائل,الصحة البشرية,124,3358,1853,1505,3368,1387,1981,6726,2022-1
3,منطقة مكة المكرمة,صُنع المشروبات,174,1900,1312,588,4817,4805,12,6717,2022-7
4,منطقة الرياض,صناعة الآلات والمعدات غير المصنفة في موضع أخر,403,1445,781,664,5264,5251,13,6709,2022-10
2,المنطقة الشرقية,صنع فحم الكوك والمنتجات النفطية المكررة,53,4093,3979,114,2606,2604,2,6699,2022-4
2,منطقة حائل,أنشطة زراعة المحاصيل والإنتاج الحيواني والصيد والخدمات المتصلة,1359,688,565,123,5963,5952,11,6651,2022-4
4,منطقة القصيم,أنشطة الخدمات الشخصية الأخرى,2369,578,227,351,6069,5291,778,6647,2022-10
3,منطقة الرياض,صناعة الآلات والمعدات غير المصنفة في موضع أخر,396,1403,787,616,5243,5231,12,6646,2022-7
3,منطقة جازان,أنشطة التشييد المتخصصة,2205,495,284,211,6144,6123,21,6639,2022-7
4,منطقة مكة المكرمة,صُنع الورق ومنتجات الورق,164,1804,1129,675,4814,4781,33,6618,2022-10
4,منطقة الحدود الشمالية,تجارة التجزئة، باستثناء المركبات ذات المحركات والدراجات النارية,2103,978,537,441,5595,5556,39,6573,2022-10
3,منطقة الحدود الشمالية,تجارة التجزئة، باستثناء المركبات ذات المحركات والدراجات النارية,2067,1005,568,437,5538,5498,40,6543,2022-7
3,منطقة مكة المكرمة,أنشطة العمل الاجتماعي، دون إقامة,682,4282,1642,2640,2242,1870,372,6524,2022-7
4,منطقة الرياض,أنشطة المنظمات ذات العضوية,2306,853,413,440,5658,5528,130,6511,2022-10
4,منطقة القصيم,صيد الأسماك وتربية المائيات,2179,202,107,95,6307,6295,12,6509,2022-10
4,منطقة مكة المكرمة,الأنشطة الرياضية وأنشطة التسلية والترفيه,827,2742,1118,1624,3759,3319,440,6501,2022-10
3,منطقة الرياض,أنشطة المنظمات ذات العضوية,2326,856,411,445,5639,5518,121,6495,2022-7
1,منطقة حائل,الإدارة العامة والدفاع ؛ والضمان الاجتماعي الإلزامي,44,4133,3577,556,2349,2348,1,6482,2022-1
2,منطقة المدينة المنورة,النقل البري و النقل عبر الأنابيب,1260,980,588,392,5486,5479,7,6466,2022-4
2,منطقة مكة المكرمة,أنشطة العمل الاجتماعي، دون إقامة,650,3963,1692,2271,2494,2073,421,6457,2022-4
4,المنطقة الشرقية,أبحاث الإعلان والسوق,907,2479,1274,1205,3973,3917,56,6452,2022-10
2,منطقة عسير,أنشطة الخدمات الشخصية الأخرى,2440,604,289,315,5844,5461,383,6448,2022-4
3,منطقة القصيم,أنشطة الخدمات الشخصية الأخرى,2304,583,228,355,5864,5121,743,6447,2022-7
2,منطقة حائل,أنشطة التشييد المتخصصة,1294,702,435,267,5745,5718,27,6447,2022-4
2,منطقة القصيم,أنشطة الخدمات الشخصية الأخرى,2026,589,236,353,5844,5132,712,6433,2022-4
4,منطقة تبوك,تجارة الجملة والتجزئة ، وإصلاح المركبات ذات المحركات والدراجات النارية,1916,744,502,242,5687,5679,8,6431,2022-10
4,منطقة الباحة,تشييد المباني,1507,708,471,237,5716,5701,15,6424,2022-10
3,منطقة الباحة,تشييد المباني,1484,715,481,234,5707,5696,11,6422,2022-7
3,منطقة المدينة المنورة,التعليم,301,4126,1161,2965,2296,1879,417,6422,2022-7
1,المنطقة الشرقية,صنع منتجات المطاط واللدائن,115,1731,1324,407,4690,4688,2,6421,2022-1
2,منطقة مكة المكرمة,صنع الأثاث,825,1051,525,526,5355,5320,35,6406,2022-4
3,منطقة مكة المكرمة,الأنشطة القانونية وأنشطة المحاسبة,988,3723,2324,1399,2667,2548,119,6390,2022-7
4,المنطقة الشرقية,الأنشطة الإدارية للمكاتب ، وأنشطة الدعم للمكاتب وغير ذلك من أنشطة الدعم للأعمال,909,2539,1555,984,3850,3781,69,6389,2022-10
3,المنطقة الشرقية,أبحاث الإعلان والسوق,876,2446,1289,1157,3906,3859,47,6352,2022-7
3,منطقة مكة المكرمة,صُنع الورق ومنتجات الورق,154,1694,1045,649,4656,4626,30,6350,2022-7
1,المنطقة الشرقية,صنع الأثاث,652,1197,692,505,5149,5138,11,6346,2022-1
4,منطقة القصيم,صنع منتجات المعادن المشكلة ( باستثناء الآلات والمعدات ),1442,831,506,325,5490,5483,7,6321,2022-10
3,المنطقة الشرقية,صنع منتجات المطاط واللدائن,144,1707,1313,394,4602,4597,5,6309,2022-7
3,منطقة تبوك,تجارة الجملة والتجزئة ، وإصلاح المركبات ذات المحركات والدراجات النارية,1876,793,550,243,5507,5500,7,6300,2022-7
2,منطقة مكة المكرمة,صُنع المشروبات,172,1818,1283,535,4470,4458,12,6288,2022-4
2,منطقة جازان,أنشطة التشييد المتخصصة,2006,543,314,229,5717,5688,29,6260,2022-4
3,المنطقة الشرقية,الأنشطة الإدارية للمكاتب ، وأنشطة الدعم للمكاتب وغير ذلك من أنشطة الدعم للأعمال,878,2482,1533,949,3772,3716,56,6254,2022-7
3,منطقة مكة المكرمة,الأنشطة الرياضية وأنشطة التسلية والترفيه,778,2585,1032,1553,3668,3254,414,6253,2022-7
2,منطقة مكة المكرمة,صيد الأسماك وتربية المائيات,1938,488,359,129,5759,5604,155,6247,2022-4
2,منطقة الرياض,النقل الجوي,288,3218,2880,338,3004,2512,492,6222,2022-4
4,المنطقة الشرقية,صنع منتجات المطاط واللدائن,150,1702,1323,379,4518,4511,7,6220,2022-10
4,المنطقة الشرقية,صُنع الورق ومنتجات الورق,128,1656,1137,519,4553,4541,12,6209,2022-10
4,منطقة الباحة,تجارة التجزئة، باستثناء المركبات ذات المحركات والدراجات النارية,1822,1402,902,500,4800,4780,20,6202,2022-10
1,منطقة المدينة المنورة,صنع منتجات المعادن اللافلزية الأخرى,257,1747,1319,428,4447,4442,5,6194,2022-1
1,المنطقة الشرقية,أنشطة الأمن والتحقيقات,85,6023,5572,451,157,157,0,6180,2022-1
4,المنطقة الشرقية,الصناعة التحويلية الأخرى,213,1939,1598,341,4225,4209,16,6164,2022-10
4,منطقة الجوف,أنشطة خدمات الأطعمة والمشروبات,1396,937,600,337,5206,5195,11,6143,2022-10
2,منطقة الحدود الشمالية,تجارة التجزئة، باستثناء المركبات ذات المحركات والدراجات النارية,1843,962,570,392,5177,5125,52,6139,2022-4
4,المنطقة الشرقية,صيد الأسماك وتربية المائيات,1819,295,129,166,5800,5794,6,6095,2022-10
4,منطقة حائل,أنشطة التشييد المتخصصة,1280,628,385,243,5459,5433,26,6087,2022-10
3,منطقة القصيم,صنع منتجات المعادن المشكلة ( باستثناء الآلات والمعدات ),1427,787,474,313,5294,5287,7,6081,2022-7
1,منطقة القصيم,أنشطة الخدمات الشخصية الأخرى,1850,485,195,290,5589,4929,660,6074,2022-1
1,منطقة مكة المكرمة,صُنع المشروبات,157,1752,1249,503,4309,4298,11,6061,2022-1
1,منطقة الرياض,النقل الجوي,277,3141,2813,328,2914,2557,357,6055,2022-1
2,المنطقة الشرقية,صنع منتجات المطاط واللدائن,129,1666,1294,372,4388,4385,3,6054,2022-4
3,منطقة حائل,أنشطة التشييد المتخصصة,1262,641,406,235,5395,5367,28,6036,2022-7
2,منطقة تبوك,تجارة الجملة والتجزئة ، وإصلاح المركبات ذات المحركات والدراجات النارية,1681,797,539,258,5234,5226,8,6031,2022-4
3,منطقة حائل,صيد الأسماك وتربية المائيات,2285,208,113,95,5820,5800,20,6028,2022-7
3,المنطقة الشرقية,الصناعة التحويلية الأخرى,215,1959,1585,374,4062,4046,16,6021,2022-7
3,منطقة الجوف,أنشطة خدمات الأطعمة والمشروبات,1377,930,610,320,5086,5074,12,6016,2022-7
1,منطقة مكة المكرمة,صنع الأثاث,741,1005,515,490,5006,4978,28,6011,2022-1
3,المنطقة الشرقية,أنشطة الأمن والتحقيقات,100,5865,5387,478,146,142,4,6011,2022-7
2,منطقة الرياض,صناعة الآلات والمعدات غير المصنفة في موضع أخر,377,1227,715,512,4761,4748,13,5988,2022-4
4,منطقة حائل,تجارة الجملة والتجزئة ، وإصلاح المركبات ذات المحركات والدراجات النارية,1628,716,437,279,5267,5263,4,5983,2022-10
2,منطقة القصيم,صنع منتجات المعادن المشكلة ( باستثناء الآلات والمعدات ),1307,762,467,295,5215,5207,8,5977,2022-4
3,منطقة حائل,تجارة الجملة والتجزئة ، وإصلاح المركبات ذات المحركات والدراجات النارية,1618,754,451,303,5220,5216,4,5974,2022-7
2,منطقة الرياض,صُنع الورق ومنتجات الورق,234,1476,783,693,4498,4490,8,5974,2022-4
2,منطقة مكة المكرمة,صُنع الورق ومنتجات الورق,147,1638,1031,607,4334,4309,25,5972,2022-4
3,منطقة الباحة,تجارة التجزئة، باستثناء المركبات ذات المحركات والدراجات النارية,1742,1377,911,466,4589,4569,20,5966,2022-7
1,المنطقة الشرقية,صنع فحم الكوك والمنتجات النفطية المكررة,49,3568,3474,94,2391,2389,2,5959,2022-1
1,منطقة المدينة المنورة,النقل البري و النقل عبر الأنابيب,1207,924,566,358,5033,5026,7,5957,2022-1
2,المنطقة الشرقية,الأنشطة الأخرى للتعدين واستغلال المحاجر,146,1650,1325,325,4287,4277,10,5937,2022-4
4,منطقة الرياض,وكالات السفر ومشغّلو الجولات السياحية وخدمات الحجز والأنشطة المتصلة بها,571,2323,1219,1104,3603,3517,86,5926,2022-10
4,منطقة عسير,صُنع المنتجات الغذائية,647,1072,578,494,4852,4850,2,5924,2022-10
2,منطقة الباحة,تجارة التجزئة، باستثناء المركبات ذات المحركات والدراجات النارية,1575,1321,908,413,4600,4577,23,5921,2022-4
1,منطقة حائل,أنشطة التشييد المتخصصة,1188,687,404,283,5205,5190,15,5892,2022-1
3,منطقة الرياض,وكالات السفر ومشغّلو الجولات السياحية وخدمات الحجز والأنشطة المتصلة بها,538,2281,1269,1012,3611,3544,67,5892,2022-7
1,منطقة عسير,أنشطة الخدمات الشخصية الأخرى,2155,543,251,292,5312,4994,318,5855,2022-1
1,منطقة مكة المكرمة,صُنع الورق ومنتجات الورق,136,1646,1049,597,4189,4165,24,5835,2022-1
2,منطقة مكة المكرمة,الأنشطة القانونية وأنشطة المحاسبة,905,3219,2028,1191,2553,2444,109,5772,2022-4
3,المنطقة الشرقية,صُنع الورق ومنتجات الورق,123,1502,1067,435,4207,4198,9,5709,2022-7
2,منطقة حائل,تجارة الجملة والتجزئة ، وإصلاح المركبات ذات المحركات والدراجات النارية,1449,730,449,281,4979,4973,6,5709,2022-4
4,المنطقة الشرقية,أنشطة العمل الاجتماعي، دون إقامة,410,4301,915,3386,1397,1045,352,5698,2022-10
2,المنطقة الشرقية,أنشطة الأمن والتحقيقات,94,5512,5058,454,179,179,0,5691,2022-4
3,منطقة عسير,صُنع المنتجات الغذائية,618,1011,579,432,4661,4659,2,5672,2022-7
1,منطقة تبوك,تجارة الجملة والتجزئة ، وإصلاح المركبات ذات المحركات والدراجات النارية,1541,751,508,243,4895,4888,7,5646,2022-1
2,منطقة الرياض,وكالات السفر ومشغّلو الجولات السياحية وخدمات الحجز والأنشطة المتصلة بها,455,1995,1148,847,3625,3565,60,5620,2022-4
1,منطقة الحدود الشمالية,تجارة التجزئة، باستثناء المركبات ذات المحركات والدراجات النارية,1667,899,544,355,4690,4639,51,5589,2022-1
4,منطقة المدينة المنورة,صُنع المنتجات الغذائية,655,1171,726,445,4363,4339,24,5534,2022-10
1,منطقة مكة المكرمة,الأنشطة القانونية وأنشطة المحاسبة,854,3035,1935,1100,2496,2392,104,5531,2022-1
4,منطقة نجران,صيد الأسماك وتربية المائيات,1893,175,95,80,5356,5346,10,5531,2022-10
4,منطقة تبوك,أنشطة التشييد المتخصصة,1489,507,289,218,5010,5002,8,5517,2022-10
1,منطقة القصيم,صنع منتجات المعادن المشكلة ( باستثناء الآلات والمعدات ),1194,681,434,247,4821,4814,7,5502,2022-1
2,منطقة الرياض,الأنشطة المهنية والعلمية والتقنية الأخرى,649,2404,1367,1037,3097,2829,268,5501,2022-4
2,منطقة مكة المكرمة,الأنشطة الرياضية وأنشطة التسلية والترفيه,713,2213,955,1258,3285,2900,385,5498,2022-4
2,منطقة الرياض,الطباعة واستنساخ وسائط الأعلام المسجّلة,431,1713,784,929,3778,3753,25,5491,2022-4
1,منطقة الرياض,صُنع الورق ومنتجات الورق,210,1299,673,626,4171,4164,7,5470,2022-1
4,منطقة مكة المكرمة,إصلاح أجهزة الحاسوب والسلع الشخصية والمنزلية,1575,681,422,259,4770,4726,44,5451,2022-10
2,المنطقة الشرقية,إصلاح أجهزة الحاسوب والسلع الشخصية والمنزلية,1014,882,624,258,4568,4553,15,5450,2022-4
2,منطقة تبوك,أنشطة تقديم الخدمات للمباني وتجميل المواقع,339,1979,1699,280,3468,3413,55,5447,2022-4
3,منطقة مكة المكرمة,إصلاح أجهزة الحاسوب والسلع الشخصية والمنزلية,1536,663,379,284,4783,4743,40,5446,2022-7
2,منطقة الجوف,أنشطة خدمات الأطعمة والمشروبات,1307,853,588,265,4582,4566,16,5435,2022-4
4,المنطقة الشرقية,صُنع الخشب ومنتجات الخشب والفلين ، باستثناء الأثاث ، صُنع أصناف من القش ومواد الضفر,616,1010,579,431,4421,4407,14,5431,2022-10
1,منطقة الرياض,صناعة الآلات والمعدات غير المصنفة في موضع أخر,364,1142,687,455,4273,4261,12,5415,2022-1
1,منطقة جازان,أنشطة التشييد المتخصصة,1709,474,268,206,4925,4901,24,5399,2022-1
3,منطقة الرياض,تمويل التأمين وإعادة التأمين وصناديق المعاشات التقاعدية باستثناء الضمان الاجتماعي الإلزامي,45,4207,2799,1408,1188,1144,44,5395,2022-7
4,منطقة نجران,الهندسة المدنية,99,989,672,317,4403,4399,4,5392,2022-10
2,منطقة مكة المكرمة,أنشطة البرمجة الحاسوبية والخبرة الاستشارية وما يتصل بها من أنشطة,665,2330,1542,788,3052,2923,129,5382,2022-4
2,منطقة مكة المكرمة,إصلاح أجهزة الحاسوب والسلع الشخصية والمنزلية,1454,667,403,264,4711,4665,46,5378,2022-4
4,منطقة الرياض,النقل الجوي,266,2642,2332,310,2732,2123,609,5374,2022-10
1,منطقة الرياض,الطباعة واستنساخ وسائط الأعلام المسجّلة,402,1643,790,853,3728,3707,21,5371,2022-1
1,منطقة الرياض,وكالات السفر ومشغّلو الجولات السياحية وخدمات الحجز والأنشطة المتصلة بها,400,1839,1105,734,3529,3470,59,5368,2022-1
1,منطقة الباحة,تجارة التجزئة، باستثناء المركبات ذات المحركات والدراجات النارية,1434,1117,785,332,4240,4218,22,5357,2022-1
3,منطقة الرياض,أنشطة النشر,256,2589,994,1595,2766,2615,151,5355,2022-7
1,منطقة نجران,الإدارة العامة والدفاع ؛ والضمان الاجتماعي الإلزامي,60,2788,2382,406,2566,1971,595,5354,2022-1
4,منطقة المدينة المنورة,صُنع المواد الكيميائية والمنتجات الكيميائية,88,3421,3303,118,1930,1925,5,5351,2022-10
2,منطقة نجران,الإدارة العامة والدفاع ؛ والضمان الاجتماعي الإلزامي,58,2783,2376,407,2565,1968,597,5348,2022-4
3,منطقة المدينة المنورة,صُنع المنتجات الغذائية,643,1122,689,433,4225,4199,26,5347,2022-7
3,منطقة الرياض,النقل الجوي,266,2634,2311,323,2710,2153,557,5344,2022-7
3,المنطقة الشرقية,أنشطة العمل الاجتماعي، دون إقامة,398,3976,909,3067,1356,1034,322,5332,2022-7
1,منطقة مكة المكرمة,الأنشطة الأخرى للتعدين واستغلال المحاجر,170,2292,1977,315,3034,3028,6,5326,2022-1
2,منطقة نجران,الهندسة المدنية,89,1019,744,275,4304,4301,3,5323,2022-4
3,منطقة عسير,توصيل الكهرباء والغاز والبخار وتكييف الهواء,30,4791,4778,13,525,524,1,5316,2022-7
1,منطقة حائل,تجارة الجملة والتجزئة ، وإصلاح المركبات ذات المحركات والدراجات النارية,1344,697,430,267,4616,4607,9,5313,2022-1
3,منطقة المدينة المنورة,صُنع المواد الكيميائية والمنتجات الكيميائية,86,3428,3318,110,1874,1870,4,5302,2022-7
1,منطقة عسير,توصيل الكهرباء والغاز والبخار وتكييف الهواء,26,4727,4716,11,553,553,0,5280,2022-1
3,المنطقة الشرقية,صُنع الخشب ومنتجات الخشب والفلين ، باستثناء الأثاث ، صُنع أصناف من القش ومواد الضفر,610,942,544,398,4326,4318,8,5268,2022-7
4,المنطقة الشرقية,إصلاح أجهزة الحاسوب والسلع الشخصية والمنزلية,1022,767,532,235,4498,4474,24,5265,2022-10
2,منطقة عسير,توصيل الكهرباء والغاز والبخار وتكييف الهواء,29,4718,4711,7,546,546,0,5264,2022-4
1,منطقة تبوك,أنشطة تقديم الخدمات للمباني وتجميل المواقع,334,1909,1686,223,3353,3293,60,5262,2022-1
4,منطقة الحدود الشمالية,أنشطة خدمات الأطعمة والمشروبات,1309,573,305,268,4684,4657,27,5257,2022-10
4,منطقة الرياض,تمويل التأمين وإعادة التأمين وصناديق المعاشات التقاعدية باستثناء الضمان الاجتماعي الإلزامي,46,4074,2634,1440,1175,1129,46,5249,2022-10
4,منطقة عسير,توصيل الكهرباء والغاز والبخار وتكييف الهواء,30,4724,4711,13,523,522,1,5247,2022-10
2,المنطقة الشرقية,صُنع الورق ومنتجات الورق,115,1418,1024,394,3809,3804,5,5227,2022-4
4,منطقة مكة المكرمة,صُنع الخشب ومنتجات الخشب والفلين ، باستثناء الأثاث ، صُنع أصناف من القش ومواد الضفر,827,939,551,388,4285,4264,21,5224,2022-10
1,منطقة الرياض,الأنشطة المهنية والعلمية والتقنية الأخرى,590,2254,1285,969,2967,2750,217,5221,2022-1
2,منطقة مكة المكرمة,صُنع الخشب ومنتجات الخشب والفلين ، باستثناء الأثاث ، صُنع أصناف من القش ومواد الضفر,752,880,535,345,4306,4287,19,5186,2022-4
3,منطقة نجران,الهندسة المدنية,99,993,692,301,4185,4182,3,5178,2022-7
3,المنطقة الشرقية,الأنشطة الأخرى للتعدين واستغلال المحاجر,158,1600,1195,405,3575,3565,10,5175,2022-7
2,منطقة تبوك,تجارة الجملة ، باستثناء المركبات ذات المحركات والدراجات النارية,1001,1097,613,484,4078,4060,18,5175,2022-4
3,المنطقة الشرقية,إصلاح أجهزة الحاسوب والسلع الشخصية والمنزلية,1023,823,582,241,4351,4332,19,5174,2022-7
3,منطقة تبوك,أنشطة التشييد المتخصصة,1400,472,278,194,4700,4691,9,5172,2022-7
1,منطقة مكة المكرمة,أنشطة البرمجة الحاسوبية والخبرة الاستشارية وما يتصل بها من أنشطة,635,2114,1341,773,3041,2922,119,5155,2022-1
4,منطقة مكة المكرمة,أنشطة البرمجة الحاسوبية والخبرة الاستشارية وما يتصل بها من أنشطة,751,2440,1649,791,2715,2596,119,5155,2022-10
3,منطقة الحدود الشمالية,أنشطة خدمات الأطعمة والمشروبات,1272,609,332,277,4545,4521,24,5154,2022-7
2,منطقة جازان,أنشطة الخدمات الشخصية الأخرى,1853,433,222,211,4716,4430,286,5149,2022-4
1,منطقة الرياض,أنشطة البريد ونقل الرسائل والطرود بواسطة مندوبين,317,1811,931,880,3303,3241,62,5114,2022-1
4,منطقة الرياض,أنشطة النشر,266,2544,972,1572,2562,2416,146,5106,2022-10
1,المنطقة الشرقية,إصلاح أجهزة الحاسوب والسلع الشخصية والمنزلية,933,767,532,235,4337,4327,10,5104,2022-1
4,المنطقة الشرقية,الأنشطة الأخرى للتعدين واستغلال المحاجر,161,1599,1199,400,3492,3487,5,5091,2022-10
3,منطقة مكة المكرمة,صُنع الخشب ومنتجات الخشب والفلين ، باستثناء الأثاث ، صُنع أصناف من القش ومواد الضفر,797,919,552,367,4164,4145,19,5083,2022-7
1,منطقة مكة المكرمة,الأنشطة الرياضية وأنشطة التسلية والترفيه,652,2016,872,1144,3063,2712,351,5079,2022-1
2,المنطقة الشرقية,الصناعة التحويلية الأخرى,198,1782,1443,339,3279,3269,10,5061,2022-4
4,منطقة جازان,أنشطة الخدمات الشخصية الأخرى,2134,319,118,201,4725,4397,328,5044,2022-10
1,منطقة تبوك,تجارة الجملة ، باستثناء المركبات ذات المحركات والدراجات النارية,950,1053,601,452,3989,3971,18,5042,2022-1
1,منطقة مكة المكرمة,إصلاح أجهزة الحاسوب والسلع الشخصية والمنزلية,1364,646,406,240,4387,4343,44,5033,2022-1
3,منطقة مكة المكرمة,أنشطة البرمجة الحاسوبية والخبرة الاستشارية وما يتصل بها من أنشطة,735,2366,1585,781,2664,2550,114,5030,2022-7
4,منطقة الباحة,أنشطة خدمات الأطعمة والمشروبات,1119,898,589,309,4116,4094,22,5014,2022-10
1,منطقة القصيم,التعليم,176,2402,1037,1365,2597,1901,696,4999,2022-1
2,منطقة القصيم,التعليم,196,2326,1020,1306,2670,1938,732,4996,2022-4
2,المنطقة الشرقية,أنشطة الخدمات المالية ، فيما عدا تمويل التأمين وصناديق المعاشات,308,2673,1684,989,2320,2276,44,4993,2022-4
4,منطقة جازان,صنع منتجات المعادن اللافلزية الأخرى,245,1239,923,316,3739,3736,3,4978,2022-10
2,منطقة مكة المكرمة,صنع فحم الكوك والمنتجات النفطية المكررة,38,2951,2827,124,2019,2004,15,4970,2022-4
2,منطقة عسير,صُنع المنتجات الغذائية,573,945,544,401,4015,4014,1,4960,2022-4
2,المنطقة الشرقية,صُنع الخشب ومنتجات الخشب والفلين ، باستثناء الأثاث ، صُنع أصناف من القش ومواد الضفر,578,935,561,374,4017,4009,8,4952,2022-4
1,المنطقة الشرقية,أنشطة الخدمات المالية ، فيما عدا تمويل التأمين وصناديق المعاشات,305,2577,1640,937,2371,2331,40,4948,2022-1
2,منطقة تبوك,أنشطة التشييد المتخصصة,1291,521,297,224,4407,4404,3,4928,2022-4
2,المنطقة الشرقية,أنشطة البرمجة الحاسوبية والخبرة الاستشارية وما يتصل بها من أنشطة,382,2410,1634,776,2492,2454,38,4902,2022-4
4,منطقة تبوك,تجارة الجملة ، باستثناء المركبات ذات المحركات والدراجات النارية,1098,1108,616,492,3787,3772,15,4895,2022-10
1,منطقة مكة المكرمة,صنع فحم الكوك والمنتجات النفطية المكررة,36,2957,2838,119,1934,1920,14,4891,2022-1
4,منطقة جازان,الصحة البشرية,195,1835,493,1342,3052,1434,1618,4887,2022-10
3,منطقة جازان,صنع منتجات المعادن اللافلزية الأخرى,238,1231,934,297,3650,3647,3,4881,2022-7
1,المنطقة الشرقية,صُنع الورق ومنتجات الورق,107,1322,918,404,3553,3546,7,4875,2022-1
3,منطقة جازان,الصحة البشرية,192,1806,504,1302,3044,1427,1617,4850,2022-7
1,منطقة الجوف,أنشطة خدمات الأطعمة والمشروبات,1170,765,549,216,4070,4055,15,4835,2022-1
3,منطقة جازان,أنشطة الخدمات الشخصية الأخرى,2054,315,121,194,4514,4199,315,4829,2022-7
1,منطقة جازان,أنشطة الخدمات الشخصية الأخرى,1714,452,234,218,4373,4135,238,4825,2022-1
1,منطقة القصيم,الأنشطة الإيجارية,1283,474,347,127,4336,4327,9,4810,2022-1
3,منطقة الباحة,أنشطة خدمات الأطعمة والمشروبات,1101,873,594,279,3925,3907,18,4798,2022-7
2,منطقة القصيم,الأنشطة الإيجارية,1319,503,360,143,4293,4282,11,4796,2022-4
1,منطقة مكة المكرمة,صُنع الخشب ومنتجات الخشب والفلين ، باستثناء الأثاث ، صُنع أصناف من القش ومواد الضفر,700,836,509,327,3954,3923,31,4790,2022-1
3,منطقة تبوك,تجارة الجملة ، باستثناء المركبات ذات المحركات والدراجات النارية,1095,1066,609,457,3723,3706,17,4789,2022-7
1,منطقة نجران,الهندسة المدنية,86,974,732,242,3797,3794,3,4771,2022-1
4,منطقة الرياض,الأنشطة المهنية والعلمية والتقنية الأخرى,729,1979,971,1008,2789,2465,324,4768,2022-10
2,منطقة حائل,أنشطة تقديم الخدمات للمباني وتجميل المواقع,367,1202,762,440,3518,3389,129,4720,2022-4
2,منطقة الحدود الشمالية,أنشطة خدمات الأطعمة والمشروبات,1174,541,306,235,4175,4157,18,4716,2022-4
1,المنطقة الشرقية,أنشطة البرمجة الحاسوبية والخبرة الاستشارية وما يتصل بها من أنشطة,357,2296,1595,701,2413,2384,29,4709,2022-1
4,منطقة مكة المكرمة,صنع فحم الكوك والمنتجات النفطية المكررة,42,2946,2818,128,1744,1729,15,4690,2022-10
1,المنطقة الشرقية,الصناعة التحويلية الأخرى,190,1739,1424,315,2948,2940,8,4687,2022-1
3,منطقة مكة المكرمة,صنع فحم الكوك والمنتجات النفطية المكررة,43,2948,2833,115,1720,1705,15,4668,2022-7
4,منطقة حائل,أنشطة تقديم الخدمات للمباني وتجميل المواقع,369,1217,786,431,3447,3329,118,4664,2022-10
1,المنطقة الشرقية,صُنع الخشب ومنتجات الخشب والفلين ، باستثناء الأثاث ، صُنع أصناف من القش ومواد الضفر,534,913,565,348,3743,3737,6,4656,2022-1
1,منطقة حائل,أنشطة تقديم الخدمات للمباني وتجميل المواقع,366,1110,707,403,3541,3405,136,4651,2022-1
3,منطقة الرياض,الأنشطة المهنية والعلمية والتقنية الأخرى,712,1920,955,965,2722,2415,307,4642,2022-7
1,المنطقة الشرقية,أنشطة العمل الاجتماعي، دون إقامة,347,3415,805,2610,1227,939,288,4642,2022-1
2,منطقة المدينة المنورة,صُنع المواد الكيميائية والمنتجات الكيميائية,79,3002,2912,90,1621,1614,7,4623,2022-4
1,منطقة مكة المكرمة,صيد الأسماك وتربية المائيات,567,701,557,144,3900,3851,49,4601,2022-1
1,منطقة تبوك,أنشطة التشييد المتخصصة,1200,500,294,206,4088,4086,2,4588,2022-1
3,منطقة حائل,أنشطة تقديم الخدمات للمباني وتجميل المواقع,371,1283,803,480,3288,3169,119,4571,2022-7
2,منطقة مكة المكرمة,الأنشطة الأخرى للتعدين واستغلال المحاجر,186,1794,1498,296,2747,2742,5,4541,2022-4
2,منطقة الباحة,أنشطة خدمات الأطعمة والمشروبات,956,807,589,218,3730,3718,12,4537,2022-4
4,المنطقة الشرقية,أنشطة الخدمات المالية ، فيما عدا تمويل التأمين وصناديق المعاشات,279,2559,1587,972,1971,1922,49,4530,2022-10
2,منطقة مكة المكرمة,صناعة الآلات والمعدات غير المصنفة في موضع أخر,132,1263,1097,166,3261,3257,4,4524,2022-4
3,منطقة الرياض,الطباعة واستنساخ وسائط الأعلام المسجّلة,437,1488,652,836,3029,3009,20,4517,2022-7
1,منطقة عسير,صُنع المنتجات الغذائية,529,778,436,342,3705,3667,38,4483,2022-1
3,المنطقة الشرقية,أنشطة الخدمات المالية ، فيما عدا تمويل التأمين وصناديق المعاشات,285,2541,1582,959,1935,1889,46,4476,2022-7
3,منطقة القصيم,الأنشطة الإيجارية,1276,505,369,136,3951,3936,15,4456,2022-7
2,منطقة المدينة المنورة,الأنشطة الإيجارية,1113,603,406,197,3836,3817,19,4439,2022-4
4,منطقة القصيم,الأنشطة الإيجارية,1241,503,364,139,3936,3915,21,4439,2022-10
1,منطقة مكة المكرمة,صناعة الآلات والمعدات غير المصنفة في موضع أخر,135,1270,1097,173,3154,3150,4,4424,2022-1
4,منطقة نجران,النقل البري و النقل عبر الأنابيب,1107,418,237,181,4002,3996,6,4420,2022-10
4,منطقة عسير,صنع منتجات المعادن المشكلة ( باستثناء الآلات والمعدات ),1207,490,279,211,3926,3926,0,4416,2022-10
1,منطقة المدينة المنورة,صُنع المواد الكيميائية والمنتجات الكيميائية,79,2995,2912,83,1401,1394,7,4396,2022-1
1,منطقة الرياض,أنشطة النشر,219,1422,699,723,2968,2919,49,4390,2022-1
4,منطقة الرياض,الطباعة واستنساخ وسائط الأعلام المسجّلة,443,1450,625,825,2912,2891,21,4362,2022-10
2,منطقة المدينة المنورة,صُنع المنتجات الغذائية,626,827,503,324,3500,3474,26,4327,2022-4
3,منطقة عسير,صنع منتجات المعادن المشكلة ( باستثناء الآلات والمعدات ),1170,516,305,211,3800,3800,0,4316,2022-7
3,منطقة نجران,النقل البري و النقل عبر الأنابيب,1110,423,239,184,3892,3882,10,4315,2022-7
2,المنطقة الشرقية,أنشطة العمل الاجتماعي، دون إقامة,359,3102,786,2316,1204,928,276,4306,2022-4
3,المنطقة الشرقية,صيد الأسماك وتربية المائيات,1238,222,100,122,4068,4063,5,4290,2022-7
2,منطقة نجران,النقل البري و النقل عبر الأنابيب,1120,390,215,175,3855,3849,6,4245,2022-4
2,منطقة الرياض,أنشطة النشر,233,1597,736,861,2633,2587,46,4230,2022-4
2,منطقة حائل,الإدارة العامة والدفاع ؛ والضمان الاجتماعي الإلزامي,43,1904,1458,446,2324,2323,1,4228,2022-4
4,المنطقة الشرقية,أنشطة البرمجة الحاسوبية والخبرة الاستشارية وما يتصل بها من أنشطة,397,2213,1345,868,2010,1973,37,4223,2022-10
4,منطقة مكة المكرمة,أنشطة الأمن والتحقيقات,119,4005,3588,417,203,196,7,4208,2022-10
1,منطقة حائل,تجارة الجملة ، باستثناء المركبات ذات المحركات والدراجات النارية,849,792,453,339,3390,3378,12,4182,2022-1
2,منطقة حائل,تجارة الجملة ، باستثناء المركبات ذات المحركات والدراجات النارية,901,784,460,324,3361,3349,12,4145,2022-4
4,منطقة حائل,تجارة الجملة ، باستثناء المركبات ذات المحركات والدراجات النارية,943,878,483,395,3266,3253,13,4144,2022-10
4,منطقة مكة المكرمة,صناعة الآلات والمعدات غير المصنفة في موضع أخر,143,1203,1009,194,2941,2936,5,4144,2022-10
1,منطقة الحدود الشمالية,أنشطة خدمات الأطعمة والمشروبات,1041,512,303,209,3621,3607,14,4133,2022-1
2,منطقة مكة المكرمة,أنشطة الأمن والتحقيقات,100,4011,3556,455,119,115,4,4130,2022-4
1,منطقة الباحة,أنشطة خدمات الأطعمة والمشروبات,849,712,527,185,3406,3396,10,4118,2022-1
2,منطقة نجران,الصحة البشرية,110,2030,1548,482,2074,1226,848,4104,2022-4
1,منطقة المدينة المنورة,الأنشطة الإيجارية,1076,527,336,191,3568,3548,20,4095,2022-1
2,منطقة جازان,صنع منتجات المعادن اللافلزية الأخرى,218,1161,871,290,2927,2924,3,4088,2022-4
1,منطقة الرياض,تمويل التأمين وإعادة التأمين وصناديق المعاشات التقاعدية باستثناء الضمان الاجتماعي الإلزامي,39,3128,2020,1108,936,902,34,4064,2022-1
3,منطقة مكة المكرمة,أنشطة الأمن والتحقيقات,117,3917,3537,380,147,142,5,4064,2022-7
4,منطقة الرياض,صنع المنتجات الصيدلانية الأساسية والمستحضرات الصيدلانية,247,1050,494,556,3010,2957,53,4060,2022-10
3,منطقة حائل,تجارة الجملة ، باستثناء المركبات ذات المحركات والدراجات النارية,956,843,507,336,3211,3199,12,4054,2022-7
3,منطقة مكة المكرمة,صناعة الآلات والمعدات غير المصنفة في موضع أخر,141,1178,1002,176,2803,2799,4,3981,2022-7
1,منطقة المدينة المنورة,صُنع المنتجات الغذائية,585,745,468,277,3214,3190,24,3959,2022-1
2,منطقة الرياض,تمويل التأمين وإعادة التأمين وصناديق المعاشات التقاعدية باستثناء الضمان الاجتماعي الإلزامي,41,3030,1930,1100,928,893,35,3958,2022-4
3,منطقة الرياض,صنع المنتجات الصيدلانية الأساسية والمستحضرات الصيدلانية,241,1021,481,540,2925,2877,48,3946,2022-7
3,منطقة القصيم,صيد الأسماك وتربية المائيات,1385,152,88,64,3791,3785,6,3943,2022-7
1,منطقة مكة المكرمة,أنشطة الأمن والتحقيقات,99,3834,3399,435,103,99,4,3937,2022-1
4,منطقة نجران,صنع منتجات المعادن اللافلزية الأخرى,143,883,624,259,3044,3038,6,3927,2022-10
3,المنطقة الشرقية,أنشطة البرمجة الحاسوبية والخبرة الاستشارية وما يتصل بها من أنشطة,400,1974,1221,753,1945,1915,30,3919,2022-7
1,منطقة نجران,الصحة البشرية,110,2048,1532,516,1853,1053,800,3901,2022-1
2,منطقة نجران,تجارة الجملة والتجزئة ، وإصلاح المركبات ذات المحركات والدراجات النارية,970,476,315,161,3420,3409,11,3896,2022-4
4,منطقة القصيم,التعليم,208,2306,826,1480,1572,1259,313,3878,2022-10
3,منطقة المدينة المنورة,الأنشطة الإيجارية,1119,527,385,142,3339,3324,15,3866,2022-7
2,منطقة عسير,صنع منتجات المعادن المشكلة ( باستثناء الآلات والمعدات ),1013,456,291,165,3405,3403,2,3861,2022-4
2,منطقة جازان,النقل البري و النقل عبر الأنابيب,573,1225,905,320,2634,2596,38,3859,2022-4
1,منطقة نجران,النقل البري و النقل عبر الأنابيب,1061,376,206,170,3481,3475,6,3857,2022-1
3,منطقة عسير,الأنشطة الإيجارية,1502,418,296,122,3439,3430,9,3857,2022-7
1,المنطقة الشرقية,الطباعة واستنساخ وسائط الأعلام المسجّلة,148,1899,1337,562,1946,1940,6,3845,2022-1
3,منطقة نجران,صنع منتجات المعادن اللافلزية الأخرى,134,885,642,243,2959,2955,4,3844,2022-7
4,منطقة نجران,تجارة الجملة والتجزئة ، وإصلاح المركبات ذات المحركات والدراجات النارية,1022,473,282,191,3365,3358,7,3838,2022-10
4,منطقة المدينة المنورة,الأنشطة الإيجارية,1117,539,391,148,3294,3278,16,3833,2022-10
4,منطقة الجوف,تجارة الجملة والتجزئة ، وإصلاح المركبات ذات المحركات والدراجات النارية,1164,419,309,110,3403,3400,3,3822,2022-10
3,منطقة نجران,تجارة الجملة والتجزئة ، وإصلاح المركبات ذات المحركات والدراجات النارية,1022,498,295,203,3309,3304,5,3807,2022-7
4,منطقة عسير,الأنشطة الإيجارية,1489,403,281,122,3397,3387,10,3800,2022-10
2,منطقة نجران,الأنشطة الإيجارية,1362,155,83,72,3639,3613,26,3794,2022-4
2,منطقة عسير,الأنشطة الإيجارية,1485,385,262,123,3396,3385,11,3781,2022-4
4,منطقة تبوك,أنشطة الخدمات الشخصية الأخرى,1547,268,100,168,3497,3272,225,3765,2022-10
1,منطقة نجران,تجارة الجملة والتجزئة ، وإصلاح المركبات ذات المحركات والدراجات النارية,907,518,325,193,3241,3230,11,3759,2022-1
4,منطقة المدينة المنورة,صنع منتجات المعادن المشكلة ( باستثناء الآلات والمعدات ),762,580,361,219,3177,3173,4,3757,2022-10
3,منطقة نجران,صيد الأسماك وتربية المائيات,1379,142,74,68,3614,3606,8,3756,2022-7
1,منطقة نجران,الأنشطة الإيجارية,1375,142,70,72,3607,3582,25,3749,2022-1
3,منطقة الجوف,تجارة الجملة والتجزئة ، وإصلاح المركبات ذات المحركات والدراجات النارية,1128,445,324,121,3302,3300,2,3747,2022-7
1,منطقة نجران,إصلاح أجهزة الحاسوب والسلع الشخصية والمنزلية,263,52,23,29,3671,3666,5,3723,2022-1
4,منطقة حائل,الصحة البشرية,132,1266,405,861,2441,1204,1237,3707,2022-10
3,منطقة حائل,الصحة البشرية,128,1272,402,870,2430,1199,1231,3702,2022-7
1,منطقة جازان,الإدارة العامة والدفاع ؛ والضمان الاجتماعي الإلزامي,73,2896,2279,617,804,800,4,3700,2022-1
2,المنطقة الشرقية,الطباعة واستنساخ وسائط الأعلام المسجّلة,145,1787,1246,541,1910,1904,6,3697,2022-4
1,منطقة تبوك,التعليم,97,1844,798,1046,1840,1549,291,3684,2022-1
2,منطقة مكة المكرمة,تجميع المياه ومعالجتها وتوصيلها,431,1174,981,193,2505,2501,4,3679,2022-4
2,منطقة جازان,الإدارة العامة والدفاع ؛ والضمان الاجتماعي الإلزامي,72,2896,2277,619,781,777,4,3677,2022-4
2,منطقة مكة المكرمة,صُنع المنسوجات,339,849,657,192,2826,2800,26,3675,2022-4
3,منطقة تبوك,أنشطة زراعة المحاصيل والإنتاج الحيواني والصيد والخدمات المتصلة,1060,349,212,137,3326,3323,3,3675,2022-7
3,منطقة نجران,الأنشطة الإيجارية,1335,141,76,65,3479,3460,19,3620,2022-7
3,منطقة القصيم,التعليم,202,2037,747,1290,1579,1268,311,3616,2022-7
2,منطقة الجوف,تجارة الجملة والتجزئة ، وإصلاح المركبات ذات المحركات والدراجات النارية,1033,418,323,95,3191,3189,2,3609,2022-4
2,منطقة تبوك,التعليم,102,1822,774,1048,1772,1478,294,3594,2022-4
2,منطقة نجران,تجارة الجملة ، باستثناء المركبات ذات المحركات والدراجات النارية,704,718,430,288,2869,2855,14,3587,2022-4
3,منطقة تبوك,أنشطة الخدمات الشخصية الأخرى,1486,258,97,161,3326,3111,215,3584,2022-7
2,منطقة مكة المكرمة,صنع المعدات الكهربائية,210,741,574,167,2841,2831,10,3582,2022-4
3,منطقة المدينة المنورة,صنع منتجات المعادن المشكلة ( باستثناء الآلات والمعدات ),749,581,363,218,2989,2985,4,3570,2022-7
1,منطقة تبوك,أنشطة زراعة المحاصيل والإنتاج الحيواني والصيد والخدمات المتصلة,845,518,290,228,3035,3030,5,3553,2022-1
2,منطقة تبوك,أنشطة زراعة المحاصيل والإنتاج الحيواني والصيد والخدمات المتصلة,819,517,294,223,3033,3029,4,3550,2022-4
1,منطقة نجران,تجارة الجملة ، باستثناء المركبات ذات المحركات والدراجات النارية,693,713,411,302,2831,2817,14,3544,2022-1
4,منطقة نجران,الأنشطة الإيجارية,1311,118,68,50,3420,3402,18,3538,2022-10
1,منطقة مكة المكرمة,صنع المعدات الكهربائية,211,735,549,186,2802,2792,10,3537,2022-1
1,منطقة عسير,الأنشطة الإيجارية,1452,327,213,114,3210,3199,11,3537,2022-1
1,منطقة المدينة المنورة,الإدارة العامة والدفاع ؛ والضمان الاجتماعي الإلزامي,81,1205,1070,135,2323,2320,3,3528,2022-1
1,منطقة جازان,النقل البري و النقل عبر الأنابيب,544,961,693,268,2565,2527,38,3526,2022-1
2,المنطقة الشرقية,صناعة معدات النقل الأخرى,25,2351,2296,55,1171,1170,1,3522,2022-4
2,منطقة تبوك,أنشطة الخدمات الشخصية الأخرى,1354,289,126,163,3228,3027,201,3517,2022-4
1,منطقة مكة المكرمة,صُنع المنسوجات,324,802,629,173,2705,2674,31,3507,2022-1
4,منطقة تبوك,أنشطة زراعة المحاصيل والإنتاج الحيواني والصيد والخدمات المتصلة,1008,343,210,133,3153,3150,3,3496,2022-10
1,منطقة مكة المكرمة,تجميع المياه ومعالجتها وتوصيلها,389,1137,961,176,2354,2350,4,3491,2022-1
3,منطقة جازان,النقل البري و النقل عبر الأنابيب,624,1100,783,317,2382,2364,18,3482,2022-7
4,منطقة جازان,النقل البري و النقل عبر الأنابيب,627,1076,763,313,2389,2367,22,3465,2022-10
4,منطقة حائل,أنشطة الخدمات الشخصية الأخرى,1267,305,88,217,3136,2716,420,3441,2022-10
4,منطقة مكة المكرمة,صُنع المنسوجات,346,686,472,214,2749,2733,16,3435,2022-10
3,منطقة مكة المكرمة,صُنع المنسوجات,346,693,492,201,2741,2722,19,3434,2022-7
2,منطقة المدينة المنورة,الإدارة العامة والدفاع ؛ والضمان الاجتماعي الإلزامي,82,1201,1068,133,2229,2227,2,3430,2022-4
1,منطقة عسير,التعليم,168,1880,772,1108,1536,1277,259,3416,2022-1
1,منطقة الرياض,صناعة المركبات ذات المحركات والمركبات المقطورة ونصف المقطورة,98,563,224,339,2847,2833,14,3410,2022-1
1,منطقة عسير,صنع منتجات المعادن المشكلة ( باستثناء الآلات والمعدات ),892,404,242,162,3004,3002,2,3408,2022-1
3,منطقة نجران,تجارة الجملة ، باستثناء المركبات ذات المحركات والدراجات النارية,737,710,407,303,2696,2673,23,3406,2022-7
4,منطقة نجران,تجارة الجملة ، باستثناء المركبات ذات المحركات والدراجات النارية,737,686,393,293,2715,2694,21,3401,2022-10
1,منطقة جازان,الأنشطة الإيجارية,1259,145,80,65,3249,3218,31,3394,2022-1
1,المنطقة الشرقية,صناعة معدات النقل الأخرى,23,2302,2252,50,1092,1091,1,3394,2022-1
2,منطقة عسير,التعليم,179,1873,785,1088,1516,1258,258,3389,2022-4
1,منطقة جازان,صنع منتجات المعادن اللافلزية الأخرى,192,996,770,226,2392,2390,2,3388,2022-1
3,المنطقة الشرقية,صناعة معدات النقل الأخرى,23,2305,2249,56,1081,1079,2,3386,2022-7
2,المنطقة الشرقية,الأنشطة الرياضية وأنشطة التسلية والترفيه,425,1093,511,582,2292,2113,179,3385,2022-4
4,منطقة مكة المكرمة,صنع المعدات الكهربائية,195,720,544,176,2663,2652,11,3383,2022-10
3,منطقة مكة المكرمة,صنع المعدات الكهربائية,195,747,566,181,2628,2617,11,3375,2022-7
2,منطقة الرياض,صناعة معدات النقل الأخرى,99,1870,1733,137,1500,1499,1,3370,2022-4
2,منطقة نجران,صنع منتجات المعادن اللافلزية الأخرى,130,782,608,174,2588,2570,18,3370,2022-4
3,منطقة الرياض,الإدارة العامة والدفاع ؛ والضمان الاجتماعي الإلزامي,284,2198,1399,799,1162,1090,72,3360,2022-7
2,منطقة نجران,إصلاح أجهزة الحاسوب والسلع الشخصية والمنزلية,275,54,19,35,3294,3292,2,3348,2022-4
3,منطقة حائل,أنشطة الخدمات الشخصية الأخرى,1215,336,107,229,3009,2621,388,3345,2022-7
2,منطقة الرياض,صنع المنتجات الصيدلانية الأساسية والمستحضرات الصيدلانية,162,926,440,486,2415,2370,45,3341,2022-4
1,منطقة مكة المكرمة,أنشطة المكاتب الرئيسية، والأنشطة الاستشارية في مجال الإدارة,297,1345,724,621,1993,1884,109,3338,2022-1
4,منطقة عسير,التعليم,204,2083,811,1272,1251,1123,128,3334,2022-10
2,منطقة الرياض,صناعة المركبات ذات المحركات والمركبات المقطورة ونصف المقطورة,105,410,200,210,2911,2895,16,3321,2022-4
4,المنطقة الشرقية,صناعة معدات النقل الأخرى,22,2343,2286,57,977,975,2,3320,2022-10
2,منطقة جازان,الأنشطة الإيجارية,1234,156,97,59,3156,3130,26,3312,2022-4
1,منطقة تبوك,أنشطة الخدمات الشخصية الأخرى,1260,262,110,152,3042,2869,173,3304,2022-1
2,منطقة مكة المكرمة,أنشطة المكاتب الرئيسية، والأنشطة الاستشارية في مجال الإدارة,307,1311,692,619,1982,1865,117,3293,2022-4
1,منطقة الجوف,تجارة الجملة والتجزئة ، وإصلاح المركبات ذات المحركات والدراجات النارية,916,369,296,73,2923,2921,2,3292,2022-1
4,منطقة المدينة المنورة,صنع فحم الكوك والمنتجات النفطية المكررة,15,2281,2209,72,1007,1007,0,3288,2022-10
2,منطقة المدينة المنورة,صنع منتجات المعادن المشكلة ( باستثناء الآلات والمعدات ),653,495,314,181,2791,2787,4,3286,2022-4
2,منطقة الجوف,الصحة البشرية,74,2362,1400,962,911,490,421,3273,2022-4
2,منطقة حائل,أنشطة الخدمات الشخصية الأخرى,1120,332,108,224,2940,2589,351,3272,2022-4
3,منطقة المدينة المنورة,صنع فحم الكوك والمنتجات النفطية المكررة,15,2249,2184,65,1022,1022,0,3271,2022-7
2,منطقة المدينة المنورة,صنع فحم الكوك والمنتجات النفطية المكررة,13,2259,2200,59,988,988,0,3247,2022-4
1,منطقة الجوف,الصحة البشرية,75,2344,1404,940,888,479,409,3232,2022-1
2,منطقة الجوف,تجارة الجملة ، باستثناء المركبات ذات المحركات والدراجات النارية,714,643,434,209,2574,2562,12,3217,2022-4
1,منطقة الجوف,الإدارة العامة والدفاع ؛ والضمان الاجتماعي الإلزامي,41,1519,1250,269,1695,1481,214,3214,2022-1
2,منطقة المدينة المنورة,صُنع الملبوسات,1042,322,150,172,2887,2533,354,3209,2022-4
4,منطقة تبوك,التعليم,109,1997,786,1211,1212,1111,101,3209,2022-10
2,منطقة الجوف,الإدارة العامة والدفاع ؛ والضمان الاجتماعي الإلزامي,40,1519,1252,267,1687,1474,213,3206,2022-4
4,المنطقة الشرقية,صُنع المشروبات,68,815,481,334,2391,2386,5,3206,2022-10
2,منطقة الرياض,الصرف الصحي,142,210,128,82,2990,2986,4,3200,2022-4
4,منطقة الرياض,الإدارة العامة والدفاع ؛ والضمان الاجتماعي الإلزامي,260,2142,1366,776,1053,981,72,3195,2022-10
1,منطقة المدينة المنورة,صنع فحم الكوك والمنتجات النفطية المكررة,13,2219,2161,58,967,967,0,3186,2022-1
3,المنطقة الشرقية,صُنع المشروبات,67,811,483,328,2363,2360,3,3174,2022-7
1,منطقة الرياض,صنع المنتجات الصيدلانية الأساسية والمستحضرات الصيدلانية,132,895,432,463,2266,2226,40,3161,2022-1
4,منطقة الجوف,النقل البري و النقل عبر الأنابيب,678,371,202,169,2788,2785,3,3159,2022-10
4,منطقة مكة المكرمة,تجميع المياه ومعالجتها وتوصيلها,456,1126,908,218,2012,2009,3,3138,2022-10
4,المنطقة الشرقية,الأنشطة الرياضية وأنشطة التسلية والترفيه,455,1069,402,667,2067,1827,240,3136,2022-10
2,المنطقة الشرقية,تجميع المياه ومعالجتها وتوصيلها,99,1986,1926,60,1144,1144,0,3130,2022-4
3,منطقة عسير,التعليم,196,1905,734,1171,1215,1089,126,3120,2022-7
1,منطقة الجوف,تجارة الجملة ، باستثناء المركبات ذات المحركات والدراجات النارية,664,597,413,184,2522,2505,17,3119,2022-1
1,منطقة المدينة المنورة,صُنع الملبوسات,1009,295,127,168,2823,2469,354,3118,2022-1
3,منطقة جازان,الأنشطة الإيجارية,1189,201,139,62,2916,2900,16,3117,2022-7
4,منطقة الرياض,صناعة المركبات ذات المحركات والمركبات المقطورة ونصف المقطورة,107,564,271,293,2550,2537,13,3114,2022-10
4,منطقة المدينة المنورة,صُنع الملبوسات,1118,289,121,168,2824,2519,305,3113,2022-10
4,منطقة الجوف,تجارة الجملة ، باستثناء المركبات ذات المحركات والدراجات النارية,769,620,395,225,2490,2481,9,3110,2022-10
1,المنطقة الشرقية,تجميع المياه ومعالجتها وتوصيلها,86,1960,1906,54,1125,1125,0,3085,2022-1
4,منطقة عسير,صُنع المواد الكيميائية والمنتجات الكيميائية,65,843,636,207,2240,2234,6,3083,2022-10
3,منطقة الجوف,النقل البري و النقل عبر الأنابيب,676,363,216,147,2716,2713,3,3079,2022-7
3,منطقة مكة المكرمة,تجميع المياه ومعالجتها وتوصيلها,448,1127,933,194,1952,1948,4,3079,2022-7
3,منطقة الجوف,تجارة الجملة ، باستثناء المركبات ذات المحركات والدراجات النارية,760,600,386,214,2472,2461,11,3072,2022-7
3,منطقة عسير,صُنع المواد الكيميائية والمنتجات الكيميائية,68,837,640,197,2222,2217,5,3059,2022-7
1,منطقة حائل,أنشطة الخدمات الشخصية الأخرى,1006,313,108,205,2745,2414,331,3058,2022-1
3,المنطقة الشرقية,الأنشطة الرياضية وأنشطة التسلية والترفيه,439,1012,392,620,2041,1817,224,3053,2022-7
3,المنطقة الشرقية,صناعة المركبات ذات المحركات والمركبات المقطورة ونصف المقطورة,65,806,669,137,2244,2243,1,3050,2022-7
2,منطقة الرياض,تجميع المياه ومعالجتها وتوصيلها,235,876,565,311,2174,2169,5,3050,2022-4
4,منطقة عسير,صُنع الملبوسات,1108,281,136,145,2765,2536,229,3046,2022-10
4,منطقة جازان,الأنشطة الإيجارية,1171,163,116,47,2883,2867,16,3046,2022-10
4,منطقة الرياض,تجميع المياه ومعالجتها وتوصيلها,284,932,593,339,2111,2101,10,3043,2022-10
3,منطقة تبوك,التعليم,111,1840,777,1063,1196,1105,91,3036,2022-7
3,منطقة الرياض,صناعة المركبات ذات المحركات والمركبات المقطورة ونصف المقطورة,105,532,253,279,2503,2490,13,3035,2022-7
4,المنطقة الشرقية,صناعة المركبات ذات المحركات والمركبات المقطورة ونصف المقطورة,65,789,642,147,2242,2241,1,3031,2022-10
2,المنطقة الشرقية,صُنع المشروبات,67,815,490,325,2206,2202,4,3021,2022-4
2,منطقة عسير,صُنع الملبوسات,998,278,146,132,2740,2482,258,3018,2022-4
3,منطقة القصيم,صُنع المواد الكيميائية والمنتجات الكيميائية,59,706,583,123,2308,2307,1,3014,2022-7
4,منطقة جازان,صيد الأسماك وتربية المائيات,852,208,129,79,2801,2782,19,3009,2022-10
4,منطقة القصيم,صُنع المواد الكيميائية والمنتجات الكيميائية,59,704,576,128,2298,2297,1,3002,2022-10
3,منطقة المدينة المنورة,صُنع الملبوسات,1102,294,136,158,2702,2392,310,2996,2022-7
3,منطقة الرياض,صناعة معدات النقل الأخرى,90,1609,1484,125,1385,1384,1,2994,2022-7
3,منطقة عسير,أنشطة زراعة المحاصيل والإنتاج الحيواني والصيد والخدمات المتصلة,1334,207,137,70,2784,2779,5,2991,2022-7
2,منطقة الجوف,أنشطة التشييد المتخصصة,777,300,212,88,2690,2673,17,2990,2022-4
3,منطقة الرياض,تجميع المياه ومعالجتها وتوصيلها,274,911,588,323,2076,2069,7,2987,2022-7
3,منطقة عسير,صُنع الملبوسات,1110,283,138,145,2696,2464,232,2979,2022-7
2,المنطقة الشرقية,صيد الأسماك وتربية المائيات,677,233,110,123,2745,2740,5,2978,2022-4
4,منطقة مكة المكرمة,الأنشطة الأخرى للتعدين واستغلال المحاجر,216,887,598,289,2081,2077,4,2968,2022-10
2,منطقة مكة المكرمة,الطباعة واستنساخ وسائط الأعلام المسجّلة,323,854,382,472,2105,2072,33,2959,2022-4
1,المنطقة الشرقية,صُنع المشروبات,62,795,473,322,2155,2151,4,2950,2022-1
1,منطقة نجران,صنع منتجات المعادن اللافلزية الأخرى,117,791,612,179,2153,2131,22,2944,2022-1
1,منطقة الرياض,تجميع المياه ومعالجتها وتوصيلها,207,806,527,279,2135,2130,5,2941,2022-1
4,منطقة الرياض,صناعة معدات النقل الأخرى,90,1570,1439,131,1371,1369,2,2941,2022-10
4,منطقة عسير,أنشطة زراعة المحاصيل والإنتاج الحيواني والصيد والخدمات المتصلة,1283,210,140,70,2727,2721,6,2937,2022-10
4,منطقة الجوف,أنشطة التشييد المتخصصة,784,287,200,87,2649,2632,17,2936,2022-10
1,منطقة الجوف,أنشطة زراعة المحاصيل والإنتاج الحيواني والصيد والخدمات المتصلة,662,270,239,31,2650,2635,15,2920,2022-1
1,منطقة المدينة المنورة,صنع منتجات المعادن المشكلة ( باستثناء الآلات والمعدات ),591,421,282,139,2493,2489,4,2914,2022-1
1,منطقة مكة المكرمة,الطباعة واستنساخ وسائط الأعلام المسجّلة,319,798,369,429,2114,2078,36,2912,2022-1
1,منطقة الرياض,صناعة معدات النقل الأخرى,101,1613,1479,134,1298,1298,0,2911,2022-1
1,المنطقة الشرقية,الأنشطة الرياضية وأنشطة التسلية والترفيه,374,965,460,505,1926,1786,140,2891,2022-1
3,منطقة حائل,الأنشطة الإيجارية,976,118,68,50,2762,2748,14,2880,2022-7
1,منطقة الباحة,الإدارة العامة والدفاع ؛ والضمان الاجتماعي الإلزامي,31,1129,878,251,1750,1729,21,2879,2022-1
4,منطقة حائل,الأنشطة الإيجارية,958,110,66,44,2759,2744,15,2869,2022-10
3,منطقة عسير,الإقامة,526,916,537,379,1950,1929,21,2866,2022-7
2,منطقة الباحة,الإدارة العامة والدفاع ؛ والضمان الاجتماعي الإلزامي,31,1126,876,250,1734,1712,22,2860,2022-4
2,منطقة عسير,صُنع المواد الكيميائية والمنتجات الكيميائية,67,839,656,183,2020,2016,4,2859,2022-4
3,منطقة مكة المكرمة,الأنشطة الأخرى للتعدين واستغلال المحاجر,203,905,612,293,1953,1949,4,2858,2022-7
4,منطقة المدينة المنورة,التخزين وأنشطة الدعم للنقل,256,1472,1288,184,1379,1377,2,2851,2022-10
4,منطقة عسير,الإقامة,534,860,478,382,1988,1964,24,2848,2022-10
3,منطقة الجوف,أنشطة التشييد المتخصصة,755,274,188,86,2535,2524,11,2809,2022-7
4,منطقة نجران,الصحة البشرية,109,826,405,421,1978,1184,794,2804,2022-10
3,منطقة نجران,الصحة البشرية,108,815,413,402,1987,1201,786,2802,2022-7
2,منطقة الجوف,النقل البري و النقل عبر الأنابيب,667,352,212,140,2448,2444,4,2800,2022-4
1,منطقة الجوف,أنشطة التشييد المتخصصة,698,287,193,94,2508,2494,14,2795,2022-1
4,المنطقة الشرقية,الأنشطة القانونية وأنشطة المحاسبة,408,1655,1010,645,1125,1106,19,2780,2022-10
1,منطقة المدينة المنورة,أنشطة العمل الاجتماعي، دون إقامة,226,2157,1150,1007,622,537,85,2779,2022-1
4,المنطقة الشرقية,صُنع المنسوجات,399,455,297,158,2322,2292,30,2777,2022-10
1,منطقة عسير,صُنع الملبوسات,925,252,135,117,2524,2274,250,2776,2022-1
2,منطقة حائل,الأنشطة الإيجارية,969,152,92,60,2620,2605,15,2772,2022-4
2,منطقة المدينة المنورة,التخزين وأنشطة الدعم للنقل,266,1408,1243,165,1347,1344,3,2755,2022-4
3,منطقة المدينة المنورة,التخزين وأنشطة الدعم للنقل,256,1407,1286,121,1344,1342,2,2751,2022-7
2,المنطقة الشرقية,صناعة المركبات ذات المحركات والمركبات المقطورة ونصف المقطورة,75,894,773,121,1851,1850,1,2745,2022-4
1,منطقة القصيم,صُنع الملبوسات,737,228,129,99,2506,2315,191,2734,2022-1
2,منطقة القصيم,صُنع المواد الكيميائية والمنتجات الكيميائية,55,710,588,122,2010,2009,1,2720,2022-4
1,منطقة عسير,صُنع المواد الكيميائية والمنتجات الكيميائية,58,765,586,179,1952,1948,4,2717,2022-1
2,منطقة القصيم,صُنع الملبوسات,789,250,142,108,2466,2286,180,2716,2022-4
2,منطقة الرياض,أنشطة المعالجة وخدمات إدارة النفايات الأخرى,6,2098,1576,522,608,608,0,2706,2022-4
4,منطقة تبوك,الصحة البشرية,113,993,264,729,1675,893,782,2668,2022-10
4,منطقة الجوف,أنشطة زراعة المحاصيل والإنتاج الحيواني والصيد والخدمات المتصلة,875,316,241,75,2351,2342,9,2667,2022-10
2,منطقة المدينة المنورة,أنشطة العمل الاجتماعي، دون إقامة,229,2007,1129,878,658,570,88,2665,2022-4
4,منطقة تبوك,النقل البري و النقل عبر الأنابيب,683,418,260,158,2242,2237,5,2660,2022-10
3,منطقة تبوك,النقل البري و النقل عبر الأنابيب,670,438,283,155,2220,2217,3,2658,2022-7
4,منطقة جازان,صنع منتجات المعادن المشكلة ( باستثناء الآلات والمعدات ),893,194,115,79,2464,2460,4,2658,2022-10
1,المنطقة الشرقية,صناعة المركبات ذات المحركات والمركبات المقطورة ونصف المقطورة,74,849,746,103,1802,1801,1,2651,2022-1
4,منطقة حائل,النقل البري و النقل عبر الأنابيب,725,223,101,122,2427,2423,4,2650,2022-10
3,منطقة حائل,صنع منتجات المعادن اللافلزية الأخرى,195,543,440,103,2101,2101,0,2644,2022-7
3,المنطقة الشرقية,الأنشطة القانونية وأنشطة المحاسبة,394,1532,920,612,1108,1090,18,2640,2022-7
1,منطقة حائل,الأنشطة الإيجارية,945,98,54,44,2530,2517,13,2628,2022-1
3,منطقة الجوف,أنشطة زراعة المحاصيل والإنتاج الحيواني والصيد والخدمات المتصلة,915,212,179,33,2411,2402,9,2623,2022-7
4,منطقة حائل,صنع منتجات المعادن اللافلزية الأخرى,190,541,429,112,2081,2079,2,2622,2022-10
4,منطقة المدينة المنورة,صيد الأسماك وتربية المائيات,952,114,61,53,2503,2449,54,2617,2022-10
3,منطقة نجران,إصلاح أجهزة الحاسوب والسلع الشخصية والمنزلية,288,40,12,28,2571,2568,3,2611,2022-7
2,منطقة جازان,التعليم,151,612,254,358,1984,1231,753,2596,2022-4
1,منطقة القصيم,صُنع المواد الكيميائية والمنتجات الكيميائية,52,727,611,116,1861,1860,1,2588,2022-1
3,منطقة تبوك,الصحة البشرية,112,936,259,677,1643,887,756,2579,2022-7
2,المنطقة الشرقية,الصرف الصحي,49,420,328,92,2157,2155,2,2577,2022-4
3,منطقة حائل,النقل البري و النقل عبر الأنابيب,704,225,114,111,2343,2339,4,2568,2022-7
1,منطقة مكة المكرمة,صنع المنتجات الصيدلانية الأساسية والمستحضرات الصيدلانية,33,1149,611,538,1415,1369,46,2564,2022-1
2,المنطقة الشرقية,الأنشطة القانونية وأنشطة المحاسبة,351,1413,831,582,1146,1115,31,2559,2022-4
3,منطقة جازان,صنع منتجات المعادن المشكلة ( باستثناء الآلات والمعدات ),865,200,126,74,2357,2354,3,2557,2022-7
4,منطقة تبوك,صُنع الملبوسات,836,123,57,66,2428,2372,56,2551,2022-10
4,منطقة مكة المكرمة,صنع المنتجات الصيدلانية الأساسية والمستحضرات الصيدلانية,45,1095,575,520,1449,1397,52,2544,2022-10
4,منطقة الحدود الشمالية,تجارة الجملة والتجزئة ، وإصلاح المركبات ذات المحركات والدراجات النارية,804,264,175,89,2279,2275,4,2543,2022-10
4,منطقة القصيم,صنع الأثاث,291,355,208,147,2186,2181,5,2541,2022-10
1,منطقة الجوف,النقل البري و النقل عبر الأنابيب,638,329,209,120,2206,2202,4,2535,2022-1
2,منطقة حائل,النقل البري و النقل عبر الأنابيب,704,220,102,118,2313,2309,4,2533,2022-4
3,المنطقة الشرقية,صُنع المنسوجات,397,487,319,168,2045,2015,30,2532,2022-7
3,منطقة مكة المكرمة,صنع المنتجات الصيدلانية الأساسية والمستحضرات الصيدلانية,43,1100,584,516,1430,1381,49,2530,2022-7
2,منطقة تبوك,صُنع الملبوسات,816,136,68,68,2391,2331,60,2527,2022-4
4,منطقة عسير,صنع الأثاث,646,238,145,93,2289,2285,4,2527,2022-10
1,منطقة جازان,التعليم,136,613,271,342,1913,1155,758,2526,2022-1
2,منطقة عسير,الإقامة,466,762,467,295,1763,1748,15,2525,2022-4
1,المنطقة الشرقية,الصرف الصحي,43,418,334,84,2097,2095,2,2515,2022-1
3,منطقة القصيم,صنع الأثاث,295,371,227,144,2140,2133,7,2511,2022-7
3,منطقة تبوك,صُنع الملبوسات,839,116,55,61,2394,2338,56,2510,2022-7
2,منطقة تبوك,النقل البري و النقل عبر الأنابيب,663,394,254,140,2114,2113,1,2508,2022-4
4,منطقة تبوك,أنشطة تقديم الخدمات للمباني وتجميل المواقع,340,365,160,205,2127,2120,7,2492,2022-10
4,منطقة القصيم,صُنع الملبوسات,865,257,144,113,2233,2065,168,2490,2022-10
1,منطقة الباحة,تجارة الجملة ، باستثناء المركبات ذات المحركات والدراجات النارية,507,594,445,149,1890,1887,3,2484,2022-1
1,منطقة الحدود الشمالية,الإدارة العامة والدفاع ؛ والضمان الاجتماعي الإلزامي,28,1208,717,491,1273,1272,1,2481,2022-1
2,منطقة الحدود الشمالية,الإدارة العامة والدفاع ؛ والضمان الاجتماعي الإلزامي,28,1207,716,491,1268,1267,1,2475,2022-4
3,منطقة الحدود الشمالية,تجارة الجملة والتجزئة ، وإصلاح المركبات ذات المحركات والدراجات النارية,782,260,168,92,2215,2211,4,2475,2022-7
2,المنطقة الشرقية,صُنع المنسوجات,379,471,308,163,2002,1966,36,2473,2022-4
4,منطقة تبوك,صُنع المنتجات الغذائية,264,474,159,315,1997,1996,1,2471,2022-10
1,منطقة المدينة المنورة,التخزين وأنشطة الدعم للنقل,268,1203,1104,99,1261,1257,4,2464,2022-1
3,منطقة المدينة المنورة,أنشطة زراعة المحاصيل والإنتاج الحيواني والصيد والخدمات المتصلة,1069,248,153,95,2215,2203,12,2463,2022-7
2,منطقة الباحة,تجارة الجملة ، باستثناء المركبات ذات المحركات والدراجات النارية,532,570,425,145,1891,1888,3,2461,2022-4
3,منطقة عسير,صنع الأثاث,630,241,158,83,2218,2214,4,2459,2022-7
3,منطقة القصيم,صُنع الملبوسات,859,261,144,117,2191,2014,177,2452,2022-7
1,المنطقة الشرقية,الأنشطة القانونية وأنشطة المحاسبة,325,1305,766,539,1136,1106,30,2441,2022-1
1,منطقة عسير,الإقامة,389,662,423,239,1766,1755,11,2428,2022-1
3,منطقة تبوك,أنشطة تقديم الخدمات للمباني وتجميل المواقع,341,357,155,202,2068,2063,5,2425,2022-7
4,منطقة المدينة المنورة,أنشطة زراعة المحاصيل والإنتاج الحيواني والصيد والخدمات المتصلة,1029,246,158,88,2173,2161,12,2419,2022-10
3,المنطقة الشرقية,الصرف الصحي,55,365,267,98,2052,2050,2,2417,2022-7
2,منطقة الحدود الشمالية,تجارة الجملة والتجزئة ، وإصلاح المركبات ذات المحركات والدراجات النارية,719,248,170,78,2166,2161,5,2414,2022-4
4,المنطقة الشرقية,الصرف الصحي,57,363,257,106,2049,2046,3,2412,2022-10
3,منطقة تبوك,صُنع المنتجات الغذائية,256,462,153,309,1946,1944,2,2408,2022-7
2,منطقة الجوف,أنشطة زراعة المحاصيل والإنتاج الحيواني والصيد والخدمات المتصلة,638,219,191,28,2177,2162,15,2396,2022-4
4,منطقة تبوك,صنع منتجات المعادن اللافلزية الأخرى,90,686,545,141,1707,1706,1,2393,2022-10
1,المنطقة الشرقية,صُنع المنسوجات,375,482,308,174,1909,1864,45,2391,2022-1
2,منطقة عسير,أنشطة زراعة المحاصيل والإنتاج الحيواني والصيد والخدمات المتصلة,900,184,117,67,2204,2198,6,2388,2022-4
2,منطقة مكة المكرمة,صنع المنتجات الصيدلانية الأساسية والمستحضرات الصيدلانية,33,1067,576,491,1321,1281,40,2388,2022-4
1,منطقة عسير,أنشطة زراعة المحاصيل والإنتاج الحيواني والصيد والخدمات المتصلة,996,162,100,62,2221,2214,7,2383,2022-1
1,منطقة المدينة المنورة,أنشطة زراعة المحاصيل والإنتاج الحيواني والصيد والخدمات المتصلة,851,286,185,101,2093,2083,10,2379,2022-1
2,منطقة مكة المكرمة,تمويل التأمين وإعادة التأمين وصناديق المعاشات التقاعدية باستثناء الضمان الاجتماعي الإلزامي,18,1796,1052,744,582,499,83,2378,2022-4
4,منطقة المدينة المنورة,أنشطة العمل الاجتماعي، دون إقامة,249,1748,799,949,626,506,120,2374,2022-10
2,منطقة القصيم,صنع الأثاث,279,337,195,142,2025,2019,6,2362,2022-4
3,منطقة جازان,صيد الأسماك وتربية المائيات,619,202,135,67,2156,2144,12,2358,2022-7
1,منطقة مكة المكرمة,تمويل التأمين وإعادة التأمين وصناديق المعاشات التقاعدية باستثناء الضمان الاجتماعي الإلزامي,18,1758,1042,716,600,517,83,2358,2022-1
1,المنطقة الشرقية,صيد الأسماك وتربية المائيات,407,200,93,107,2138,2136,2,2338,2022-1
4,منطقة الرياض,صُنع المنتجات الجلدية والمنتجات ذات الصلة,126,375,118,257,1955,1948,7,2330,2022-10
3,منطقة مكة المكرمة,الطباعة واستنساخ وسائط الأعلام المسجّلة,300,706,303,403,1623,1601,22,2329,2022-7
4,منطقة الباحة,تجارة الجملة والتجزئة ، وإصلاح المركبات ذات المحركات والدراجات النارية,777,296,218,78,2022,2020,2,2318,2022-10
1,منطقة تبوك,النقل البري و النقل عبر الأنابيب,602,359,223,136,1957,1957,0,2316,2022-1
2,منطقة جازان,صنع منتجات المعادن المشكلة ( باستثناء الآلات والمعدات ),781,176,112,64,2138,2133,5,2314,2022-4
2,المنطقة الشرقية,وكالات السفر ومشغّلو الجولات السياحية وخدمات الحجز والأنشطة المتصلة بها,207,874,561,313,1435,1418,17,2309,2022-4
3,منطقة تبوك,صنع منتجات المعادن اللافلزية الأخرى,89,655,522,133,1647,1647,0,2302,2022-7
1,منطقة الحدود الشمالية,تجارة الجملة والتجزئة ، وإصلاح المركبات ذات المحركات والدراجات النارية,674,239,162,77,2061,2056,5,2300,2022-1
2,منطقة المدينة المنورة,أنشطة زراعة المحاصيل والإنتاج الحيواني والصيد والخدمات المتصلة,780,264,167,97,2023,2013,10,2287,2022-4
4,منطقة نجران,أنشطة الخدمات الشخصية الأخرى,940,142,47,95,2133,1954,179,2275,2022-10
4,منطقة مكة المكرمة,الطباعة واستنساخ وسائط الأعلام المسجّلة,295,682,287,395,1587,1566,21,2269,2022-10
4,منطقة الباحة,أنشطة التشييد المتخصصة,595,260,163,97,1998,1998,0,2258,2022-10
2,منطقة حائل,صيد الأسماك وتربية المائيات,967,98,51,47,2159,2151,8,2257,2022-4
3,منطقة المدينة المنورة,أنشطة العمل الاجتماعي، دون إقامة,240,1631,785,846,625,519,106,2256,2022-7
3,منطقة الباحة,تجارة الجملة والتجزئة ، وإصلاح المركبات ذات المحركات والدراجات النارية,754,331,245,86,1919,1918,1,2250,2022-7
4,منطقة عسير,صيد الأسماك وتربية المائيات,916,112,62,50,2133,2127,6,2245,2022-10
1,منطقة حائل,الهندسة المدنية,82,346,259,87,1893,1861,32,2239,2022-1
4,منطقة حائل,صُنع المنتجات الغذائية,253,437,169,268,1790,1783,7,2227,2022-10
4,منطقة المدينة المنورة,أنشطة المعمارية والهندسية ، والاختبارات الفنية والتحليل,220,813,490,323,1414,1409,5,2227,2022-10
2,منطقة نجران,التخزين وأنشطة الدعم للنقل,568,115,61,54,2104,2101,3,2219,2022-4
1,منطقة حائل,النقل البري و النقل عبر الأنابيب,623,207,75,132,2010,2006,4,2217,2022-1
2,منطقة مكة المكرمة,الأنشطة المهنية والعلمية والتقنية الأخرى,485,704,363,341,1513,1351,162,2217,2022-4
4,منطقة جازان,صُنع المنتجات الغذائية,363,361,204,157,1855,1845,10,2216,2022-10
1,المنطقة الشرقية,وكالات السفر ومشغّلو الجولات السياحية وخدمات الحجز والأنشطة المتصلة بها,186,829,556,273,1386,1368,18,2215,2022-1
1,منطقة جازان,الهندسة المدنية,116,404,275,129,1810,1808,2,2214,2022-1
1,منطقة تبوك,صُنع الملبوسات,746,125,64,61,2087,2029,58,2212,2022-1
3,منطقة الباحة,تجارة الجملة ، باستثناء المركبات ذات المحركات والدراجات النارية,531,519,369,150,1691,1684,7,2210,2022-7
2,منطقة الباحة,أنشطة التشييد المتخصصة,504,273,182,91,1936,1935,1,2209,2022-4
4,منطقة مكة المكرمة,الصرف الصحي,101,353,290,63,1851,1848,3,2204,2022-10
3,منطقة جازان,صُنع المنتجات الغذائية,344,336,190,146,1862,1851,11,2198,2022-7
2,منطقة الباحة,تجارة الجملة والتجزئة ، وإصلاح المركبات ذات المحركات والدراجات النارية,626,311,243,68,1885,1882,3,2196,2022-4
4,منطقة الباحة,تجارة الجملة ، باستثناء المركبات ذات المحركات والدراجات النارية,529,512,361,151,1677,1670,7,2189,2022-10
3,منطقة نجران,التخزين وأنشطة الدعم للنقل,568,109,60,49,2076,2071,5,2185,2022-7
2,منطقة نجران,أنشطة الخدمات الشخصية الأخرى,818,161,68,93,2022,1864,158,2183,2022-4
4,المنطقة الشرقية,وكالات السفر ومشغّلو الجولات السياحية وخدمات الحجز والأنشطة المتصلة بها,245,880,537,343,1301,1291,10,2181,2022-10
2,منطقة جازان,الهندسة المدنية,118,353,236,117,1825,1823,2,2178,2022-4
4,منطقة مكة المكرمة,الأنشطة المهنية والعلمية والتقنية الأخرى,535,695,349,346,1474,1299,175,2169,2022-10
3,منطقة نجران,أنشطة الخدمات الشخصية الأخرى,897,165,57,108,2003,1834,169,2168,2022-7
3,المنطقة الشرقية,الطباعة واستنساخ وسائط الأعلام المسجّلة,145,939,562,377,1226,1218,8,2165,2022-7
3,منطقة مكة المكرمة,تمويل التأمين وإعادة التأمين وصناديق المعاشات التقاعدية باستثناء الضمان الاجتماعي الإلزامي,25,1566,862,704,597,519,78,2163,2022-7
3,المنطقة الشرقية,تجميع المياه ومعالجتها وتوصيلها,111,1244,1166,78,914,914,0,2158,2022-7
4,منطقة الجوف,أنشطة الخدمات الشخصية الأخرى,870,151,83,68,2004,1852,152,2155,2022-10
3,منطقة مكة المكرمة,الأنشطة المهنية والعلمية والتقنية الأخرى,523,699,365,334,1455,1285,170,2154,2022-7
1,منطقة جازان,صنع منتجات المعادن المشكلة ( باستثناء الآلات والمعدات ),727,159,107,52,1995,1991,4,2154,2022-1
3,منطقة مكة المكرمة,الصرف الصحي,99,333,272,61,1819,1816,3,2152,2022-7
3,منطقة الرياض,صُنع المنتجات الجلدية والمنتجات ذات الصلة,117,346,109,237,1802,1798,4,2148,2022-7
3,منطقة حائل,صُنع المنتجات الغذائية,254,431,166,265,1715,1709,6,2146,2022-7
3,منطقة مكة المكرمة,الأنشطة المساعدة لأنشطة الخدمات المالية وأنشطة التأمين,138,1490,931,559,654,630,24,2144,2022-7
4,المنطقة الشرقية,الطباعة واستنساخ وسائط الأعلام المسجّلة,140,882,519,363,1258,1251,7,2140,2022-10
2,منطقة مكة المكرمة,أنشطة المنظمات ذات العضوية,295,1345,814,531,794,771,23,2139,2022-4
3,المنطقة الشرقية,وكالات السفر ومشغّلو الجولات السياحية وخدمات الحجز والأنشطة المتصلة بها,242,860,526,334,1276,1267,9,2136,2022-7
4,منطقة مكة المكرمة,تمويل التأمين وإعادة التأمين وصناديق المعاشات التقاعدية باستثناء الضمان الاجتماعي الإلزامي,25,1515,859,656,596,518,78,2111,2022-10
1,منطقة الباحة,تجارة الجملة والتجزئة ، وإصلاح المركبات ذات المحركات والدراجات النارية,568,313,246,67,1793,1790,3,2106,2022-1
3,منطقة الباحة,أنشطة التشييد المتخصصة,540,247,161,86,1854,1854,0,2101,2022-7
1,منطقة مكة المكرمة,الأنشطة المهنية والعلمية والتقنية الأخرى,444,666,356,310,1429,1275,154,2095,2022-1
2,منطقة مكة المكرمة,الأنشطة المساعدة لأنشطة الخدمات المالية وأنشطة التأمين,126,1482,917,565,612,589,23,2094,2022-4
4,منطقة نجران,التخزين وأنشطة الدعم للنقل,567,106,56,50,1986,1981,5,2092,2022-10
4,منطقة مكة المكرمة,الأنشطة المساعدة لأنشطة الخدمات المالية وأنشطة التأمين,133,1457,922,535,630,610,20,2087,2022-10
2,منطقة حائل,صنع منتجات المعادن اللافلزية الأخرى,199,472,400,72,1612,1609,3,2084,2022-4
4,منطقة نجران,إصلاح أجهزة الحاسوب والسلع الشخصية والمنزلية,275,44,15,29,2039,2036,3,2083,2022-10
1,منطقة مكة المكرمة,الأنشطة المساعدة لأنشطة الخدمات المالية وأنشطة التأمين,119,1433,908,525,643,614,29,2076,2022-1
2,منطقة الجوف,أنشطة الخدمات الشخصية الأخرى,751,184,100,84,1891,1754,137,2075,2022-4
4,المنطقة الشرقية,تجميع المياه ومعالجتها وتوصيلها,121,1169,1087,82,890,890,0,2059,2022-10
1,منطقة مكة المكرمة,أنشطة المنظمات ذات العضوية,245,1325,781,544,731,709,22,2056,2022-1
1,منطقة عسير,أنشطة الأمن والتحقيقات,13,2054,1994,60,2,2,0,2056,2022-1
2,منطقة حائل,الهندسة المدنية,94,357,255,102,1694,1686,8,2051,2022-4
3,منطقة الجوف,أنشطة الخدمات الشخصية الأخرى,838,154,81,73,1895,1751,144,2049,2022-7
1,منطقة جازان,أنشطة تقديم الخدمات للمباني وتجميل المواقع,358,307,146,161,1736,1709,27,2043,2022-1
1,منطقة حائل,التعليم,121,732,313,419,1308,930,378,2040,2022-1
4,منطقة القصيم,أنشطة العمل الاجتماعي، دون إقامة,183,1339,583,756,695,599,96,2034,2022-10
2,منطقة جازان,صُنع المنتجات الغذائية,326,298,147,151,1736,1728,8,2034,2022-4
3,منطقة جازان,الهندسة المدنية,130,343,220,123,1690,1685,5,2033,2022-7
2,منطقة حائل,التعليم,132,682,304,378,1351,972,379,2033,2022-4
4,منطقة المدينة المنورة,صنع منتجات المطاط واللدائن,53,493,281,212,1534,1529,5,2027,2022-10
2,منطقة عسير,صنع الأثاث,539,218,144,74,1808,1805,3,2026,2022-4
1,منطقة القصيم,صنع الأثاث,248,286,166,120,1735,1731,4,2021,2022-1
2,منطقة جازان,أنشطة تقديم الخدمات للمباني وتجميل المواقع,362,271,134,137,1748,1721,27,2019,2022-4
4,منطقة الجوف,صنع منتجات المعادن اللافلزية الأخرى,87,366,254,112,1649,1645,4,2015,2022-10
2,منطقة القصيم,الأنشطة العقارية,224,607,389,218,1402,1397,5,2009,2022-4
1,منطقة نجران,أنشطة الخدمات الشخصية الأخرى,746,149,57,92,1857,1719,138,2006,2022-1
1,منطقة الباحة,أنشطة التشييد المتخصصة,439,246,160,86,1759,1754,5,2005,2022-1
4,منطقة الحدود الشمالية,أنشطة التشييد المتخصصة,525,165,116,49,1835,1830,5,2000,2022-10
2,منطقة حائل,صُنع المنتجات الغذائية,230,350,117,233,1647,1639,8,1997,2022-4
3,منطقة الجوف,صنع منتجات المعادن اللافلزية الأخرى,91,366,255,111,1630,1625,5,1996,2022-7
4,منطقة جازان,الهندسة المدنية,131,317,194,123,1659,1657,2,1976,2022-10
3,منطقة المدينة المنورة,صنع منتجات المطاط واللدائن,52,491,281,210,1484,1479,5,1975,2022-7
2,منطقة المدينة المنورة,الأنشطة العقارية,321,578,404,174,1396,1383,13,1974,2022-4
3,منطقة المدينة المنورة,أنشطة المعمارية والهندسية ، والاختبارات الفنية والتحليل,220,708,436,272,1262,1256,6,1970,2022-7
3,منطقة حائل,الهندسة المدنية,96,338,239,99,1630,1626,4,1968,2022-7
3,منطقة جازان,أنشطة تقديم الخدمات للمباني وتجميل المواقع,346,287,156,131,1677,1647,30,1964,2022-7
4,منطقة حائل,الهندسة المدنية,98,327,224,103,1624,1618,6,1951,2022-10
2,منطقة عسير,أنشطة الأمن والتحقيقات,15,1929,1867,62,5,5,0,1934,2022-4
3,منطقة الحدود الشمالية,أنشطة التشييد المتخصصة,498,184,124,60,1740,1739,1,1924,2022-7
3,منطقة جازان,أنشطة زراعة المحاصيل والإنتاج الحيواني والصيد والخدمات المتصلة,842,70,45,25,1850,1844,6,1920,2022-7
1,منطقة الجوف,أنشطة الخدمات الشخصية الأخرى,687,167,105,62,1744,1629,115,1911,2022-1
1,منطقة جازان,صُنع المنتجات الغذائية,291,284,131,153,1626,1622,4,1910,2022-1
3,منطقة القصيم,أنشطة العمل الاجتماعي، دون إقامة,176,1251,562,689,654,575,79,1905,2022-7
4,منطقة القصيم,الأنشطة العقارية,234,573,343,230,1323,1317,6,1896,2022-10
2,منطقة الحدود الشمالية,تجارة الجملة ، باستثناء المركبات ذات المحركات والدراجات النارية,423,278,156,122,1610,1605,5,1888,2022-4
1,منطقة القصيم,الأنشطة العقارية,196,538,323,215,1343,1339,4,1881,2022-1
1,منطقة الحدود الشمالية,تجارة الجملة ، باستثناء المركبات ذات المحركات والدراجات النارية,392,286,166,120,1590,1576,14,1876,2022-1
4,منطقة جازان,أنشطة زراعة المحاصيل والإنتاج الحيواني والصيد والخدمات المتصلة,818,72,46,26,1791,1786,5,1863,2022-10
4,منطقة القصيم,صُنع المشروبات,28,526,217,309,1335,1335,0,1861,2022-10
2,منطقة المدينة المنورة,أنشطة المعمارية والهندسية ، والاختبارات الفنية والتحليل,199,665,417,248,1196,1188,8,1861,2022-4
4,منطقة مكة المكرمة,أنشطة المنظمات ذات العضوية,294,1097,644,453,756,735,21,1853,2022-10
1,منطقة المدينة المنورة,الأنشطة العقارية,287,527,373,154,1321,1307,14,1848,2022-1
4,منطقة جازان,أنشطة تقديم الخدمات للمباني وتجميل المواقع,345,277,154,123,1568,1541,27,1845,2022-10
2,منطقة المدينة المنورة,صنع منتجات المطاط واللدائن,48,467,282,185,1370,1363,7,1837,2022-4
2,منطقة جازان,صيد الأسماك وتربية المائيات,337,263,194,69,1573,1567,6,1836,2022-4
1,منطقة المدينة المنورة,أنشطة المعمارية والهندسية ، والاختبارات الفنية والتحليل,189,632,404,228,1203,1193,10,1835,2022-1
1,منطقة القصيم,أنشطة المكاتب الرئيسية، والأنشطة الاستشارية في مجال الإدارة,19,517,387,130,1308,1308,0,1825,2022-1
3,منطقة مكة المكرمة,أنشطة المنظمات ذات العضوية,298,1052,609,443,761,742,19,1813,2022-7
4,منطقة القصيم,التخزين وأنشطة الدعم للنقل,191,319,221,98,1471,1469,2,1790,2022-10
3,منطقة القصيم,صُنع المشروبات,30,522,226,296,1261,1261,0,1783,2022-7
1,منطقة حائل,صنع منتجات المعادن اللافلزية الأخرى,174,462,398,64,1314,1311,3,1776,2022-1
4,منطقة مكة المكرمة,صناعة المركبات ذات المحركات والمركبات المقطورة ونصف المقطورة,64,496,340,156,1279,1279,0,1775,2022-10
2,منطقة تبوك,صنع منتجات المعادن اللافلزية الأخرى,82,523,436,87,1252,1250,2,1775,2022-4
2,منطقة تبوك,الإدارة العامة والدفاع ؛ والضمان الاجتماعي الإلزامي,40,1187,848,339,586,584,2,1773,2022-4
4,منطقة مكة المكرمة,أنشطة المكاتب الرئيسية، والأنشطة الاستشارية في مجال الإدارة,317,743,403,340,1027,969,58,1770,2022-10
2,منطقة الرياض,صُنع المنتجات الجلدية والمنتجات ذات الصلة,110,317,102,215,1447,1444,3,1764,2022-4
1,منطقة تبوك,الإدارة العامة والدفاع ؛ والضمان الاجتماعي الإلزامي,40,1191,852,339,570,569,1,1761,2022-1
2,منطقة الحدود الشمالية,النقل البري و النقل عبر الأنابيب,408,227,131,96,1533,1532,1,1760,2022-4
3,منطقة القصيم,الأنشطة العقارية,219,490,294,196,1266,1261,5,1756,2022-7
1,منطقة المدينة المنورة,صنع منتجات المطاط واللدائن,45,466,290,176,1287,1280,7,1753,2022-1
3,منطقة مكة المكرمة,الإدارة العامة والدفاع ؛ والضمان الاجتماعي الإلزامي,281,885,507,378,865,837,28,1750,2022-7
3,منطقة نجران,أنشطة زراعة المحاصيل والإنتاج الحيواني والصيد والخدمات المتصلة,797,58,31,27,1688,1683,5,1746,2022-7
2,منطقة القصيم,أنشطة العمل الاجتماعي، دون إقامة,157,1148,559,589,595,530,65,1743,2022-4
2,منطقة القصيم,صُنع المشروبات,29,513,219,294,1222,1222,0,1735,2022-4
2,منطقة الباحة,الصحة البشرية,56,1243,933,310,489,208,281,1732,2022-4
2,منطقة عسير,إصلاح أجهزة الحاسوب والسلع الشخصية والمنزلية,513,121,86,35,1604,1601,3,1725,2022-4
3,منطقة مكة المكرمة,صناعة المركبات ذات المحركات والمركبات المقطورة ونصف المقطورة,61,470,316,154,1249,1248,1,1719,2022-7
1,منطقة الحدود الشمالية,النقل البري و النقل عبر الأنابيب,395,222,127,95,1492,1491,1,1714,2022-1
1,منطقة نجران,التخزين وأنشطة الدعم للنقل,460,120,70,50,1593,1589,4,1713,2022-1
1,منطقة حائل,صُنع المنتجات الغذائية,211,271,70,201,1437,1431,6,1708,2022-1
4,منطقة الحدود الشمالية,النقل البري و النقل عبر الأنابيب,387,227,135,92,1481,1481,0,1708,2022-10
1,منطقة الباحة,الصحة البشرية,51,1247,942,305,460,193,267,1707,2022-1
4,المنطقة الشرقية,الإدارة العامة والدفاع ؛ والضمان الاجتماعي الإلزامي,116,1120,805,315,583,566,17,1703,2022-10
3,منطقة مكة المكرمة,أنشطة المكاتب الرئيسية، والأنشطة الاستشارية في مجال الإدارة,312,699,393,306,1002,946,56,1701,2022-7
1,منطقة القصيم,أنشطة العمل الاجتماعي، دون إقامة,153,1114,539,575,583,525,58,1697,2022-1
1,منطقة الرياض,الأنشطة الإبداعية والفنون وأنشطة الترفيه,115,485,318,167,1206,1176,30,1691,2022-1
4,منطقة مكة المكرمة,أنشطة البريد ونقل الرسائل والطرود بواسطة مندوبين,120,451,317,134,1236,1230,6,1687,2022-10
3,منطقة الحدود الشمالية,النقل البري و النقل عبر الأنابيب,386,209,119,90,1475,1475,0,1684,2022-7
4,منطقة الجوف,التعليم,100,1029,428,601,650,595,55,1679,2022-10
1,منطقة عسير,صنع الأثاث,467,185,126,59,1493,1493,0,1678,2022-1
4,منطقة نجران,أنشطة زراعة المحاصيل والإنتاج الحيواني والصيد والخدمات المتصلة,764,55,32,23,1612,1607,5,1667,2022-10
2,منطقة القصيم,التخزين وأنشطة الدعم للنقل,183,267,176,91,1391,1390,1,1658,2022-4
2,منطقة جازان,صُنع الملبوسات,619,90,54,36,1568,1426,142,1658,2022-4
4,منطقة الحدود الشمالية,أنشطة الخدمات الشخصية الأخرى,643,98,34,64,1556,1421,135,1654,2022-10
3,منطقة عسير,إصلاح أجهزة الحاسوب والسلع الشخصية والمنزلية,569,105,65,40,1548,1547,1,1653,2022-7
4,منطقة مكة المكرمة,الإدارة العامة والدفاع ؛ والضمان الاجتماعي الإلزامي,265,845,494,351,808,780,28,1653,2022-10
4,منطقة مكة المكرمة,البحث والتطوير في المجال العلمي,56,1301,1224,77,350,338,12,1651,2022-10
3,منطقة القصيم,إصلاح وتركيب الآلات والمعدات,257,221,145,76,1421,1421,0,1642,2022-7
2,منطقة تبوك,صُنع المنتجات الغذائية,236,302,102,200,1338,1335,3,1640,2022-4
4,منطقة عسير,إصلاح أجهزة الحاسوب والسلع الشخصية والمنزلية,585,108,58,50,1529,1528,1,1637,2022-10
1,منطقة جازان,صُنع الملبوسات,601,92,54,38,1545,1404,141,1637,2022-1
3,منطقة مكة المكرمة,أنشطة البريد ونقل الرسائل والطرود بواسطة مندوبين,112,433,308,125,1203,1196,7,1636,2022-7
3,منطقة القصيم,التخزين وأنشطة الدعم للنقل,187,251,168,83,1376,1374,2,1627,2022-7
3,المنطقة الشرقية,الإدارة العامة والدفاع ؛ والضمان الاجتماعي الإلزامي,121,1050,773,277,576,557,19,1626,2022-7
4,منطقة جازان,الإقامة,320,472,223,249,1154,1126,28,1626,2022-10
2,منطقة الحدود الشمالية,أنشطة التشييد المتخصصة,463,160,101,59,1465,1465,0,1625,2022-4
4,منطقة جازان,صُنع الملبوسات,682,91,49,42,1530,1405,125,1621,2022-10
1,منطقة القصيم,صُنع المشروبات,26,466,224,242,1153,1153,0,1619,2022-1
1,منطقة عسير,إصلاح أجهزة الحاسوب والسلع الشخصية والمنزلية,453,122,86,36,1496,1493,3,1618,2022-1
2,منطقة القصيم,الإقامة,159,430,283,147,1188,1186,2,1618,2022-4
3,منطقة الحدود الشمالية,تجارة الجملة ، باستثناء المركبات ذات المحركات والدراجات النارية,444,252,145,107,1364,1363,1,1616,2022-7
3,منطقة عسير,التخزين وأنشطة الدعم للنقل,171,344,265,79,1269,1268,1,1613,2022-7
4,منطقة عسير,التخزين وأنشطة الدعم للنقل,181,329,246,83,1284,1283,1,1613,2022-10
1,منطقة المدينة المنورة,الأنشطة الأخرى للتعدين واستغلال المحاجر,63,521,469,52,1086,1086,0,1607,2022-1
4,منطقة الحدود الشمالية,تجارة الجملة ، باستثناء المركبات ذات المحركات والدراجات النارية,451,236,135,101,1369,1367,2,1605,2022-10
1,منطقة جازان,صيد الأسماك وتربية المائيات,196,263,189,74,1341,1340,1,1604,2022-1
3,منطقة المدينة المنورة,صيد الأسماك وتربية المائيات,616,84,46,38,1517,1482,35,1601,2022-7
1,منطقة الجوف,التعليم,80,930,407,523,665,620,45,1595,2022-1
2,منطقة نجران,صيد الأسماك وتربية المائيات,702,87,48,39,1502,1498,4,1589,2022-4
3,منطقة جازان,صُنع الملبوسات,659,79,42,37,1510,1378,132,1589,2022-7
4,المنطقة الشرقية,النقل المائي,88,969,767,202,615,603,12,1584,2022-10
3,منطقة الحدود الشمالية,أنشطة الخدمات الشخصية الأخرى,613,97,43,54,1486,1348,138,1583,2022-7
2,منطقة القصيم,إصلاح وتركيب الآلات والمعدات,247,222,146,76,1360,1360,0,1582,2022-4
4,منطقة القصيم,إصلاح وتركيب الآلات والمعدات,265,204,138,66,1369,1368,1,1573,2022-10
4,منطقة المدينة المنورة,الأنشطة الأخرى للتعدين واستغلال المحاجر,84,520,443,77,1044,1044,0,1564,2022-10
2,منطقة الحدود الشمالية,أنشطة الخدمات الشخصية الأخرى,570,109,47,62,1450,1337,113,1559,2022-4
1,منطقة القصيم,الإقامة,149,416,271,145,1143,1141,2,1559,2022-1
2,منطقة مكة المكرمة,صناعة المركبات ذات المحركات والمركبات المقطورة ونصف المقطورة,60,432,294,138,1126,1126,0,1558,2022-4
1,منطقة مكة المكرمة,أنشطة خدمات دعم التعدين,45,451,298,153,1107,1101,6,1558,2022-1
3,منطقة الجوف,الأنشطة الإيجارية,640,88,60,28,1460,1449,11,1548,2022-7
2,منطقة المدينة المنورة,أنشطة جمع النفايات ومعالجتها وتصريفها ، واسترجاع المواد,16,233,124,109,1315,1312,3,1548,2022-4
3,منطقة الجوف,التعليم,98,910,378,532,635,585,50,1545,2022-7
3,منطقة جازان,الإقامة,322,470,231,239,1074,1048,26,1544,2022-7
4,منطقة الجوف,الأنشطة الإيجارية,643,74,55,19,1468,1457,11,1542,2022-10
2,منطقة الجوف,التعليم,88,893,384,509,647,601,46,1540,2022-4
4,منطقة المدينة المنورة,الأنشطة العقارية,352,475,316,159,1065,1052,13,1540,2022-10
1,منطقة تبوك,صُنع المنتجات الغذائية,222,306,117,189,1233,1231,2,1539,2022-1
3,المنطقة الشرقية,النقل المائي,84,961,766,195,578,567,11,1539,2022-7
4,منطقة القصيم,الإقامة,164,415,269,146,1124,1118,6,1539,2022-10
2,منطقة مكة المكرمة,أنشطة خدمات دعم التعدين,44,445,293,152,1094,1088,6,1539,2022-4
1,منطقة تبوك,صنع منتجات المعادن اللافلزية الأخرى,80,507,423,84,1027,1025,2,1534,2022-1
2,منطقة جازان,الإقامة,274,475,231,244,1049,998,51,1524,2022-4
1,المنطقة الشرقية,النقل المائي,82,924,741,183,599,588,11,1523,2022-1
3,منطقة القصيم,الإقامة,166,401,267,134,1119,1117,2,1520,2022-7
2,منطقة الرياض,الأنشطة الإبداعية والفنون وأنشطة الترفيه,129,500,304,196,1019,987,32,1519,2022-4
1,منطقة الرياض,الصرف الصحي,135,203,114,89,1306,1304,2,1509,2022-1
2,منطقة الجوف,الأنشطة الإيجارية,631,77,57,20,1426,1418,8,1503,2022-4
1,منطقة القصيم,أنشطة المعمارية والهندسية ، والاختبارات الفنية والتحليل,194,419,312,107,1084,1082,2,1503,2022-1
2,منطقة المدينة المنورة,الأنشطة الإدارية للمكاتب ، وأنشطة الدعم للمكاتب وغير ذلك من أنشطة الدعم للأعمال,283,389,234,155,1101,1070,31,1490,2022-4
1,منطقة الجوف,الأنشطة الإيجارية,638,67,47,20,1420,1411,9,1487,2022-1
4,منطقة عسير,أنشطة العمل الاجتماعي، دون إقامة,189,1033,522,511,453,415,38,1486,2022-10
2,منطقة تبوك,صُنع المواد الكيميائية والمنتجات الكيميائية,27,575,358,217,909,904,5,1484,2022-4
1,منطقة جازان,الإقامة,258,492,239,253,988,933,55,1480,2022-1
2,المنطقة الشرقية,النقل المائي,85,890,709,181,588,576,12,1478,2022-4
1,منطقة تبوك,صُنع المواد الكيميائية والمنتجات الكيميائية,23,562,349,213,905,900,5,1467,2022-1
3,منطقة مكة المكرمة,البحث والتطوير في المجال العلمي,59,1100,1029,71,367,355,12,1467,2022-7
3,منطقة المدينة المنورة,الأنشطة العقارية,345,459,308,151,1008,998,10,1467,2022-7
1,منطقة الحدود الشمالية,أنشطة التشييد المتخصصة,409,146,93,53,1320,1320,0,1466,2022-1
2,منطقة الحدود الشمالية,الصحة البشرية,58,918,473,445,544,304,240,1462,2022-4
1,منطقة الحدود الشمالية,أنشطة الخدمات الشخصية الأخرى,520,95,42,53,1358,1262,96,1453,2022-1
2,منطقة المدينة المنورة,الأنشطة الأخرى للتعدين واستغلال المحاجر,69,501,444,57,949,949,0,1450,2022-4
4,منطقة الحدود الشمالية,أنشطة تقديم الخدمات للمباني وتجميل المواقع,91,386,220,166,1064,951,113,1450,2022-10
1,منطقة جازان,أنشطة زراعة المحاصيل والإنتاج الحيواني والصيد والخدمات المتصلة,559,86,49,37,1363,1356,7,1449,2022-1
3,المنطقة الشرقية,الأنشطة المهنية والعلمية والتقنية الأخرى,248,582,362,220,856,791,65,1438,2022-7
2,منطقة جازان,أنشطة زراعة المحاصيل والإنتاج الحيواني والصيد والخدمات المتصلة,555,80,48,32,1358,1350,8,1438,2022-4
2,منطقة عسير,الأنشطة العقارية,284,384,224,160,1052,1050,2,1436,2022-4
1,منطقة عسير,الأنشطة العقارية,262,463,234,229,965,964,1,1428,2022-1
3,منطقة عسير,أنشطة الأمن والتحقيقات,12,1418,1385,33,7,7,0,1425,2022-7
4,المنطقة الشرقية,الأنشطة المهنية والعلمية والتقنية الأخرى,248,565,354,211,859,785,74,1424,2022-10
3,منطقة عسير,صيد الأسماك وتربية المائيات,572,71,36,35,1352,1351,1,1423,2022-7
4,منطقة الجوف,أنشطة تقديم الخدمات للمباني وتجميل المواقع,220,252,114,138,1170,1160,10,1422,2022-10
4,منطقة مكة المكرمة,أنشطة خدمات المعلومات,170,637,268,369,783,743,40,1420,2022-10
4,منطقة الباحة,أنشطة تقديم الخدمات للمباني وتجميل المواقع,62,275,166,109,1142,1086,56,1417,2022-10
3,منطقة حائل,صنع منتجات المعادن المشكلة ( باستثناء الآلات والمعدات ),294,224,120,104,1193,1190,3,1417,2022-7
2,منطقة الجوف,صنع منتجات المعادن اللافلزية الأخرى,91,263,195,68,1152,1149,3,1415,2022-4
4,منطقة حائل,صُنع الملبوسات,449,138,33,105,1275,1182,93,1413,2022-10
4,منطقة حائل,صنع منتجات المعادن المشكلة ( باستثناء الآلات والمعدات ),304,216,108,108,1196,1193,3,1412,2022-10
1,منطقة مكة المكرمة,صناعة المركبات ذات المحركات والمركبات المقطورة ونصف المقطورة,60,377,264,113,1035,1035,0,1412,2022-1
3,منطقة عسير,أنشطة العمل الاجتماعي، دون إقامة,180,948,503,445,459,420,39,1407,2022-7
4,منطقة القصيم,صُنع الخشب ومنتجات الخشب والفلين ، باستثناء الأثاث ، صُنع أصناف من القش ومواد الضفر,296,210,138,72,1196,1196,0,1406,2022-10
2,منطقة مكة المكرمة,النقل المائي,154,537,348,189,869,860,9,1406,2022-4
1,منطقة المدينة المنورة,الأنشطة الإدارية للمكاتب ، وأنشطة الدعم للمكاتب وغير ذلك من أنشطة الدعم للأعمال,257,386,225,161,1016,988,28,1402,2022-1
2,منطقة الجوف,الهندسة المدنية,65,348,238,110,1042,1011,31,1390,2022-4
2,منطقة القصيم,أنشطة المعمارية والهندسية ، والاختبارات الفنية والتحليل,214,390,289,101,999,996,3,1389,2022-4
1,منطقة الرياض,صُنع المنتجات الجلدية والمنتجات ذات الصلة,91,250,67,183,1139,1138,1,1389,2022-1
4,منطقة تبوك,الإقامة,149,508,276,232,879,862,17,1387,2022-10
3,منطقة الجوف,أنشطة تقديم الخدمات للمباني وتجميل المواقع,225,231,103,128,1155,1149,6,1386,2022-7
4,المنطقة الشرقية,أنشطة المكاتب الرئيسية، والأنشطة الاستشارية في مجال الإدارة,149,609,347,262,775,752,23,1384,2022-10
2,المنطقة الشرقية,أنشطة المكاتب الرئيسية، والأنشطة الاستشارية في مجال الإدارة,153,592,357,235,791,765,26,1383,2022-4
3,منطقة الباحة,أنشطة تقديم الخدمات للمباني وتجميل المواقع,64,270,155,115,1113,1056,57,1383,2022-7
2,المنطقة الشرقية,الأنشطة المهنية والعلمية والتقنية الأخرى,223,568,367,201,809,751,58,1377,2022-4
2,منطقة القصيم,صيد الأسماك وتربية المائيات,562,96,54,42,1280,1279,1,1376,2022-4
3,المنطقة الشرقية,الأنشطة المساعدة لأنشطة الخدمات المالية وأنشطة التأمين,78,1024,616,408,352,334,18,1376,2022-7
2,منطقة القصيم,أنشطة المكاتب الرئيسية، والأنشطة الاستشارية في مجال الإدارة,21,417,299,118,955,955,0,1372,2022-4
3,منطقة مكة المكرمة,أنشطة خدمات المعلومات,170,599,245,354,769,733,36,1368,2022-7
1,منطقة الجوف,الهندسة المدنية,63,341,238,103,1024,992,32,1365,2022-1
4,منطقة حائل,التعليم,149,773,303,470,592,572,20,1365,2022-10
3,منطقة المدينة المنورة,الأنشطة الأخرى للتعدين واستغلال المحاجر,78,503,440,63,861,861,0,1364,2022-7
4,منطقة عسير,أنشطة المعمارية والهندسية ، والاختبارات الفنية والتحليل,316,432,296,136,929,923,6,1361,2022-10
1,المنطقة الشرقية,أنشطة المكاتب الرئيسية، والأنشطة الاستشارية في مجال الإدارة,147,573,371,202,787,763,24,1360,2022-1
3,منطقة الجوف,الهندسة المدنية,69,325,228,97,1033,1008,25,1358,2022-7
4,المنطقة الشرقية,الأنشطة المساعدة لأنشطة الخدمات المالية وأنشطة التأمين,73,983,504,479,374,354,20,1357,2022-10
1,منطقة الحدود الشمالية,الصحة البشرية,54,886,476,410,465,270,195,1351,2022-1
1,المنطقة الشرقية,الأنشطة المهنية والعلمية والتقنية الأخرى,206,559,366,193,791,742,49,1350,2022-1
1,منطقة القصيم,التخزين وأنشطة الدعم للنقل,170,216,142,74,1132,1131,1,1348,2022-1
4,منطقة جازان,التعليم,154,705,232,473,637,534,103,1342,2022-10
3,منطقة تبوك,الإقامة,146,484,274,210,857,841,16,1341,2022-7
1,منطقة الحدود الشمالية,أنشطة تقديم الخدمات للمباني وتجميل المواقع,96,320,184,136,1016,995,21,1336,2022-1
3,منطقة الحدود الشمالية,أنشطة تقديم الخدمات للمباني وتجميل المواقع,93,320,182,138,1012,965,47,1332,2022-7
1,المنطقة الشرقية,صنع الحواسيب والمنتجات الإلكترونية والبصرية,105,277,203,74,1054,1048,6,1331,2022-1
4,منطقة الجوف,الهندسة المدنية,69,307,213,94,1024,1002,22,1331,2022-10
4,المنطقة الشرقية,تمويل التأمين وإعادة التأمين وصناديق المعاشات التقاعدية باستثناء الضمان الاجتماعي الإلزامي,15,997,699,298,333,318,15,1330,2022-10
4,منطقة الجوف,الصحة البشرية,76,485,143,342,844,460,384,1329,2022-10
3,منطقة مكة المكرمة,أنشطة خدمات دعم التعدين,42,546,386,160,780,775,5,1326,2022-7
2,منطقة الحدود الشمالية,أنشطة تقديم الخدمات للمباني وتجميل المواقع,99,320,177,143,1006,986,20,1326,2022-4
3,منطقة الباحة,صنع منتجات المعادن اللافلزية الأخرى,77,256,174,82,1067,1063,4,1323,2022-7
3,منطقة تبوك,الأنشطة الإيجارية,470,195,144,51,1127,1124,3,1322,2022-7
4,منطقة تبوك,الأنشطة الإيجارية,458,185,145,40,1134,1131,3,1319,2022-10
3,منطقة الرياض,الأنشطة الإبداعية والفنون وأنشطة الترفيه,109,470,292,178,848,816,32,1318,2022-7
4,منطقة مكة المكرمة,أنشطة خدمات دعم التعدين,43,527,385,142,788,783,5,1315,2022-10
2,منطقة القصيم,صُنع الخشب ومنتجات الخشب والفلين ، باستثناء الأثاث ، صُنع أصناف من القش ومواد الضفر,265,175,99,76,1136,1128,8,1311,2022-4
1,منطقة القصيم,إصلاح وتركيب الآلات والمعدات,224,207,139,68,1103,1103,0,1310,2022-1
3,منطقة عسير,أنشطة المعمارية والهندسية ، والاختبارات الفنية والتحليل,301,396,273,123,910,904,6,1306,2022-7
4,منطقة عسير,أنشطة الأمن والتحقيقات,12,1292,1255,37,7,7,0,1299,2022-10
4,منطقة الباحة,صنع منتجات المعادن اللافلزية الأخرى,77,245,160,85,1053,1049,4,1298,2022-10
3,منطقة الجوف,الصحة البشرية,73,467,136,331,829,459,370,1296,2022-7
3,منطقة القصيم,صُنع الخشب ومنتجات الخشب والفلين ، باستثناء الأثاث ، صُنع أصناف من القش ومواد الضفر,301,172,99,73,1123,1123,0,1295,2022-7
4,منطقة تبوك,الهندسة المدنية,99,277,153,124,1015,1014,1,1292,2022-10
4,منطقة المدينة المنورة,الأنشطة الإدارية للمكاتب ، وأنشطة الدعم للمكاتب وغير ذلك من أنشطة الدعم للأعمال,337,361,210,151,931,882,49,1292,2022-10
4,منطقة جازان,صنع الأثاث,402,56,31,25,1234,1229,5,1290,2022-10
2,منطقة حائل,صنع منتجات المعادن المشكلة ( باستثناء الآلات والمعدات ),271,196,104,92,1087,1083,4,1283,2022-4
3,منطقة الرياض,صنع فحم الكوك والمنتجات النفطية المكررة,77,413,275,138,869,864,5,1282,2022-7
1,منطقة القصيم,صُنع الخشب ومنتجات الخشب والفلين ، باستثناء الأثاث ، صُنع أصناف من القش ومواد الضفر,240,161,100,61,1119,1109,10,1280,2022-1
3,منطقة المدينة المنورة,تجميع المياه ومعالجتها وتوصيلها,72,815,787,28,464,464,0,1279,2022-7
2,منطقة الجوف,أنشطة تقديم الخدمات للمباني وتجميل المواقع,248,207,102,105,1071,1068,3,1278,2022-4
4,منطقة المدينة المنورة,تجميع المياه ومعالجتها وتوصيلها,74,811,785,26,465,465,0,1276,2022-10
2,منطقة تبوك,الإقامة,130,472,275,197,803,790,13,1275,2022-4
1,منطقة مكة المكرمة,الاتصالات,274,333,164,169,937,914,23,1270,2022-1
2,منطقة نجران,صُنع الملبوسات,435,101,38,63,1165,1086,79,1266,2022-4
1,منطقة نجران,أنشطة زراعة المحاصيل والإنتاج الحيواني والصيد والخدمات المتصلة,558,40,28,12,1225,1222,3,1265,2022-1
4,منطقة الرياض,الرعاية مع الإقامة,49,922,123,799,342,200,142,1264,2022-10
1,منطقة عسير,أنشطة العمل الاجتماعي، دون إقامة,167,826,408,418,438,413,25,1264,2022-1
3,منطقة حائل,صُنع الملبوسات,448,136,34,102,1127,1033,94,1263,2022-7
1,منطقة المدينة المنورة,الطباعة واستنساخ وسائط الأعلام المسجّلة,63,937,920,17,319,311,8,1256,2022-1
4,منطقة عسير,الأنشطة العقارية,316,346,202,144,909,905,4,1255,2022-10
3,منطقة جازان,التعليم,156,622,215,407,629,541,88,1251,2022-7
1,منطقة الجوف,أنشطة تقديم الخدمات للمباني وتجميل المواقع,249,200,105,95,1051,1048,3,1251,2022-1
3,منطقة عسير,الأنشطة العقارية,291,337,192,145,906,902,4,1243,2022-7
4,منطقة الحدود الشمالية,صنع منتجات المعادن اللافلزية الأخرى,63,379,311,68,862,862,0,1241,2022-10
3,منطقة القصيم,أنشطة المعمارية والهندسية ، والاختبارات الفنية والتحليل,201,412,286,126,829,826,3,1241,2022-7
2,منطقة تبوك,الأنشطة الإيجارية,474,155,120,35,1084,1082,2,1239,2022-4
2,منطقة المدينة المنورة,الطباعة واستنساخ وسائط الأعلام المسجّلة,59,943,917,26,295,295,0,1238,2022-4
4,منطقة القصيم,أنشطة المعمارية والهندسية ، والاختبارات الفنية والتحليل,199,426,290,136,811,809,2,1237,2022-10
1,منطقة حائل,صنع منتجات المعادن المشكلة ( باستثناء الآلات والمعدات ),248,193,106,87,1041,1037,4,1234,2022-1
4,منطقة المدينة المنورة,صنع الأثاث,322,117,70,47,1117,1112,5,1234,2022-10
2,منطقة مكة المكرمة,الاتصالات,287,326,162,164,907,883,24,1233,2022-4
4,منطقة عسير,صُنع الخشب ومنتجات الخشب والفلين ، باستثناء الأثاث ، صُنع أصناف من القش ومواد الضفر,341,167,88,79,1065,1061,4,1232,2022-10
1,منطقة نجران,صُنع الملبوسات,401,82,31,51,1149,1067,82,1231,2022-1
3,منطقة تبوك,الهندسة المدنية,86,257,158,99,973,972,1,1230,2022-7
1,منطقة المدينة المنورة,أنشطة جمع النفايات ومعالجتها وتصريفها ، واسترجاع المواد,16,97,70,27,1132,1129,3,1229,2022-1
1,منطقة تبوك,الإقامة,121,484,265,219,743,736,7,1227,2022-1
2,منطقة تبوك,الهندسة المدنية,75,226,150,76,1000,1000,0,1226,2022-4
3,منطقة مكة المكرمة,النقل المائي,170,472,308,164,752,743,9,1224,2022-7
3,منطقة الحدود الشمالية,صنع منتجات المعادن اللافلزية الأخرى,60,379,312,67,839,839,0,1218,2022-7
1,منطقة تبوك,الأنشطة الإيجارية,470,147,109,38,1070,1068,2,1217,2022-1
4,منطقة مكة المكرمة,النقل المائي,169,458,301,157,759,748,11,1217,2022-10
4,منطقة الرياض,الأنشطة الإبداعية والفنون وأنشطة الترفيه,113,452,278,174,763,729,34,1215,2022-10
4,منطقة جازان,صُنع المشروبات,37,275,170,105,937,937,0,1212,2022-10
3,المنطقة الشرقية,أنشطة المكاتب الرئيسية، والأنشطة الاستشارية في مجال الإدارة,151,538,316,222,670,652,18,1208,2022-7
1,منطقة مكة المكرمة,النقل المائي,131,410,261,149,796,786,10,1206,2022-1
3,منطقة جازان,صُنع المشروبات,32,273,167,106,931,931,0,1204,2022-7
3,منطقة الرياض,الرعاية مع الإقامة,51,882,120,762,320,192,128,1202,2022-7
2,منطقة نجران,أنشطة زراعة المحاصيل والإنتاج الحيواني والصيد والخدمات المتصلة,515,48,36,12,1154,1151,3,1202,2022-4
4,منطقة الرياض,صنع فحم الكوك والمنتجات النفطية المكررة,78,369,241,128,832,828,4,1201,2022-10
1,منطقة حائل,إصلاح أجهزة الحاسوب والسلع الشخصية والمنزلية,328,62,42,20,1135,1121,14,1197,2022-1
2,منطقة عسير,صُنع الخشب ومنتجات الخشب والفلين ، باستثناء الأثاث ، صُنع أصناف من القش ومواد الضفر,307,149,89,60,1048,1047,1,1197,2022-4
2,منطقة المدينة المنورة,إصلاح وتركيب الآلات والمعدات,260,216,137,79,978,974,4,1194,2022-4
4,منطقة نجران,صُنع الملبوسات,438,80,21,59,1114,1045,69,1194,2022-10
3,منطقة عسير,صُنع الخشب ومنتجات الخشب والفلين ، باستثناء الأثاث ، صُنع أصناف من القش ومواد الضفر,329,153,85,68,1039,1037,2,1192,2022-7
1,منطقة جازان,صُنع المشروبات,23,283,169,114,906,906,0,1189,2022-1
2,منطقة جازان,صُنع المشروبات,30,278,163,115,907,907,0,1185,2022-4
1,المنطقة الشرقية,أنشطة خدمات المعلومات,72,842,478,364,342,335,7,1184,2022-1
3,منطقة حائل,التعليم,146,611,280,331,571,552,19,1182,2022-7
1,منطقة الحدود الشمالية,التعليم,43,462,241,221,717,516,201,1179,2022-1
3,منطقة جازان,صنع الأثاث,375,64,31,33,1114,1110,4,1178,2022-7
3,منطقة نجران,صُنع الملبوسات,434,72,18,54,1105,1030,75,1177,2022-7
4,منطقة تبوك,صُنع المواد الكيميائية والمنتجات الكيميائية,29,436,260,176,741,738,3,1177,2022-10
3,منطقة تبوك,صُنع المواد الكيميائية والمنتجات الكيميائية,29,437,263,174,740,739,1,1177,2022-7
3,المنطقة الشرقية,أنشطة البريد ونقل الرسائل والطرود بواسطة مندوبين,45,489,331,158,686,685,1,1175,2022-7
4,منطقة تبوك,صنع منتجات المعادن المشكلة ( باستثناء الآلات والمعدات ),260,150,91,59,1024,1021,3,1174,2022-10
2,منطقة عسير,أنشطة المعمارية والهندسية ، والاختبارات الفنية والتحليل,255,366,252,114,803,795,8,1169,2022-4
4,منطقة عسير,الأنشطة الرياضية وأنشطة التسلية والترفيه,197,382,129,253,787,711,76,1169,2022-10
4,منطقة تبوك,صيد الأسماك وتربية المائيات,403,43,23,20,1125,1123,2,1168,2022-10
1,منطقة عسير,التخزين وأنشطة الدعم للنقل,151,364,309,55,802,802,0,1166,2022-1
2,منطقة حائل,إصلاح أجهزة الحاسوب والسلع الشخصية والمنزلية,329,51,34,17,1115,1102,13,1166,2022-4
3,منطقة المدينة المنورة,صنع الأثاث,303,114,71,43,1052,1048,4,1166,2022-7
2,منطقة الحدود الشمالية,التعليم,46,454,239,215,711,511,200,1165,2022-4
2,منطقة الرياض,البحث والتطوير في المجال العلمي,117,634,386,248,528,499,29,1162,2022-4
3,منطقة المدينة المنورة,إصلاح وتركيب الآلات والمعدات,303,200,134,66,958,955,3,1158,2022-7
1,منطقة تبوك,الهندسة المدنية,66,232,154,78,926,926,0,1158,2022-1
3,المنطقة الشرقية,صنع المنتجات الصيدلانية الأساسية والمستحضرات الصيدلانية,25,395,257,138,757,736,21,1152,2022-7
3,منطقة المدينة المنورة,الأنشطة الإدارية للمكاتب ، وأنشطة الدعم للمكاتب وغير ذلك من أنشطة الدعم للأعمال,315,314,176,138,836,806,30,1150,2022-7
1,منطقة الجوف,صنع منتجات المعادن اللافلزية الأخرى,84,242,192,50,904,903,1,1146,2022-1
2,منطقة عسير,أنشطة العمل الاجتماعي، دون إقامة,162,702,404,298,439,405,34,1141,2022-4
3,منطقة تبوك,صنع منتجات المعادن المشكلة ( باستثناء الآلات والمعدات ),256,145,85,60,992,990,2,1137,2022-7
4,منطقة الرياض,البحث والتطوير في المجال العلمي,118,600,330,270,534,488,46,1134,2022-10
3,المنطقة الشرقية,تمويل التأمين وإعادة التأمين وصناديق المعاشات التقاعدية باستثناء الضمان الاجتماعي الإلزامي,16,789,536,253,341,326,15,1130,2022-7
2,منطقة حائل,صُنع الملبوسات,421,84,32,52,1046,930,116,1130,2022-4
2,منطقة عسير,الأنشطة الرياضية وأنشطة التسلية والترفيه,181,349,152,197,777,709,68,1126,2022-4
4,منطقة مكة المكرمة,الاتصالات,273,409,241,168,714,698,16,1123,2022-10
2,منطقة القصيم,الأنشطة الرياضية وأنشطة التسلية والترفيه,117,385,179,206,738,692,46,1123,2022-4
4,منطقة جازان,إصلاح وتركيب الآلات والمعدات,361,64,32,32,1057,1057,0,1121,2022-10
2,منطقة مكة المكرمة,أنشطة خدمات المعلومات,161,503,204,299,618,591,27,1121,2022-4
4,المنطقة الشرقية,أنشطة البريد ونقل الرسائل والطرود بواسطة مندوبين,41,430,281,149,690,686,4,1120,2022-10
3,منطقة مكة المكرمة,الاتصالات,269,397,238,159,722,708,14,1119,2022-7
2,منطقة مكة المكرمة,الصرف الصحي,97,335,278,57,784,781,3,1119,2022-4
1,منطقة الرياض,البحث والتطوير في المجال العلمي,109,614,373,241,504,476,28,1118,2022-1
4,منطقة المدينة المنورة,إصلاح وتركيب الآلات والمعدات,328,196,138,58,918,915,3,1114,2022-10
1,منطقة عسير,صُنع الخشب ومنتجات الخشب والفلين ، باستثناء الأثاث ، صُنع أصناف من القش ومواد الضفر,290,128,79,49,984,983,1,1112,2022-1
2,منطقة الرياض,أنشطة خدمات دعم التعدين,59,771,626,145,338,334,4,1109,2022-4
2,منطقة المدينة المنورة,صُنع المنسوجات,154,189,115,74,918,907,11,1107,2022-4
3,منطقة عسير,الأنشطة الرياضية وأنشطة التسلية والترفيه,190,325,116,209,780,710,70,1105,2022-7
2,منطقة عسير,التخزين وأنشطة الدعم للنقل,159,282,213,69,820,820,0,1102,2022-4
4,منطقة عسير,إصلاح وتركيب الآلات والمعدات,244,149,93,56,950,948,2,1099,2022-10
4,منطقة الباحة,أنشطة الخدمات الشخصية الأخرى,499,84,45,39,1015,960,55,1099,2022-10
1,منطقة حائل,صُنع الملبوسات,397,82,31,51,1016,893,123,1098,2022-1
3,منطقة نجران,صنع منتجات المعادن المشكلة ( باستثناء الآلات والمعدات ),361,97,49,48,999,998,1,1096,2022-7
1,منطقة المدينة المنورة,إصلاح وتركيب الآلات والمعدات,233,180,105,75,915,911,4,1095,2022-1
2,منطقة الحدود الشمالية,صنع منتجات المعادن اللافلزية الأخرى,63,362,302,60,724,724,0,1086,2022-4
1,منطقة مكة المكرمة,أنشطة خدمات المعلومات,156,479,207,272,607,583,24,1086,2022-1
2,منطقة الرياض,صنع فحم الكوك والمنتجات النفطية المكررة,77,335,231,104,749,744,5,1084,2022-4
1,منطقة تبوك,إصلاح أجهزة الحاسوب والسلع الشخصية والمنزلية,263,74,46,28,1006,1004,2,1080,2022-1
3,منطقة الرياض,البحث والتطوير في المجال العلمي,115,561,306,255,517,478,39,1078,2022-7
1,منطقة عسير,أنشطة المعمارية والهندسية ، والاختبارات الفنية والتحليل,216,334,232,102,740,733,7,1074,2022-1
2,المنطقة الشرقية,الأنشطة المساعدة لأنشطة الخدمات المالية وأنشطة التأمين,69,765,418,347,308,290,18,1073,2022-4
2,منطقة تبوك,إصلاح أجهزة الحاسوب والسلع الشخصية والمنزلية,273,83,53,30,989,986,3,1072,2022-4
2,المنطقة الشرقية,أنشطة خدمات المعلومات,70,749,413,336,320,312,8,1069,2022-4
3,منطقة حائل,إصلاح أجهزة الحاسوب والسلع الشخصية والمنزلية,341,57,37,20,1012,1006,6,1069,2022-7
1,منطقة الرياض,أنشطة خدمات دعم التعدين,62,721,588,133,348,344,4,1069,2022-1
4,منطقة نجران,صنع منتجات المعادن المشكلة ( باستثناء الآلات والمعدات ),364,68,32,36,1000,999,1,1068,2022-10
1,منطقة المدينة المنورة,إصلاح أجهزة الحاسوب والسلع الشخصية والمنزلية,328,123,83,40,943,934,9,1066,2022-1
2,منطقة عسير,إصلاح وتركيب الآلات والمعدات,190,123,96,27,939,937,2,1062,2022-4
3,منطقة جازان,إصلاح وتركيب الآلات والمعدات,346,44,30,14,1014,1014,0,1058,2022-7
4,منطقة المدينة المنورة,صُنع المشروبات,36,241,105,136,814,813,1,1055,2022-10
4,منطقة الرياض,أنشطة خدمات دعم التعدين,58,671,535,136,384,382,2,1055,2022-10
2,منطقة نجران,صنع منتجات المعادن المشكلة ( باستثناء الآلات والمعدات ),313,79,42,37,973,972,1,1052,2022-4
2,منطقة المدينة المنورة,صنع الأثاث,274,116,72,44,935,931,4,1051,2022-4
2,منطقة المدينة المنورة,إصلاح أجهزة الحاسوب والسلع الشخصية والمنزلية,349,98,54,44,951,942,9,1049,2022-4
3,منطقة المدينة المنورة,صُنع المشروبات,38,227,108,119,820,819,1,1047,2022-7
1,منطقة المدينة المنورة,صُنع المنسوجات,151,179,107,72,865,855,10,1044,2022-1
4,المنطقة الشرقية,أنشطة خدمات المعلومات,66,737,381,356,306,298,8,1043,2022-10
4,منطقة الجوف,صيد الأسماك وتربية المائيات,497,31,20,11,1011,1006,5,1042,2022-10
3,منطقة الباحة,أنشطة الخدمات الشخصية الأخرى,482,77,50,27,965,921,44,1042,2022-7
1,منطقة الرياض,الرعاية مع الإقامة,48,738,90,648,302,175,127,1040,2022-1
2,منطقة تبوك,صنع منتجات المعادن المشكلة ( باستثناء الآلات والمعدات ),247,130,74,56,900,898,2,1030,2022-4
3,منطقة عسير,إصلاح وتركيب الآلات والمعدات,223,141,95,46,887,885,2,1028,2022-7
4,منطقة القصيم,الأنشطة الرياضية وأنشطة التسلية والترفيه,128,390,147,243,638,596,42,1028,2022-10
2,منطقة جازان,صنع الأثاث,329,60,30,30,967,965,2,1027,2022-4
4,منطقة نجران,التعليم,107,602,232,370,424,410,14,1026,2022-10
3,المنطقة الشرقية,صنع الحواسيب والمنتجات الإلكترونية والبصرية,77,312,218,94,709,706,3,1021,2022-7
4,منطقة الجوف,صنع منتجات المعادن المشكلة ( باستثناء الآلات والمعدات ),329,78,55,23,939,938,1,1017,2022-10
3,المنطقة الشرقية,أنشطة خدمات المعلومات,70,712,393,319,304,297,7,1016,2022-7
4,المنطقة الشرقية,صنع المنتجات الصيدلانية الأساسية والمستحضرات الصيدلانية,25,254,172,82,762,740,22,1016,2022-10
3,منطقة القصيم,الأنشطة الرياضية وأنشطة التسلية والترفيه,122,335,131,204,679,634,45,1014,2022-7
1,منطقة نجران,صنع منتجات المعادن المشكلة ( باستثناء الآلات والمعدات ),300,59,28,31,954,952,2,1013,2022-1
4,المنطقة الشرقية,صنع الحواسيب والمنتجات الإلكترونية والبصرية,73,307,210,97,698,695,3,1005,2022-10
2,منطقة المدينة المنورة,صنع المعدات الكهربائية,53,217,161,56,781,781,0,998,2022-4
3,منطقة الجوف,صُنع المنتجات الغذائية,209,155,124,31,843,842,1,998,2022-7
4,منطقة الجوف,صُنع المنتجات الغذائية,216,160,117,43,835,834,1,995,2022-10
4,منطقة المدينة المنورة,صنع المعدات الكهربائية,54,229,177,52,764,762,2,993,2022-10
1,المنطقة الشرقية,الأنشطة المساعدة لأنشطة الخدمات المالية وأنشطة التأمين,66,693,390,303,297,279,18,990,2022-1
3,منطقة المدينة المنورة,صُنع المنسوجات,160,158,102,56,832,821,11,990,2022-7
2,منطقة الباحة,أنشطة الخدمات الشخصية الأخرى,418,90,60,30,899,854,45,989,2022-4
3,منطقة المدينة المنورة,صنع المعدات الكهربائية,54,229,174,55,758,758,0,987,2022-7
4,منطقة حائل,إصلاح أجهزة الحاسوب والسلع الشخصية والمنزلية,325,42,23,19,944,940,4,986,2022-10
1,المنطقة الشرقية,تمويل التأمين وإعادة التأمين وصناديق المعاشات التقاعدية باستثناء الضمان الاجتماعي الإلزامي,8,754,541,213,230,217,13,984,2022-1
4,منطقة المدينة المنورة,صُنع المنسوجات,162,158,98,60,822,812,10,980,2022-10
4,منطقة المدينة المنورة,إصلاح أجهزة الحاسوب والسلع الشخصية والمنزلية,377,79,45,34,899,889,10,978,2022-10
4,منطقة الحدود الشمالية,الصحة البشرية,58,318,76,242,659,367,292,977,2022-10
3,منطقة الجوف,صنع منتجات المعادن المشكلة ( باستثناء الآلات والمعدات ),319,80,62,18,894,893,1,974,2022-7
3,منطقة الرياض,أنشطة خدمات دعم التعدين,55,629,512,117,343,341,2,972,2022-7
1,منطقة عسير,إصلاح وتركيب الآلات والمعدات,169,128,100,28,844,842,2,972,2022-1
1,منطقة عسير,الأنشطة الرياضية وأنشطة التسلية والترفيه,157,310,142,168,661,607,54,971,2022-1
2,منطقة الجوف,صنع منتجات المعادن المشكلة ( باستثناء الآلات والمعدات ),280,84,69,15,885,884,1,969,2022-4
4,المنطقة الشرقية,تعدين ركازات الفلزات,75,691,664,27,275,274,1,966,2022-10
2,منطقة الرياض,الأنشطة البيطرية,96,287,136,151,678,631,47,965,2022-4
4,منطقة القصيم,صنع منتجات المطاط واللدائن,25,267,165,102,694,693,1,961,2022-10
1,منطقة تبوك,صنع منتجات المعادن المشكلة ( باستثناء الآلات والمعدات ),224,130,74,56,830,828,2,960,2022-1
3,المنطقة الشرقية,تعدين ركازات الفلزات,74,673,649,24,285,284,1,958,2022-7
3,منطقة المدينة المنورة,إصلاح أجهزة الحاسوب والسلع الشخصية والمنزلية,368,81,46,35,876,868,8,957,2022-7
2,المنطقة الشرقية,تمويل التأمين وإعادة التأمين وصناديق المعاشات التقاعدية باستثناء الضمان الاجتماعي الإلزامي,8,740,528,212,216,204,12,956,2022-4
3,منطقة نجران,التعليم,106,525,216,309,428,415,13,953,2022-7
3,منطقة الحدود الشمالية,الصحة البشرية,56,295,71,224,656,359,297,951,2022-7
3,منطقة تبوك,إصلاح أجهزة الحاسوب والسلع الشخصية والمنزلية,274,64,47,17,886,884,2,950,2022-7
1,منطقة الحدود الشمالية,صنع منتجات المعادن اللافلزية الأخرى,53,343,290,53,604,604,0,947,2022-1
1,منطقة نجران,التعليم,92,476,217,259,470,457,13,946,2022-1
2,منطقة الباحة,صنع منتجات المعادن اللافلزية الأخرى,73,166,119,47,779,777,2,945,2022-4
1,منطقة المدينة المنورة,صنع المعدات الكهربائية,52,214,164,50,723,722,1,937,2022-1
1,منطقة الباحة,أنشطة الخدمات الشخصية الأخرى,375,77,51,26,857,815,42,934,2022-1
2,المنطقة الشرقية,صنع الحواسيب والمنتجات الإلكترونية والبصرية,100,274,203,71,656,652,4,930,2022-4
1,منطقة القصيم,الأنشطة الرياضية وأنشطة التسلية والترفيه,107,289,148,141,641,599,42,930,2022-1
2,منطقة القصيم,أبحاث الإعلان والسوق,172,190,97,93,736,728,8,926,2022-4
1,منطقة المدينة المنورة,صنع الأثاث,251,96,60,36,827,823,4,923,2022-1
1,منطقة نجران,الإقامة,113,253,107,146,666,661,5,919,2022-1
1,منطقة الرياض,الأنشطة البيطرية,86,266,132,134,651,600,51,917,2022-1
4,منطقة نجران,صنع الأثاث,131,117,36,81,798,798,0,915,2022-10
1,منطقة المدينة المنورة,الصناعة التحويلية الأخرى,44,381,353,28,532,530,2,913,2022-1
1,منطقة مكة المكرمة,الصرف الصحي,96,141,80,61,772,769,3,913,2022-1
2,منطقة نجران,الإقامة,118,237,96,141,672,666,6,909,2022-4
2,منطقة جازان,الأنشطة العقارية,160,302,97,205,607,605,2,909,2022-4
2,منطقة المدينة المنورة,الصناعة التحويلية الأخرى,43,386,354,32,522,520,2,908,2022-4
2,منطقة جازان,إصلاح وتركيب الآلات والمعدات,310,43,26,17,864,864,0,907,2022-4
3,منطقة القصيم,الأنشطة الإدارية للمكاتب ، وأنشطة الدعم للمكاتب وغير ذلك من أنشطة الدعم للأعمال,236,185,97,88,720,716,4,905,2022-7
3,منطقة نجران,صنع الأثاث,135,96,26,70,805,805,0,901,2022-7
1,منطقة الرياض,صنع فحم الكوك والمنتجات النفطية المكررة,75,293,199,94,607,602,5,900,2022-1
4,منطقة مكة المكرمة,صنع الحواسيب والمنتجات الإلكترونية والبصرية,157,234,176,58,664,660,4,898,2022-10
4,منطقة عسير,صُنع المشروبات,37,218,174,44,679,679,0,897,2022-10
4,منطقة القصيم,الأنشطة الإدارية للمكاتب ، وأنشطة الدعم للمكاتب وغير ذلك من أنشطة الدعم للأعمال,252,170,92,78,720,718,2,890,2022-10
4,منطقة عسير,الأنشطة الإدارية للمكاتب ، وأنشطة الدعم للمكاتب وغير ذلك من أنشطة الدعم للأعمال,332,200,111,89,689,685,4,889,2022-10
2,منطقة نجران,التعليم,94,440,198,242,448,438,10,888,2022-4
3,منطقة مكة المكرمة,صنع الحواسيب والمنتجات الإلكترونية والبصرية,163,221,166,55,664,659,5,885,2022-7
4,منطقة الحدود الشمالية,صُنع المواد الكيميائية والمنتجات الكيميائية,11,646,632,14,238,238,0,884,2022-10
2,منطقة القصيم,الأنشطة الإدارية للمكاتب ، وأنشطة الدعم للمكاتب وغير ذلك من أنشطة الدعم للأعمال,222,168,82,86,715,702,13,883,2022-4
4,منطقة المدينة المنورة,الأنشطة الرياضية وأنشطة التسلية والترفيه,139,326,125,201,556,500,56,882,2022-10
4,منطقة تبوك,إصلاح أجهزة الحاسوب والسلع الشخصية والمنزلية,274,49,41,8,833,831,2,882,2022-10
3,منطقة عسير,صُنع المشروبات,39,220,178,42,660,660,0,880,2022-7
3,منطقة الحدود الشمالية,صُنع المواد الكيميائية والمنتجات الكيميائية,10,638,630,8,240,240,0,878,2022-7
4,منطقة المدينة المنورة,صنع الفلزات القاعدية,64,282,219,63,585,584,1,867,2022-10
3,منطقة القصيم,صنع منتجات المطاط واللدائن,25,213,130,83,652,651,1,865,2022-7
1,منطقة القصيم,أبحاث الإعلان والسوق,147,157,80,77,707,698,9,864,2022-1
4,منطقة الرياض,الأنشطة البيطرية,115,308,139,169,556,505,51,864,2022-10
1,منطقة الجوف,صنع منتجات المعادن المشكلة ( باستثناء الآلات والمعدات ),249,68,56,12,795,794,1,863,2022-1
3,منطقة المدينة المنورة,الأنشطة الرياضية وأنشطة التسلية والترفيه,130,340,138,202,523,465,58,863,2022-7
4,منطقة الرياض,النقل المائي,136,317,201,116,543,537,6,860,2022-10
2,المنطقة الشرقية,الاتصالات,128,301,207,94,556,550,6,857,2022-4
1,المنطقة الشرقية,الاتصالات,117,301,195,106,550,544,6,851,2022-1
4,منطقة الباحة,صنع منتجات المعادن المشكلة ( باستثناء الآلات والمعدات ),339,79,51,28,771,771,0,850,2022-10
2,منطقة جازان,إصلاح أجهزة الحاسوب والسلع الشخصية والمنزلية,281,63,42,21,778,775,3,841,2022-4
4,منطقة المدينة المنورة,صُنع الخشب ومنتجات الخشب والفلين ، باستثناء الأثاث ، صُنع أصناف من القش ومواد الضفر,185,124,74,50,717,717,0,841,2022-10
4,منطقة مكة المكرمة,الرعاية مع الإقامة,36,615,92,523,223,143,80,838,2022-10
1,منطقة مكة المكرمة,أنشطة النشر,101,200,121,79,638,580,58,838,2022-1
2,منطقة الحدود الشمالية,صُنع المواد الكيميائية والمنتجات الكيميائية,11,583,576,7,252,252,0,835,2022-4
1,منطقة جازان,إصلاح أجهزة الحاسوب والسلع الشخصية والمنزلية,256,66,49,17,765,762,3,831,2022-1
2,منطقة المدينة المنورة,الأنشطة الرياضية وأنشطة التسلية والترفيه,122,349,152,197,482,432,50,831,2022-4
3,منطقة الرياض,النقل المائي,135,303,195,108,528,521,7,831,2022-7
4,المنطقة الشرقية,الاتصالات,126,368,279,89,460,453,7,828,2022-10
3,منطقة الباحة,صنع منتجات المعادن المشكلة ( باستثناء الآلات والمعدات ),331,82,53,29,745,745,0,827,2022-7
3,منطقة عسير,الأنشطة الإدارية للمكاتب ، وأنشطة الدعم للمكاتب وغير ذلك من أنشطة الدعم للأعمال,307,175,87,88,651,649,2,826,2022-7
1,منطقة الحدود الشمالية,صُنع المواد الكيميائية والمنتجات الكيميائية,9,577,571,6,249,249,0,826,2022-1
2,منطقة الجوف,صُنع المنتجات الغذائية,195,140,118,22,684,683,1,824,2022-4
2,منطقة عسير,صُنع المشروبات,37,210,179,31,612,612,0,822,2022-4
2,منطقة الباحة,صنع منتجات المعادن المشكلة ( باستثناء الآلات والمعدات ),267,91,65,26,729,729,0,820,2022-4
3,منطقة نجران,صنع الفلزات القاعدية,48,242,224,18,577,576,1,819,2022-7
2,منطقة نجران,صنع الفلزات القاعدية,61,230,213,17,588,587,1,818,2022-4
1,منطقة القصيم,الأنشطة الإدارية للمكاتب ، وأنشطة الدعم للمكاتب وغير ذلك من أنشطة الدعم للأعمال,202,164,89,75,651,638,13,815,2022-1
4,منطقة عسير,أبحاث الإعلان والسوق,199,266,110,156,547,547,0,813,2022-10
4,منطقة حائل,أنشطة المعمارية والهندسية ، والاختبارات الفنية والتحليل,181,180,102,78,632,627,5,812,2022-10
1,منطقة الباحة,صنع منتجات المعادن المشكلة ( باستثناء الآلات والمعدات ),249,95,66,29,714,714,0,809,2022-1
2,منطقة الحدود الشمالية,صُنع الملبوسات,287,48,21,27,757,698,59,805,2022-4
1,منطقة مكة المكرمة,صنع الحواسيب والمنتجات الإلكترونية والبصرية,192,165,104,61,640,621,19,805,2022-1
2,منطقة الرياض,النقل المائي,139,309,199,110,495,492,3,804,2022-4
3,المنطقة الشرقية,الاتصالات,128,332,248,84,470,461,9,802,2022-7
2,منطقة عسير,الأنشطة الإدارية للمكاتب ، وأنشطة الدعم للمكاتب وغير ذلك من أنشطة الدعم للأعمال,267,179,94,85,621,615,6,800,2022-4
1,منطقة جازان,إصلاح وتركيب الآلات والمعدات,288,34,22,12,766,765,1,800,2022-1
3,منطقة القصيم,صنع الفلزات القاعدية,92,85,56,29,714,712,2,799,2022-7
4,منطقة نجران,صنع الفلزات القاعدية,45,245,226,19,552,552,0,797,2022-10
3,منطقة الرياض,الأنشطة البيطرية,105,258,119,139,539,493,46,797,2022-7
3,منطقة المدينة المنورة,صنع الفلزات القاعدية,66,262,222,40,534,533,1,796,2022-7
4,منطقة القصيم,أبحاث الإعلان والسوق,196,196,103,93,597,593,4,793,2022-10
4,منطقة القصيم,صنع الفلزات القاعدية,91,92,55,37,700,698,2,792,2022-10
3,منطقة حائل,أنشطة المعمارية والهندسية ، والاختبارات الفنية والتحليل,182,178,111,67,613,611,2,791,2022-7
4,منطقة جازان,إصلاح أجهزة الحاسوب والسلع الشخصية والمنزلية,283,60,33,27,731,728,3,791,2022-10
3,منطقة المدينة المنورة,أنشطة جمع النفايات ومعالجتها وتصريفها ، واسترجاع المواد,16,232,113,119,556,556,0,788,2022-7
4,منطقة القصيم,صنع المنتجات الصيدلانية الأساسية والمستحضرات الصيدلانية,14,330,300,30,458,449,9,788,2022-10
3,منطقة جازان,إصلاح أجهزة الحاسوب والسلع الشخصية والمنزلية,283,63,33,30,725,722,3,788,2022-7
4,منطقة تبوك,التخزين وأنشطة الدعم للنقل,108,170,103,67,614,614,0,784,2022-10
2,منطقة مكة المكرمة,أنشطة النشر,111,215,130,85,565,553,12,780,2022-4
1,منطقة الحدود الشمالية,صُنع الملبوسات,267,45,22,23,733,674,59,778,2022-1
4,منطقة جازان,صُنع الخشب ومنتجات الخشب والفلين ، باستثناء الأثاث ، صُنع أصناف من القش ومواد الضفر,221,69,28,41,707,703,4,776,2022-10
1,المنطقة الشرقية,تعدين ركازات الفلزات,111,185,118,67,591,590,1,776,2022-1
3,منطقة القصيم,صنع المنتجات الصيدلانية الأساسية والمستحضرات الصيدلانية,15,332,305,27,443,433,10,775,2022-7
1,منطقة الباحة,صنع منتجات المعادن اللافلزية الأخرى,66,135,99,36,639,637,2,774,2022-1
1,منطقة المدينة المنورة,الأنشطة الرياضية وأنشطة التسلية والترفيه,118,338,148,190,436,394,42,774,2022-1
4,منطقة تبوك,صنع الأثاث,235,41,18,23,732,732,0,773,2022-10
2,منطقة مكة المكرمة,صنع الحواسيب والمنتجات الإلكترونية والبصرية,188,170,117,53,602,583,19,772,2022-4
2,منطقة القصيم,صنع المنتجات الصيدلانية الأساسية والمستحضرات الصيدلانية,13,335,307,28,435,421,14,770,2022-4
2,منطقة القصيم,صنع الفلزات القاعدية,105,88,58,30,681,679,2,769,2022-4
3,منطقة المدينة المنورة,صُنع الخشب ومنتجات الخشب والفلين ، باستثناء الأثاث ، صُنع أصناف من القش ومواد الضفر,185,115,71,44,653,653,0,768,2022-7
4,منطقة الباحة,الصحة البشرية,57,270,101,169,497,213,284,767,2022-10
2,منطقة الجوف,صُنع الملبوسات,295,62,38,24,705,652,53,767,2022-4
4,منطقة القصيم,صُنع الورق ومنتجات الورق,37,136,87,49,630,629,1,766,2022-10
1,منطقة عسير,صُنع المشروبات,33,197,168,29,563,563,0,760,2022-1
2,منطقة المدينة المنورة,صُنع المشروبات,37,170,95,75,589,588,1,759,2022-4
1,منطقة نجران,صنع الفلزات القاعدية,57,215,200,15,542,542,0,757,2022-1
4,منطقة الحدود الشمالية,صُنع الملبوسات,288,32,18,14,725,680,45,757,2022-10
3,منطقة مكة المكرمة,الرعاية مع الإقامة,35,556,69,487,200,122,78,756,2022-7
2,منطقة القصيم,صنع منتجات المطاط واللدائن,19,199,120,79,556,555,1,755,2022-4
4,منطقة المدينة المنورة,أبحاث الإعلان والسوق,254,206,88,118,547,534,13,753,2022-10
3,منطقة الباحة,الصحة البشرية,53,262,95,167,490,207,283,752,2022-7
1,المنطقة الشرقية,أنشطة المنظمات ذات العضوية,87,415,182,233,336,329,7,751,2022-1
3,منطقة القصيم,صُنع الورق ومنتجات الورق,35,131,89,42,619,618,1,750,2022-7
2,منطقة عسير,أبحاث الإعلان والسوق,176,191,103,88,557,556,1,748,2022-4
3,منطقة تبوك,التخزين وأنشطة الدعم للنقل,109,174,109,65,574,574,0,748,2022-7
3,منطقة جازان,صُنع الخشب ومنتجات الخشب والفلين ، باستثناء الأثاث ، صُنع أصناف من القش ومواد الضفر,212,81,29,52,663,661,2,744,2022-7
2,منطقة جازان,صنع الفلزات القاعدية,49,268,249,19,475,475,0,743,2022-4
2,المنطقة الشرقية,أنشطة النشر,94,281,195,86,462,458,4,743,2022-4
3,منطقة الجوف,صُنع الملبوسات,308,55,32,23,687,636,51,742,2022-7
3,منطقة القصيم,أبحاث الإعلان والسوق,189,173,81,92,569,566,3,742,2022-7
1,المنطقة الشرقية,أنشطة النشر,93,269,190,79,473,469,4,742,2022-1
4,منطقة جازان,صنع الفلزات القاعدية,41,269,247,22,471,471,0,740,2022-10
3,منطقة الحدود الشمالية,صُنع الملبوسات,287,38,19,19,702,659,43,740,2022-7
1,منطقة جازان,صنع الفلزات القاعدية,43,272,255,17,466,466,0,738,2022-1
4,المنطقة الشرقية,أنشطة النشر,89,298,184,114,437,431,6,735,2022-10
3,منطقة تبوك,صنع الأثاث,223,39,18,21,695,695,0,734,2022-7
4,منطقة الجوف,صُنع الملبوسات,305,40,17,23,693,641,52,733,2022-10
1,منطقة القصيم,صنع المنتجات الصيدلانية الأساسية والمستحضرات الصيدلانية,10,315,296,19,418,405,13,733,2022-1
1,منطقة جازان,الأنشطة العقارية,149,165,85,80,568,566,2,733,2022-1
2,منطقة مكة المكرمة,البحث والتطوير في المجال العلمي,57,404,343,61,325,314,11,729,2022-4
1,منطقة عسير,الأنشطة الإدارية للمكاتب ، وأنشطة الدعم للمكاتب وغير ذلك من أنشطة الدعم للأعمال,235,165,90,75,562,556,6,727,2022-1
3,المنطقة الشرقية,أنشطة النشر,86,292,187,105,431,428,3,723,2022-7
2,منطقة نجران,صنع الأثاث,133,58,24,34,664,664,0,722,2022-4
2,المنطقة الشرقية,تعدين ركازات الفلزات,108,166,109,57,555,554,1,721,2022-4
1,منطقة جازان,صنع الأثاث,254,47,23,24,673,671,2,720,2022-1
2,منطقة المدينة المنورة,أبحاث الإعلان والسوق,220,180,101,79,540,534,6,720,2022-4
2,منطقة جازان,صُنع الخشب ومنتجات الخشب والفلين ، باستثناء الأثاث ، صُنع أصناف من القش ومواد الضفر,195,83,38,45,635,634,1,718,2022-4
1,منطقة الرياض,النقل المائي,133,265,161,104,452,450,2,717,2022-1
1,منطقة القصيم,صنع منتجات المطاط واللدائن,17,199,117,82,518,517,1,717,2022-1
4,منطقة المدينة المنورة,وكالات السفر ومشغّلو الجولات السياحية وخدمات الحجز والأنشطة المتصلة بها,156,219,126,93,498,487,11,717,2022-10
3,منطقة جازان,صنع الفلزات القاعدية,41,267,245,22,449,449,0,716,2022-7
3,منطقة المدينة المنورة,وكالات السفر ومشغّلو الجولات السياحية وخدمات الحجز والأنشطة المتصلة بها,155,210,122,88,503,494,9,713,2022-7
2,منطقة المدينة المنورة,صُنع الخشب ومنتجات الخشب والفلين ، باستثناء الأثاث ، صُنع أصناف من القش ومواد الضفر,172,100,61,39,613,613,0,713,2022-4
2,منطقة الباحة,النقل البري و النقل عبر الأنابيب,206,104,63,41,604,589,15,708,2022-4
4,منطقة جازان,أنشطة العمل الاجتماعي، دون إقامة,101,537,269,268,171,161,10,708,2022-10
2,المنطقة الشرقية,أنشطة المنظمات ذات العضوية,93,419,185,234,286,280,6,705,2022-4
2,منطقة حائل,صنع الأثاث,173,70,46,24,633,632,1,703,2022-4
1,منطقة المدينة المنورة,صُنع المشروبات,32,164,91,73,539,538,1,703,2022-1
3,منطقة نجران,الإقامة,131,178,79,99,523,516,7,701,2022-7
1,منطقة الباحة,النقل البري و النقل عبر الأنابيب,191,114,65,49,585,568,17,699,2022-1
3,منطقة الرياض,صنع الحواسيب والمنتجات الإلكترونية والبصرية,89,130,79,51,568,562,6,698,2022-7
3,منطقة عسير,أبحاث الإعلان والسوق,192,177,101,76,521,521,0,698,2022-7
1,منطقة الجوف,صُنع المنتجات الغذائية,175,100,80,20,597,597,0,697,2022-1
1,منطقة مكة المكرمة,البحث والتطوير في المجال العلمي,56,387,327,60,308,295,13,695,2022-1
2,منطقة الرياض,صنع الحواسيب والمنتجات الإلكترونية والبصرية,104,125,73,52,567,563,4,692,2022-4
4,منطقة الرياض,صنع الحواسيب والمنتجات الإلكترونية والبصرية,90,145,84,61,547,543,4,692,2022-10
3,منطقة المدينة المنورة,أبحاث الإعلان والسوق,238,171,80,91,520,509,11,691,2022-7
4,منطقة المدينة المنورة,أنشطة جمع النفايات ومعالجتها وتصريفها ، واسترجاع المواد,18,271,130,141,419,419,0,690,2022-10
4,منطقة مكة المكرمة,أنشطة النشر,117,218,129,89,470,461,9,688,2022-10
4,منطقة حائل,صنع الأثاث,180,58,31,27,628,627,1,686,2022-10
3,منطقة حائل,صنع الأثاث,175,61,36,25,624,623,1,685,2022-7
2,منطقة تبوك,صنع الأثاث,204,50,22,28,634,634,0,684,2022-4
2,منطقة المدينة المنورة,صنع الفلزات القاعدية,82,228,206,22,456,455,1,684,2022-4
1,منطقة الرياض,صنع الحواسيب والمنتجات الإلكترونية والبصرية,109,136,77,59,547,547,0,683,2022-1
1,منطقة الجوف,صُنع الملبوسات,272,41,20,21,639,594,45,680,2022-1
4,منطقة الحدود الشمالية,التعليم,44,409,197,212,270,247,23,679,2022-10
2,منطقة حائل,أنشطة المعمارية والهندسية ، والاختبارات الفنية والتحليل,163,142,98,44,536,534,2,678,2022-4
1,منطقة الحدود الشمالية,وكالات السفر ومشغّلو الجولات السياحية وخدمات الحجز والأنشطة المتصلة بها,10,120,116,4,556,556,0,676,2022-1
3,منطقة تبوك,صيد الأسماك وتربية المائيات,274,31,17,14,644,642,2,675,2022-7
4,منطقة نجران,صُنع المنتجات الغذائية,193,74,36,38,601,598,3,675,2022-10
2,منطقة القصيم,صُنع الورق ومنتجات الورق,28,140,91,49,533,531,2,673,2022-4
1,منطقة جازان,صُنع الخشب ومنتجات الخشب والفلين ، باستثناء الأثاث ، صُنع أصناف من القش ومواد الضفر,181,85,39,46,584,583,1,669,2022-1
3,منطقة الحدود الشمالية,التعليم,41,403,200,203,262,245,17,665,2022-7
2,منطقة المدينة المنورة,تجميع المياه ومعالجتها وتوصيلها,54,433,402,31,231,231,0,664,2022-4
1,منطقة حائل,أنشطة المعمارية والهندسية ، والاختبارات الفنية والتحليل,148,148,105,43,516,515,1,664,2022-1
1,منطقة القصيم,صنع الفلزات القاعدية,106,85,52,33,575,574,1,660,2022-1
3,منطقة نجران,صُنع المنتجات الغذائية,189,71,32,39,586,584,2,657,2022-7
3,منطقة الجوف,صيد الأسماك وتربية المائيات,343,20,14,6,636,635,1,656,2022-7
3,منطقة القصيم,الصناعة التحويلية الأخرى,32,154,70,84,500,500,0,654,2022-7
4,منطقة جازان,أنشطة المعمارية والهندسية ، والاختبارات الفنية والتحليل,159,215,119,96,438,432,6,653,2022-10
1,منطقة المدينة المنورة,صُنع الخشب ومنتجات الخشب والفلين ، باستثناء الأثاث ، صُنع أصناف من القش ومواد الضفر,161,95,62,33,554,553,1,649,2022-1
3,منطقة مكة المكرمة,أنشطة النشر,113,199,123,76,450,443,7,649,2022-7
4,منطقة القصيم,الصناعة التحويلية الأخرى,31,169,76,93,479,479,0,648,2022-10
1,منطقة عسير,أبحاث الإعلان والسوق,151,160,84,76,488,487,1,648,2022-1
2,منطقة المدينة المنورة,وكالات السفر ومشغّلو الجولات السياحية وخدمات الحجز والأنشطة المتصلة بها,136,172,95,77,476,463,13,648,2022-4
1,منطقة المدينة المنورة,تجميع المياه ومعالجتها وتوصيلها,47,428,402,26,219,219,0,647,2022-1
2,منطقة نجران,صُنع المنتجات الغذائية,176,74,38,36,571,569,2,645,2022-4
3,منطقة جازان,أنشطة العمل الاجتماعي، دون إقامة,98,462,256,206,180,171,9,642,2022-7
2,منطقة عسير,صيد الأسماك وتربية المائيات,301,42,22,20,599,598,1,641,2022-4
4,منطقة جازان,التخزين وأنشطة الدعم للنقل,100,148,106,42,492,491,1,640,2022-10
1,منطقة مكة المكرمة,استخراج النفط الخام والغاز الطبيعي,4,517,499,18,118,118,0,635,2022-1
4,منطقة نجران,الإقامة,128,155,65,90,480,473,7,635,2022-10
1,منطقة جازان,أنشطة العمل الاجتماعي، دون إقامة,102,437,238,199,196,187,9,633,2022-1
1,منطقة المدينة المنورة,أبحاث الإعلان والسوق,196,152,81,71,478,471,7,630,2022-1
3,منطقة الحدود الشمالية,الأنشطة الإيجارية,228,75,48,27,555,551,4,630,2022-7
2,منطقة عسير,صنع الفلزات القاعدية,98,108,91,17,521,521,0,629,2022-4
1,منطقة المدينة المنورة,صنع الفلزات القاعدية,81,210,191,19,419,418,1,629,2022-1
1,منطقة الجوف,إصلاح أجهزة الحاسوب والسلع الشخصية والمنزلية,132,31,21,10,595,595,0,626,2022-1
4,منطقة مكة المكرمة,تعدين ركازات الفلزات,50,434,380,54,191,189,2,625,2022-10
2,منطقة الحدود الشمالية,وكالات السفر ومشغّلو الجولات السياحية وخدمات الحجز والأنشطة المتصلة بها,10,113,109,4,510,510,0,623,2022-4
1,منطقة حائل,صنع الأثاث,153,62,40,22,561,560,1,623,2022-1
2,منطقة المدينة المنورة,أنشطة المنظمات ذات العضوية,74,389,346,43,232,227,5,621,2022-4
1,منطقة نجران,صنع الأثاث,128,58,21,37,560,560,0,618,2022-1
2,منطقة المدينة المنورة,صيد الأسماك وتربية المائيات,282,38,17,21,579,555,24,617,2022-4
2,منطقة مكة المكرمة,استخراج النفط الخام والغاز الطبيعي,4,488,470,18,126,126,0,614,2022-4
4,منطقة الرياض,أنشطة البرمجة والإذاعة,76,253,147,106,357,333,24,610,2022-10
3,منطقة جازان,التخزين وأنشطة الدعم للنقل,100,133,99,34,477,476,1,610,2022-7
2,المنطقة الشرقية,صنع المنتجات الصيدلانية الأساسية والمستحضرات الصيدلانية,22,237,168,69,371,354,17,608,2022-4
2,منطقة الحدود الشمالية,الأنشطة الإيجارية,236,55,36,19,552,548,4,607,2022-4
4,منطقة نجران,أنشطة المعمارية والهندسية ، والاختبارات الفنية والتحليل,170,101,65,36,506,504,2,607,2022-10
1,منطقة نجران,صُنع المنتجات الغذائية,158,67,31,36,540,538,2,607,2022-1
3,منطقة جازان,أنشطة المعمارية والهندسية ، والاختبارات الفنية والتحليل,140,202,117,85,402,397,5,604,2022-7
3,منطقة الباحة,الهندسة المدنية,35,122,104,18,481,480,1,603,2022-7
3,منطقة مكة المكرمة,تعدين ركازات الفلزات,45,425,370,55,178,176,2,603,2022-7
4,منطقة عسير,صنع الفلزات القاعدية,89,119,102,17,484,484,0,603,2022-10
1,منطقة مكة المكرمة,الرعاية مع الإقامة,33,461,48,413,142,77,65,603,2022-1
3,منطقة نجران,أنشطة المعمارية والهندسية ، والاختبارات الفنية والتحليل,165,109,79,30,494,493,1,603,2022-7
2,منطقة حائل,الإقامة,85,163,107,56,439,439,0,602,2022-4
1,منطقة المدينة المنورة,وكالات السفر ومشغّلو الجولات السياحية وخدمات الحجز والأنشطة المتصلة بها,123,148,85,63,454,442,12,602,2022-1
2,منطقة الباحة,الهندسة المدنية,32,120,107,13,481,480,1,601,2022-4
3,منطقة جازان,الأنشطة العقارية,171,144,72,72,449,447,2,593,2022-7
1,منطقة تبوك,صنع الأثاث,183,52,23,29,541,541,0,593,2022-1
4,منطقة الباحة,النقل البري و النقل عبر الأنابيب,200,60,38,22,533,532,1,593,2022-10
3,منطقة الحدود الشمالية,صنع منتجات المعادن المشكلة ( باستثناء الآلات والمعدات ),137,64,34,30,526,523,3,590,2022-7
4,منطقة جازان,الأنشطة الرياضية وأنشطة التسلية والترفيه,80,114,39,75,475,450,25,589,2022-10
1,منطقة الباحة,الهندسة المدنية,26,121,106,15,468,468,0,589,2022-1
4,منطقة عسير,أنشطة جمع النفايات ومعالجتها وتصريفها ، واسترجاع المواد,19,195,123,72,391,391,0,586,2022-10
4,منطقة الحدود الشمالية,الأنشطة الإيجارية,219,57,43,14,529,525,4,586,2022-10
4,منطقة جازان,الأنشطة العقارية,179,129,67,62,457,455,2,586,2022-10
3,منطقة الباحة,النقل البري و النقل عبر الأنابيب,202,65,41,24,520,519,1,585,2022-7
1,منطقة عسير,صنع الفلزات القاعدية,93,102,88,14,481,481,0,583,2022-1
4,منطقة الجوف,صنع منتجات المطاط واللدائن,16,133,94,39,450,450,0,583,2022-10
2,منطقة الحدود الشمالية,صُنع المنتجات الغذائية,119,66,42,24,515,515,0,581,2022-4
4,منطقة الحدود الشمالية,صنع منتجات المعادن المشكلة ( باستثناء الآلات والمعدات ),136,56,28,28,523,520,3,579,2022-10
1,منطقة الحدود الشمالية,الأنشطة الإيجارية,243,55,35,20,524,520,4,579,2022-1
2,منطقة جازان,أنشطة العمل الاجتماعي، دون إقامة,90,374,220,154,204,195,9,578,2022-4
4,منطقة القصيم,أنشطة الاستخدام,104,208,96,112,370,310,60,578,2022-10
2,منطقة الرياض,الرعاية مع الإقامة,48,265,48,217,309,183,126,574,2022-4
3,منطقة عسير,صنع الفلزات القاعدية,87,100,86,14,472,472,0,572,2022-7
2,منطقة نجران,أنشطة المعمارية والهندسية ، والاختبارات الفنية والتحليل,153,107,81,26,465,465,0,572,2022-4
2,منطقة الجوف,إصلاح أجهزة الحاسوب والسلع الشخصية والمنزلية,140,25,18,7,544,544,0,569,2022-4
4,منطقة المدينة المنورة,الأنشطة القانونية وأنشطة المحاسبة,118,363,223,140,201,194,7,564,2022-10
3,منطقة جازان,الأنشطة الرياضية وأنشطة التسلية والترفيه,72,78,34,44,486,461,25,564,2022-7
2,منطقة الجوف,التخزين وأنشطة الدعم للنقل,129,126,112,14,438,437,1,564,2022-4
1,منطقة المدينة المنورة,أنشطة المنظمات ذات العضوية,68,362,320,42,202,198,4,564,2022-1
1,المنطقة الشرقية,صنع المنتجات الصيدلانية الأساسية والمستحضرات الصيدلانية,20,222,153,69,340,323,17,562,2022-1
1,منطقة الحدود الشمالية,أنشطة الأمن والتحقيقات,4,216,165,51,345,342,3,561,2022-1
3,منطقة الجوف,صنع منتجات المطاط واللدائن,15,134,97,37,425,425,0,559,2022-7
4,منطقة الباحة,الهندسة المدنية,34,109,90,19,448,447,1,557,2022-10
1,المنطقة الشرقية,النقل الجوي,82,139,84,55,413,410,3,552,2022-1
3,منطقة الجوف,التخزين وأنشطة الدعم للنقل,130,133,111,22,418,417,1,551,2022-7
2,منطقة الجوف,صنع منتجات المطاط واللدائن,12,142,99,43,409,408,1,551,2022-4
1,منطقة القصيم,صُنع الورق ومنتجات الورق,25,129,92,37,420,419,1,549,2022-1
1,منطقة حائل,الإقامة,79,146,103,43,402,401,1,548,2022-1
4,منطقة القصيم,صناعة المركبات ذات المحركات والمركبات المقطورة ونصف المقطورة,21,140,101,39,408,408,0,548,2022-10
2,منطقة عسير,أنشطة جمع النفايات ومعالجتها وتصريفها ، واسترجاع المواد,15,218,146,72,328,328,0,546,2022-4
1,منطقة الجوف,التخزين وأنشطة الدعم للنقل,124,127,110,17,419,418,1,546,2022-1
2,المنطقة الشرقية,النقل الجوي,86,142,89,53,402,399,3,544,2022-4
4,منطقة القصيم,الأنشطة الأخرى للتعدين واستغلال المحاجر,41,133,80,53,411,411,0,544,2022-10
1,منطقة الجوف,صنع منتجات المطاط واللدائن,11,132,89,43,411,410,1,543,2022-1
3,منطقة القصيم,أنشطة الاستخدام,107,190,95,95,348,323,25,538,2022-7
1,منطقة نجران,أنشطة المعمارية والهندسية ، والاختبارات الفنية والتحليل,142,118,85,33,419,419,0,537,2022-1
4,منطقة عسير,الأنشطة الأخرى للتعدين واستغلال المحاجر,80,135,96,39,398,397,1,533,2022-10
2,منطقة مكة المكرمة,أنشطة البريد ونقل الرسائل والطرود بواسطة مندوبين,90,151,59,92,381,374,7,532,2022-4
2,منطقة تبوك,أنشطة المعمارية والهندسية ، والاختبارات الفنية والتحليل,90,176,105,71,354,351,3,530,2022-4
4,منطقة الحدود الشمالية,صُنع المنتجات الغذائية,126,47,30,17,483,483,0,530,2022-10
4,منطقة الجوف,التخزين وأنشطة الدعم للنقل,123,116,98,18,414,413,1,530,2022-10
3,منطقة حائل,الإقامة,90,175,122,53,355,355,0,530,2022-7
4,منطقة عسير,تجميع المياه ومعالجتها وتوصيلها,158,74,32,42,455,455,0,529,2022-10
3,منطقة الرياض,أنشطة البرمجة والإذاعة,77,234,128,106,293,277,16,527,2022-7
2,منطقة القصيم,الأنشطة الأخرى للتعدين واستغلال المحاجر,37,126,67,59,401,401,0,527,2022-4
4,منطقة حائل,الإقامة,91,170,118,52,356,356,0,526,2022-10
2,منطقة عسير,تجميع المياه ومعالجتها وتوصيلها,148,77,34,43,449,449,0,526,2022-4
2,منطقة جازان,أنشطة المعمارية والهندسية ، والاختبارات الفنية والتحليل,119,158,95,63,368,362,6,526,2022-4
2,منطقة الباحة,صُنع المنتجات الغذائية,111,79,52,27,446,443,3,525,2022-4
3,منطقة عسير,أنشطة جمع النفايات ومعالجتها وتصريفها ، واسترجاع المواد,17,212,141,71,312,312,0,524,2022-7
3,منطقة نجران,تجميع المياه ومعالجتها وتوصيلها,32,146,119,27,376,373,3,522,2022-7
2,منطقة نجران,تجميع المياه ومعالجتها وتوصيلها,32,161,132,29,360,357,3,521,2022-4
1,منطقة مكة المكرمة,الأنشطة الإبداعية والفنون وأنشطة الترفيه,98,141,69,72,379,365,14,520,2022-1
4,منطقة تبوك,أنشطة المعمارية والهندسية ، والاختبارات الفنية والتحليل,100,183,111,72,333,329,4,516,2022-10
2,منطقة الباحة,أنشطة المعمارية والهندسية ، والاختبارات الفنية والتحليل,112,94,56,38,418,418,0,512,2022-4
3,منطقة عسير,تجميع المياه ومعالجتها وتوصيلها,157,73,30,43,438,438,0,511,2022-7
3,منطقة المدينة المنورة,الأنشطة القانونية وأنشطة المحاسبة,117,311,187,124,199,192,7,510,2022-7
3,منطقة القصيم,الأنشطة الأخرى للتعدين واستغلال المحاجر,39,126,71,55,384,384,0,510,2022-7
4,منطقة الباحة,أنشطة العمل الاجتماعي، دون إقامة,71,387,219,168,123,116,7,510,2022-10
2,منطقة القصيم,تجميع المياه ومعالجتها وتوصيلها,65,93,68,25,416,416,0,509,2022-4
4,منطقة حائل,أنشطة العمل الاجتماعي، دون إقامة,88,393,183,210,114,108,6,507,2022-10
3,منطقة عسير,الأنشطة الأخرى للتعدين واستغلال المحاجر,79,140,109,31,366,366,0,506,2022-7
3,منطقة القصيم,صناعة المركبات ذات المحركات والمركبات المقطورة ونصف المقطورة,20,123,89,34,382,382,0,505,2022-7
1,منطقة جازان,أنشطة المعمارية والهندسية ، والاختبارات الفنية والتحليل,108,176,102,74,329,323,6,505,2022-1
3,منطقة الحدود الشمالية,صُنع المنتجات الغذائية,117,43,26,17,458,458,0,501,2022-7
1,منطقة تبوك,أنشطة العمل الاجتماعي، دون إقامة,45,299,166,133,201,193,8,500,2022-1
4,منطقة نجران,تجميع المياه ومعالجتها وتوصيلها,32,139,106,33,359,356,3,498,2022-10
1,منطقة الحدود الشمالية,صُنع المنتجات الغذائية,111,55,37,18,442,442,0,497,2022-1
2,منطقة الباحة,الإقامة,89,152,95,57,344,344,0,496,2022-4
1,منطقة الباحة,أنشطة المعمارية والهندسية ، والاختبارات الفنية والتحليل,108,94,63,31,402,401,1,496,2022-1
4,منطقة جازان,أنشطة المنظمات ذات العضوية,131,226,96,130,269,263,6,495,2022-10
2,منطقة حائل,الأنشطة الرياضية وأنشطة التسلية والترفيه,76,129,76,53,366,352,14,495,2022-4
3,منطقة حائل,أنشطة العمل الاجتماعي، دون إقامة,86,371,173,198,122,117,5,493,2022-7
3,منطقة الباحة,الإقامة,101,162,105,57,331,331,0,493,2022-7
2,منطقة الحدود الشمالية,صنع منتجات المعادن المشكلة ( باستثناء الآلات والمعدات ),116,58,34,24,434,430,4,492,2022-4
1,منطقة تبوك,أنشطة المعمارية والهندسية ، والاختبارات الفنية والتحليل,78,155,100,55,336,333,3,491,2022-1
4,منطقة حائل,صُنع المشروبات,13,146,64,82,345,342,3,491,2022-10
2,منطقة الباحة,صُنع الملبوسات,168,63,39,24,427,352,75,490,2022-4
2,منطقة الحدود الشمالية,الهندسة المدنية,43,85,51,34,405,405,0,490,2022-4
3,منطقة جازان,أنشطة المنظمات ذات العضوية,130,226,98,128,263,256,7,489,2022-7
3,منطقة الجوف,إصلاح أجهزة الحاسوب والسلع الشخصية والمنزلية,157,26,18,8,463,463,0,489,2022-7
1,منطقة القصيم,تجميع المياه ومعالجتها وتوصيلها,56,82,63,19,407,407,0,489,2022-1
1,منطقة الجوف,أنشطة المعمارية والهندسية ، والاختبارات الفنية والتحليل,101,91,70,21,396,395,1,487,2022-1
3,منطقة الباحة,أنشطة العمل الاجتماعي، دون إقامة,70,369,209,160,118,112,6,487,2022-7
3,منطقة الباحة,أنشطة المعمارية والهندسية ، والاختبارات الفنية والتحليل,116,93,49,44,391,391,0,484,2022-7
1,منطقة عسير,تجميع المياه ومعالجتها وتوصيلها,134,71,37,34,413,413,0,484,2022-1
2,منطقة مكة المكرمة,تعدين ركازات الفلزات,48,300,276,24,184,182,2,484,2022-4
3,منطقة تبوك,أنشطة المعمارية والهندسية ، والاختبارات الفنية والتحليل,93,168,104,64,314,310,4,482,2022-7
4,منطقة الجوف,إصلاح أجهزة الحاسوب والسلع الشخصية والمنزلية,158,28,19,9,453,453,0,481,2022-10
4,منطقة الباحة,صُنع المنتجات الغذائية,118,63,31,32,417,416,1,480,2022-10
2,منطقة جازان,الأنشطة الأخرى للتعدين واستغلال المحاجر,39,105,64,41,375,375,0,480,2022-4
1,منطقة الباحة,الإقامة,76,135,86,49,344,344,0,479,2022-1
3,منطقة القصيم,تجميع المياه ومعالجتها وتوصيلها,72,91,70,21,387,387,0,478,2022-7
1,منطقة حائل,أنشطة العمل الاجتماعي، دون إقامة,90,346,159,187,127,122,5,473,2022-1
1,منطقة الباحة,صُنع المنتجات الغذائية,99,71,47,24,400,396,4,471,2022-1
4,منطقة الباحة,الإقامة,99,147,96,51,321,320,1,468,2022-10
2,منطقة الجوف,أنشطة المعمارية والهندسية ، والاختبارات الفنية والتحليل,114,93,61,32,374,373,1,467,2022-4
2,منطقة المدينة المنورة,الأنشطة القانونية وأنشطة المحاسبة,106,289,181,108,177,171,6,466,2022-4
3,منطقة الباحة,صُنع المنتجات الغذائية,114,64,36,28,401,400,1,465,2022-7
4,منطقة القصيم,تجميع المياه ومعالجتها وتوصيلها,75,88,63,25,375,375,0,463,2022-10
2,منطقة القصيم,صُنع المنسوجات,103,61,40,21,401,401,0,462,2022-4
2,منطقة عسير,الأنشطة الأخرى للتعدين واستغلال المحاجر,68,121,97,24,338,337,1,459,2022-4
4,منطقة الباحة,صُنع الملبوسات,172,58,30,28,400,338,62,458,2022-10
3,منطقة الباحة,صُنع الملبوسات,174,53,30,23,405,344,61,458,2022-7
1,منطقة الباحة,صُنع الملبوسات,158,57,37,20,400,326,74,457,2022-1
1,منطقة الحدود الشمالية,الهندسة المدنية,37,75,43,32,381,381,0,456,2022-1
3,منطقة الحدود الشمالية,إصلاح وتركيب الآلات والمعدات,68,59,51,8,397,397,0,456,2022-7
2,منطقة حائل,أنشطة العمل الاجتماعي، دون إقامة,86,329,157,172,127,122,5,456,2022-4
4,منطقة القصيم,صنع المعدات الكهربائية,44,63,42,21,392,392,0,455,2022-10
2,منطقة تبوك,أنشطة العمل الاجتماعي، دون إقامة,49,254,165,89,199,194,5,453,2022-4
4,منطقة مكة المكرمة,الأنشطة البيطرية,71,135,41,94,318,284,34,453,2022-10
4,منطقة حائل,الأنشطة الرياضية وأنشطة التسلية والترفيه,82,142,65,77,311,303,8,453,2022-10
4,منطقة المدينة المنورة,صناعة الآلات والمعدات غير المصنفة في موضع أخر,31,82,59,23,371,371,0,453,2022-10
2,منطقة القصيم,صناعة المركبات ذات المحركات والمركبات المقطورة ونصف المقطورة,19,122,94,28,329,329,0,451,2022-4
4,منطقة الحدود الشمالية,إصلاح وتركيب الآلات والمعدات,72,56,49,7,395,395,0,451,2022-10
4,منطقة الحدود الشمالية,صيد الأسماك وتربية المائيات,167,22,11,11,426,426,0,448,2022-10
1,منطقة حائل,الأنشطة الرياضية وأنشطة التسلية والترفيه,74,130,72,58,317,305,12,447,2022-1
2,منطقة الرياض,أنشطة البرمجة والإذاعة,69,198,106,92,249,240,9,447,2022-4
4,منطقة الجوف,أنشطة المعمارية والهندسية ، والاختبارات الفنية والتحليل,117,92,61,31,355,352,3,447,2022-10
3,منطقة مكة المكرمة,الأنشطة البيطرية,72,138,48,90,308,277,31,446,2022-7
1,منطقة مكة المكرمة,أنشطة المكتبات والمحفوظات والمتاحف والأنشطة الثقافية الأخرى,101,81,41,40,365,358,7,446,2022-1
4,منطقة الباحة,أنشطة المعمارية والهندسية ، والاختبارات الفنية والتحليل,117,93,52,41,353,353,0,446,2022-10
3,منطقة حائل,الأنشطة الرياضية وأنشطة التسلية والترفيه,84,132,67,65,313,305,8,445,2022-7
3,منطقة القصيم,صُنع المنسوجات,105,64,42,22,381,381,0,445,2022-7
1,منطقة تبوك,صناعة المركبات ذات المحركات والمركبات المقطورة ونصف المقطورة,10,47,23,24,397,397,0,444,2022-1
3,منطقة الجوف,أنشطة المعمارية والهندسية ، والاختبارات الفنية والتحليل,119,99,65,34,345,343,2,444,2022-7
1,منطقة القصيم,صُنع المنسوجات,101,61,44,17,383,383,0,444,2022-1
2,منطقة حائل,الأنشطة العقارية,104,75,39,36,368,368,0,443,2022-4
1,منطقة القصيم,الأنشطة الأخرى للتعدين واستغلال المحاجر,31,117,64,53,325,324,1,442,2022-1
1,منطقة القصيم,صناعة المركبات ذات المحركات والمركبات المقطورة ونصف المقطورة,14,117,93,24,324,324,0,441,2022-1
4,منطقة القصيم,صُنع المنسوجات,103,66,42,24,374,374,0,440,2022-10
1,منطقة القصيم,صناعة الآلات والمعدات غير المصنفة في موضع أخر,38,80,42,38,357,357,0,437,2022-1
2,منطقة حائل,الأنشطة الإدارية للمكاتب ، وأنشطة الدعم للمكاتب وغير ذلك من أنشطة الدعم للأعمال,160,61,32,29,374,368,6,435,2022-4
1,منطقة القصيم,أنشطة البرمجة الحاسوبية والخبرة الاستشارية وما يتصل بها من أنشطة,86,110,59,51,325,314,11,435,2022-1
1,منطقة الباحة,التعليم,33,318,159,159,116,106,10,434,2022-1
2,منطقة تبوك,التخزين وأنشطة الدعم للنقل,96,156,86,70,278,278,0,434,2022-4
3,منطقة حائل,صُنع المشروبات,12,117,55,62,317,316,1,434,2022-7
2,منطقة مكة المكرمة,الأنشطة البيطرية,67,126,42,84,307,276,31,433,2022-4
3,منطقة الحدود الشمالية,الهندسة المدنية,45,78,47,31,355,355,0,433,2022-7
3,منطقة المدينة المنورة,صناعة الآلات والمعدات غير المصنفة في موضع أخر,31,71,51,20,362,362,0,433,2022-7
4,منطقة عسير,صنع منتجات المطاط واللدائن,35,84,49,35,346,346,0,430,2022-10
3,منطقة عسير,صنع منتجات المطاط واللدائن,34,83,49,34,346,346,0,429,2022-7
4,منطقة تبوك,الأنشطة الإدارية للمكاتب ، وأنشطة الدعم للمكاتب وغير ذلك من أنشطة الدعم للأعمال,147,119,63,56,308,300,8,427,2022-10
3,منطقة القصيم,صنع المعدات الكهربائية,38,75,55,20,352,352,0,427,2022-7
1,منطقة حائل,تجميع المياه ومعالجتها وتوصيلها,31,74,48,26,352,352,0,426,2022-1
2,منطقة تبوك,صُنع المشروبات,27,121,65,56,304,303,1,425,2022-4
3,منطقة نجران,صنع منتجات المطاط واللدائن,16,83,34,49,342,342,0,425,2022-7
3,منطقة حائل,الأنشطة الإدارية للمكاتب ، وأنشطة الدعم للمكاتب وغير ذلك من أنشطة الدعم للأعمال,175,70,42,28,350,342,8,420,2022-7
2,منطقة الباحة,التعليم,31,302,152,150,117,107,10,419,2022-4
1,منطقة الباحة,أنشطة العمل الاجتماعي، دون إقامة,62,323,188,135,96,96,0,419,2022-1
4,منطقة حائل,الأنشطة الإدارية للمكاتب ، وأنشطة الدعم للمكاتب وغير ذلك من أنشطة الدعم للأعمال,178,56,29,27,363,355,8,419,2022-10
4,المنطقة الشرقية,الرعاية مع الإقامة,17,269,25,244,148,91,57,417,2022-10
4,منطقة الحدود الشمالية,الهندسة المدنية,45,73,40,33,344,344,0,417,2022-10
1,منطقة حائل,الأنشطة الإدارية للمكاتب ، وأنشطة الدعم للمكاتب وغير ذلك من أنشطة الدعم للأعمال,140,63,31,32,353,346,7,416,2022-1
1,منطقة جازان,الأنشطة الأخرى للتعدين واستغلال المحاجر,31,84,41,43,331,331,0,415,2022-1
4,منطقة المدينة المنورة,صُنع الورق ومنتجات الورق,29,92,57,35,322,320,2,414,2022-10
3,منطقة عسير,الأنشطة القانونية وأنشطة المحاسبة,78,202,142,60,212,212,0,414,2022-7
4,منطقة عسير,الأنشطة القانونية وأنشطة المحاسبة,86,202,142,60,212,212,0,414,2022-10
4,منطقة نجران,صنع منتجات المطاط واللدائن,16,75,32,43,339,339,0,414,2022-10
2,منطقة حائل,تجميع المياه ومعالجتها وتوصيلها,31,65,46,19,348,348,0,413,2022-4
3,منطقة جازان,الأنشطة الأخرى للتعدين واستغلال المحاجر,45,111,63,48,302,302,0,413,2022-7
1,منطقة مكة المكرمة,أنشطة البريد ونقل الرسائل والطرود بواسطة مندوبين,76,133,52,81,279,273,6,412,2022-1
2,منطقة القصيم,أنشطة البرمجة الحاسوبية والخبرة الاستشارية وما يتصل بها من أنشطة,88,115,60,55,296,288,8,411,2022-4
1,منطقة تبوك,صُنع المشروبات,25,124,64,60,286,285,1,410,2022-1
2,منطقة الباحة,أنشطة تقديم الخدمات للمباني وتجميل المواقع,66,94,73,21,316,315,1,410,2022-4
2,منطقة حائل,صُنع المشروبات,12,103,56,47,306,305,1,409,2022-4
2,منطقة جازان,أنشطة المنظمات ذات العضوية,120,190,110,80,218,212,6,408,2022-4
2,منطقة حائل,صنع منتجات المطاط واللدائن,11,137,94,43,269,269,0,406,2022-4
1,منطقة المدينة المنورة,الأنشطة القانونية وأنشطة المحاسبة,103,232,146,86,173,169,4,405,2022-1
3,منطقة المدينة المنورة,صُنع الورق ومنتجات الورق,28,94,57,37,311,309,2,405,2022-7
4,منطقة الجوف,أنشطة العمل الاجتماعي، دون إقامة,46,288,158,130,117,113,4,405,2022-10
1,منطقة المدينة المنورة,أنشطة الأمن والتحقيقات,15,330,292,38,74,71,3,404,2022-1
4,منطقة تبوك,الأنشطة العقارية,138,102,70,32,299,298,1,401,2022-10
1,منطقة مكة المكرمة,الأنشطة البيطرية,64,110,38,72,291,262,29,401,2022-1
4,منطقة جازان,الأنشطة الأخرى للتعدين واستغلال المحاجر,45,101,52,49,298,298,0,399,2022-10
1,منطقة عسير,الأنشطة الأخرى للتعدين واستغلال المحاجر,64,106,84,22,293,292,1,399,2022-1
1,منطقة حائل,الأنشطة العقارية,98,68,38,30,329,328,1,397,2022-1
3,منطقة الجوف,أنشطة العمل الاجتماعي، دون إقامة,44,276,155,121,120,115,5,396,2022-7
2,منطقة الباحة,أنشطة العمل الاجتماعي، دون إقامة,65,295,194,101,101,97,4,396,2022-4
1,منطقة نجران,تجميع المياه ومعالجتها وتوصيلها,28,75,67,8,319,316,3,394,2022-1
4,منطقة المدينة المنورة,أنشطة الخدمات المالية ، فيما عدا تمويل التأمين وصناديق المعاشات,48,219,179,40,175,172,3,394,2022-10
2,منطقة جازان,الأنشطة الرياضية وأنشطة التسلية والترفيه,76,102,46,56,292,273,19,394,2022-4
2,منطقة مكة المكرمة,أنشطة المكتبات والمحفوظات والمتاحف والأنشطة الثقافية الأخرى,100,57,35,22,336,329,7,393,2022-4
2,المنطقة الشرقية,أنشطة البريد ونقل الرسائل والطرود بواسطة مندوبين,45,135,53,82,257,257,0,392,2022-4
1,منطقة القصيم,الطباعة واستنساخ وسائط الأعلام المسجّلة,42,117,55,62,275,275,0,392,2022-1
2,منطقة القصيم,الطباعة واستنساخ وسائط الأعلام المسجّلة,42,126,56,70,266,266,0,392,2022-4
2,منطقة القصيم,أنشطة الاستخدام,85,129,67,62,263,235,28,392,2022-4
1,منطقة حائل,صُنع المشروبات,13,104,60,44,286,285,1,390,2022-1
1,منطقة الحدود الشمالية,صنع منتجات المعادن المشكلة ( باستثناء الآلات والمعدات ),101,44,27,17,346,342,4,390,2022-1
3,منطقة تبوك,الأنشطة العقارية,126,113,82,31,275,275,0,388,2022-7
3,منطقة حائل,الأنشطة العقارية,105,85,43,42,303,303,0,388,2022-7
4,المنطقة الشرقية,البحث والتطوير في المجال العلمي,27,212,132,80,176,171,5,388,2022-10
3,المنطقة الشرقية,الرعاية مع الإقامة,16,250,28,222,137,83,54,387,2022-7
2,منطقة عسير,الأنشطة القانونية وأنشطة المحاسبة,65,174,121,53,213,212,1,387,2022-4
4,منطقة تبوك,الأنشطة الرياضية وأنشطة التسلية والترفيه,97,121,45,76,265,240,25,386,2022-10
1,منطقة تبوك,الأنشطة العقارية,107,99,72,27,286,286,0,385,2022-1
4,منطقة تبوك,إصلاح وتركيب الآلات والمعدات,140,56,44,12,328,326,2,384,2022-10
2,منطقة عسير,صنع منتجات المطاط واللدائن,32,81,47,34,301,301,0,382,2022-4
3,المنطقة الشرقية,البحث والتطوير في المجال العلمي,30,207,116,91,174,168,6,381,2022-7
1,منطقة الباحة,أنشطة تقديم الخدمات للمباني وتجميل المواقع,65,58,35,23,323,322,1,381,2022-1
1,منطقة الباحة,الأنشطة الإدارية للمكاتب ، وأنشطة الدعم للمكاتب وغير ذلك من أنشطة الدعم للأعمال,41,101,57,44,279,279,0,380,2022-1
4,المنطقة الشرقية,الأنشطة البيطرية,63,127,71,56,252,239,13,379,2022-10
3,منطقة تبوك,الأنشطة الإدارية للمكاتب ، وأنشطة الدعم للمكاتب وغير ذلك من أنشطة الدعم للأعمال,126,97,48,49,281,274,7,378,2022-7
2,منطقة مكة المكرمة,الأنشطة الإبداعية والفنون وأنشطة الترفيه,106,105,42,63,272,256,16,377,2022-4
4,منطقة مكة المكرمة,صناعة معدات النقل الأخرى,37,85,33,52,292,290,2,377,2022-10
3,المنطقة الشرقية,أنشطة المنظمات ذات العضوية,85,206,92,114,171,167,4,377,2022-7
1,منطقة القصيم,صنع المعدات الكهربائية,33,53,39,14,323,323,0,376,2022-1
1,منطقة الرياض,أنشطة البرمجة والإذاعة,65,122,59,63,254,245,9,376,2022-1
3,منطقة تبوك,الأنشطة الرياضية وأنشطة التسلية والترفيه,93,115,44,71,260,234,26,375,2022-7
1,منطقة الباحة,الأنشطة الإيجارية,145,29,18,11,345,343,2,374,2022-1
2,منطقة القصيم,صناعة الآلات والمعدات غير المصنفة في موضع أخر,41,75,38,37,299,299,0,374,2022-4
2,منطقة مكة المكرمة,الرعاية مع الإقامة,34,213,39,174,160,92,68,373,2022-4
1,منطقة حائل,صيد الأسماك وتربية المائيات,170,23,14,9,349,347,2,372,2022-1
1,منطقة عسير,صنع منتجات المطاط واللدائن,29,72,38,34,299,299,0,371,2022-1
4,منطقة القصيم,صناعة الآلات والمعدات غير المصنفة في موضع أخر,40,77,37,40,294,294,0,371,2022-10
3,منطقة مكة المكرمة,استخراج النفط الخام والغاز الطبيعي,3,336,334,2,35,35,0,371,2022-7
2,منطقة مكة المكرمة,أنشطة البرمجة والإذاعة,35,133,78,55,238,229,9,371,2022-4
3,منطقة القصيم,صناعة الآلات والمعدات غير المصنفة في موضع أخر,40,72,36,36,299,299,0,371,2022-7
2,منطقة جازان,التخزين وأنشطة الدعم للنقل,88,94,61,33,277,275,2,371,2022-4
4,منطقة مكة المكرمة,استخراج النفط الخام والغاز الطبيعي,3,336,333,3,34,34,0,370,2022-10
1,منطقة القصيم,أنشطة الاستخدام,75,109,55,54,260,230,30,369,2022-1
2,منطقة تبوك,الأنشطة الرياضية وأنشطة التسلية والترفيه,87,133,72,61,235,213,22,368,2022-4
3,المنطقة الشرقية,النقل الجوي,80,125,88,37,243,242,1,368,2022-7
4,منطقة الجوف,صنع الأثاث,133,31,22,9,336,335,1,367,2022-10
3,منطقة تبوك,صُنع المشروبات,24,103,62,41,263,263,0,366,2022-7
4,المنطقة الشرقية,النقل الجوي,80,125,85,40,241,240,1,366,2022-10
1,منطقة القصيم,وكالات السفر ومشغّلو الجولات السياحية وخدمات الحجز والأنشطة المتصلة بها,83,60,23,37,304,302,2,364,2022-1
4,منطقة تبوك,أنشطة العمل الاجتماعي، دون إقامة,53,298,129,169,66,59,7,364,2022-10
2,منطقة الباحة,الأنشطة الإدارية للمكاتب ، وأنشطة الدعم للمكاتب وغير ذلك من أنشطة الدعم للأعمال,44,91,55,36,272,272,0,363,2022-4
3,منطقة تبوك,إصلاح وتركيب الآلات والمعدات,134,49,44,5,314,312,2,363,2022-7
2,منطقة الحدود الشمالية,أنشطة الأمن والتحقيقات,4,25,19,6,337,337,0,362,2022-4
4,منطقة القصيم,أنشطة جمع النفايات ومعالجتها وتصريفها ، واسترجاع المواد,23,62,34,28,300,247,53,362,2022-10
3,منطقة القصيم,أنشطة جمع النفايات ومعالجتها وتصريفها ، واسترجاع المواد,21,62,31,31,300,244,56,362,2022-7
2,منطقة الجوف,صنع الأثاث,122,36,21,15,325,323,2,361,2022-4
1,منطقة تبوك,التخزين وأنشطة الدعم للنقل,86,115,64,51,246,246,0,361,2022-1
1,منطقة حائل,صنع منتجات المطاط واللدائن,10,126,91,35,235,235,0,361,2022-1
1,منطقة عسير,الأنشطة القانونية وأنشطة المحاسبة,56,159,108,51,202,201,1,361,2022-1
4,منطقة جازان,تجميع المياه ومعالجتها وتوصيلها,94,132,115,17,228,228,0,360,2022-10
1,منطقة مكة المكرمة,أنشطة البرمجة والإذاعة,34,135,79,56,225,217,8,360,2022-1
4,منطقة الرياض,تعدين ركازات الفلزات,44,72,34,38,287,284,3,359,2022-10
4,المنطقة الشرقية,صُنع المنتجات الجلدية والمنتجات ذات الصلة,24,70,61,9,289,289,0,359,2022-10
4,المنطقة الشرقية,أنشطة المنظمات ذات العضوية,89,183,84,99,174,169,5,357,2022-10
2,منطقة تبوك,الأنشطة العقارية,116,83,56,27,274,274,0,357,2022-4
3,منطقة جازان,تجميع المياه ومعالجتها وتوصيلها,89,135,118,17,221,221,0,356,2022-7
2,منطقة الباحة,الأنشطة الإيجارية,146,25,15,10,331,329,2,356,2022-4
3,منطقة القصيم,أنشطة البرمجة الحاسوبية والخبرة الاستشارية وما يتصل بها من أنشطة,90,104,61,43,252,252,0,356,2022-7
3,منطقة مكة المكرمة,أنشطة البرمجة والإذاعة,35,136,79,57,220,215,5,356,2022-7
2,منطقة القصيم,وكالات السفر ومشغّلو الجولات السياحية وخدمات الحجز والأنشطة المتصلة بها,88,58,24,34,297,294,3,355,2022-4
3,منطقة الباحة,الأنشطة الإيجارية,162,27,17,10,328,326,2,355,2022-7
4,منطقة الحدود الشمالية,أنشطة الأمن والتحقيقات,5,19,15,4,335,334,1,354,2022-10
3,منطقة حائل,صنع منتجات المطاط واللدائن,12,117,85,32,237,237,0,354,2022-7
4,منطقة الباحة,الأنشطة الإيجارية,156,28,17,11,326,324,2,354,2022-10
2,منطقة القصيم,الصناعة التحويلية الأخرى,31,83,61,22,271,269,2,354,2022-4
4,منطقة القصيم,أنشطة البرمجة الحاسوبية والخبرة الاستشارية وما يتصل بها من أنشطة,81,102,51,51,250,250,0,352,2022-10
3,منطقة الحدود الشمالية,أنشطة الأمن والتحقيقات,5,17,13,4,335,334,1,352,2022-7
4,منطقة تبوك,صُنع المشروبات,22,95,58,37,257,257,0,352,2022-10
4,منطقة جازان,الأنشطة الإدارية للمكاتب ، وأنشطة الدعم للمكاتب وغير ذلك من أنشطة الدعم للأعمال,140,58,33,25,294,291,3,352,2022-10
2,منطقة الجوف,أنشطة العمل الاجتماعي، دون إقامة,43,228,126,102,124,118,6,352,2022-4
2,المنطقة الشرقية,البحث والتطوير في المجال العلمي,23,185,112,73,167,165,2,352,2022-4
1,منطقة الجوف,أنشطة العمل الاجتماعي، دون إقامة,41,231,136,95,120,112,8,351,2022-1
2,منطقة تبوك,أنشطة المنظمات ذات العضوية,25,214,104,110,137,135,2,351,2022-4
1,منطقة نجران,أنشطة الأمن والتحقيقات,3,347,312,35,3,3,0,350,2022-1
3,منطقة القصيم,الطباعة واستنساخ وسائط الأعلام المسجّلة,39,120,54,66,230,230,0,350,2022-7
4,منطقة حائل,صُنع المواد الكيميائية والمنتجات الكيميائية,70,35,17,18,315,315,0,350,2022-10
3,منطقة الجوف,صنع الأثاث,128,28,16,12,321,320,1,349,2022-7
3,المنطقة الشرقية,صُنع المنتجات الجلدية والمنتجات ذات الصلة,25,72,61,11,277,277,0,349,2022-7
4,منطقة حائل,الأنشطة العقارية,102,78,47,31,271,270,1,349,2022-10
3,منطقة الرياض,استخراج النفط الخام والغاز الطبيعي,26,59,43,16,289,289,0,348,2022-7
4,منطقة نجران,صُنع المواد الكيميائية والمنتجات الكيميائية,19,62,31,31,285,285,0,347,2022-10
2,منطقة جازان,تجميع المياه ومعالجتها وتوصيلها,79,132,117,15,214,214,0,346,2022-4
2,منطقة القصيم,صنع المعدات الكهربائية,38,55,41,14,291,291,0,346,2022-4
1,منطقة تبوك,أنشطة المنظمات ذات العضوية,24,207,106,101,138,136,2,345,2022-1
2,منطقة الرياض,استخراج النفط الخام والغاز الطبيعي,23,56,40,16,287,287,0,343,2022-4
2,منطقة المدينة المنورة,صُنع الورق ومنتجات الورق,26,72,33,39,270,269,1,342,2022-4
4,منطقة مكة المكرمة,أنشطة المكتبات والمحفوظات والمتاحف والأنشطة الثقافية الأخرى,77,98,62,36,244,243,1,342,2022-10
3,منطقة تبوك,أنشطة العمل الاجتماعي، دون إقامة,54,289,131,158,51,47,4,340,2022-7
2,منطقة الرياض,تعدين ركازات الفلزات,44,58,34,24,282,281,1,340,2022-4
2,المنطقة الشرقية,صُنع المنتجات الجلدية والمنتجات ذات الصلة,23,71,62,9,269,269,0,340,2022-4
1,منطقة القصيم,الاتصالات,66,33,20,13,306,306,0,339,2022-1
3,منطقة الجوف,إصلاح وتركيب الآلات والمعدات,66,58,45,13,281,281,0,339,2022-7
4,منطقة مكة المكرمة,أنشطة البرمجة والإذاعة,33,132,76,56,206,202,4,338,2022-10
4,منطقة المدينة المنورة,أنشطة البرمجة الحاسوبية والخبرة الاستشارية وما يتصل بها من أنشطة,95,128,70,58,210,204,6,338,2022-10
3,منطقة القصيم,الأنشطة المهنية والعلمية والتقنية الأخرى,48,108,71,37,230,222,8,338,2022-7
1,منطقة نجران,صيد الأسماك وتربية المائيات,177,18,5,13,319,318,1,337,2022-1
3,منطقة الرياض,تعدين ركازات الفلزات,46,61,35,26,275,274,1,336,2022-7
1,منطقة جازان,أنشطة المنظمات ذات العضوية,117,149,93,56,186,181,5,335,2022-1
3,منطقة القصيم,وكالات السفر ومشغّلو الجولات السياحية وخدمات الحجز والأنشطة المتصلة بها,91,52,18,34,283,278,5,335,2022-7
3,منطقة جازان,أبحاث الإعلان والسوق,112,70,34,36,263,262,1,333,2022-7
3,المنطقة الشرقية,الأنشطة البيطرية,65,125,67,58,208,196,12,333,2022-7
4,منطقة حائل,صنع منتجات المطاط واللدائن,11,119,87,32,213,213,0,332,2022-10
3,منطقة مكة المكرمة,صناعة معدات النقل الأخرى,39,67,42,25,265,263,2,332,2022-7
3,منطقة نجران,صُنع المواد الكيميائية والمنتجات الكيميائية,18,59,30,29,272,272,0,331,2022-7
4,منطقة عسير,صُنع الورق ومنتجات الورق,22,77,52,25,253,253,0,330,2022-10
4,منطقة جازان,أبحاث الإعلان والسوق,112,58,26,32,272,271,1,330,2022-10
4,منطقة الرياض,استخراج النفط الخام والغاز الطبيعي,27,58,42,16,271,271,0,329,2022-10
3,منطقة مكة المكرمة,صُنع المنتجات الجلدية والمنتجات ذات الصلة,43,51,24,27,278,277,1,329,2022-7
4,منطقة القصيم,الطباعة واستنساخ وسائط الأعلام المسجّلة,40,107,47,60,221,221,0,328,2022-10
3,منطقة عسير,صُنع الورق ومنتجات الورق,22,69,47,22,258,258,0,327,2022-7
4,منطقة المدينة المنورة,الأنشطة المهنية والعلمية والتقنية الأخرى,119,82,41,41,244,205,39,326,2022-10
2,منطقة المدينة المنورة,صناعة الآلات والمعدات غير المصنفة في موضع أخر,27,59,46,13,266,266,0,325,2022-4
1,منطقة القصيم,أنشطة المنظمات ذات العضوية,77,170,117,53,155,153,2,325,2022-1
4,منطقة الباحة,صُنع الخشب ومنتجات الخشب والفلين ، باستثناء الأثاث ، صُنع أصناف من القش ومواد الضفر,97,44,29,15,281,280,1,325,2022-10
1,منطقة المدينة المنورة,أنشطة الاستخدام,92,137,81,56,186,150,36,323,2022-1
2,منطقة تبوك,إصلاح وتركيب الآلات والمعدات,113,50,44,6,273,271,2,323,2022-4
1,المنطقة الشرقية,البحث والتطوير في المجال العلمي,23,149,101,48,174,172,2,323,2022-1
1,منطقة تبوك,الأنشطة الرياضية وأنشطة التسلية والترفيه,75,120,70,50,203,187,16,323,2022-1
2,منطقة مكة المكرمة,صُنع المنتجات الجلدية والمنتجات ذات الصلة,37,53,26,27,270,268,2,323,2022-4
2,منطقة القصيم,أنشطة المنظمات ذات العضوية,83,164,122,42,159,157,2,323,2022-4
4,منطقة مكة المكرمة,صُنع المنتجات الجلدية والمنتجات ذات الصلة,40,53,24,29,269,268,1,322,2022-10
4,منطقة تبوك,صُنع الخشب ومنتجات الخشب والفلين ، باستثناء الأثاث ، صُنع أصناف من القش ومواد الضفر,106,32,16,16,290,290,0,322,2022-10
2,منطقة عسير,صناعة الآلات والمعدات غير المصنفة في موضع أخر,19,76,73,3,245,245,0,321,2022-4
3,منطقة الحدود الشمالية,الإقامة,53,97,52,45,224,224,0,321,2022-7
1,منطقة عسير,صيد الأسماك وتربية المائيات,128,14,5,9,306,306,0,320,2022-1
4,منطقة الباحة,صُنع المشروبات,8,73,21,52,247,247,0,320,2022-10
1,منطقة الجوف,صنع الأثاث,111,25,17,8,294,292,2,319,2022-1
3,منطقة المدينة المنورة,أنشطة البرمجة الحاسوبية والخبرة الاستشارية وما يتصل بها من أنشطة,93,120,70,50,198,193,5,318,2022-7
2,منطقة نجران,صنع منتجات المطاط واللدائن,14,83,35,48,234,234,0,317,2022-4
4,منطقة تبوك,أبحاث الإعلان والسوق,93,67,32,35,250,247,3,317,2022-10
3,منطقة حائل,صُنع المواد الكيميائية والمنتجات الكيميائية,68,32,17,15,285,285,0,317,2022-7
1,منطقة جازان,أبحاث الإعلان والسوق,93,82,33,49,235,234,1,317,2022-1
4,منطقة القصيم,الأنشطة القانونية وأنشطة المحاسبة,98,227,124,103,89,88,1,316,2022-10
1,منطقة جازان,التخزين وأنشطة الدعم للنقل,80,78,51,27,238,237,1,316,2022-1
4,منطقة نجران,صُنع المشروبات,9,109,75,34,207,207,0,316,2022-10
4,منطقة القصيم,وكالات السفر ومشغّلو الجولات السياحية وخدمات الحجز والأنشطة المتصلة بها,91,57,23,34,258,254,4,315,2022-10
4,منطقة الباحة,صيد الأسماك وتربية المائيات,115,15,12,3,299,299,0,314,2022-10
4,منطقة الحدود الشمالية,الإقامة,51,90,47,43,224,224,0,314,2022-10
4,منطقة القصيم,الأنشطة المهنية والعلمية والتقنية الأخرى,51,90,63,27,224,216,8,314,2022-10
3,منطقة الباحة,صُنع المشروبات,8,63,18,45,250,250,0,313,2022-7
4,منطقة تبوك,صنع الفلزات القاعدية,17,68,27,41,245,245,0,313,2022-10
2,منطقة جازان,أبحاث الإعلان والسوق,98,68,32,36,244,243,1,312,2022-4
3,منطقة نجران,صُنع المشروبات,9,105,72,33,206,206,0,311,2022-7
3,منطقة تبوك,أبحاث الإعلان والسوق,93,60,26,34,251,248,3,311,2022-7
3,منطقة تبوك,صُنع الخشب ومنتجات الخشب والفلين ، باستثناء الأثاث ، صُنع أصناف من القش ومواد الضفر,100,28,13,15,282,282,0,310,2022-7
3,منطقة جازان,الأنشطة الإدارية للمكاتب ، وأنشطة الدعم للمكاتب وغير ذلك من أنشطة الدعم للأعمال,130,49,22,27,261,260,1,310,2022-7
1,منطقة عسير,صناعة الآلات والمعدات غير المصنفة في موضع أخر,18,72,70,2,238,238,0,310,2022-1
1,منطقة مكة المكرمة,صُنع المنتجات الجلدية والمنتجات ذات الصلة,37,57,29,28,253,251,2,310,2022-1
4,منطقة المدينة المنورة,أنشطة الاستخدام,111,129,81,48,180,170,10,309,2022-10
1,منطقة جازان,تجميع المياه ومعالجتها وتوصيلها,66,129,116,13,180,180,0,309,2022-1
4,منطقة عسير,صناعة الآلات والمعدات غير المصنفة في موضع أخر,23,78,75,3,231,231,0,309,2022-10
2,منطقة نجران,أنشطة الأمن والتحقيقات,3,305,276,29,3,3,0,308,2022-4
3,منطقة المدينة المنورة,أنشطة الخدمات المالية ، فيما عدا تمويل التأمين وصناديق المعاشات,49,154,124,30,154,152,2,308,2022-7
1,المنطقة الشرقية,الرعاية مع الإقامة,15,214,30,184,93,56,37,307,2022-1
4,منطقة عسير,الصناعة التحويلية الأخرى,49,57,36,21,250,242,8,307,2022-10
2,منطقة القصيم,الاتصالات,69,32,17,15,275,275,0,307,2022-4
4,منطقة المدينة المنورة,الصرف الصحي,25,125,117,8,181,181,0,306,2022-10
1,منطقة المدينة المنورة,أنشطة البرمجة الحاسوبية والخبرة الاستشارية وما يتصل بها من أنشطة,86,98,59,39,207,203,4,305,2022-1
2,منطقة المدينة المنورة,أنشطة البرمجة الحاسوبية والخبرة الاستشارية وما يتصل بها من أنشطة,92,104,61,43,201,197,4,305,2022-4
3,منطقة الباحة,صُنع الخشب ومنتجات الخشب والفلين ، باستثناء الأثاث ، صُنع أصناف من القش ومواد الضفر,95,38,25,13,267,266,1,305,2022-7
2,منطقة نجران,صُنع المشروبات,10,111,76,35,194,193,1,305,2022-4
3,منطقة نجران,أنشطة الأمن والتحقيقات,2,303,274,29,2,2,0,305,2022-7
3,منطقة المدينة المنورة,الأنشطة المهنية والعلمية والتقنية الأخرى,111,74,36,38,230,192,38,304,2022-7
3,منطقة المدينة المنورة,أنشطة الاستخدام,108,135,86,49,169,160,9,304,2022-7
4,منطقة نجران,الأنشطة الرياضية وأنشطة التسلية والترفيه,55,88,48,40,215,203,12,303,2022-10
2,منطقة المدينة المنورة,أنشطة الخدمات المالية ، فيما عدا تمويل التأمين وصناديق المعاشات,52,122,91,31,179,175,4,301,2022-4
3,منطقة القصيم,توصيل الكهرباء والغاز والبخار وتكييف الهواء,17,80,76,4,218,218,0,298,2022-7
3,منطقة عسير,الصناعة التحويلية الأخرى,47,60,34,26,238,230,8,298,2022-7
4,منطقة الجوف,الإقامة,72,79,41,38,219,218,1,298,2022-10
2,منطقة المدينة المنورة,أنشطة الاستخدام,95,129,73,56,168,153,15,297,2022-4
3,منطقة الحدود الشمالية,صنع الأثاث,94,25,14,11,271,271,0,296,2022-7
4,منطقة القصيم,توصيل الكهرباء والغاز والبخار وتكييف الهواء,16,78,75,3,217,217,0,295,2022-10
1,منطقة المدينة المنورة,صُنع الورق ومنتجات الورق,24,65,32,33,230,229,1,295,2022-1
4,منطقة الحدود الشمالية,صنع الأثاث,93,16,12,4,277,277,0,293,2022-10
1,منطقة حائل,صنع الفلزات القاعدية,60,33,20,13,259,259,0,292,2022-1
1,المنطقة الشرقية,صُنع المنتجات الجلدية والمنتجات ذات الصلة,21,67,61,6,224,224,0,291,2022-1
1,المنطقة الشرقية,أنشطة البريد ونقل الرسائل والطرود بواسطة مندوبين,42,122,49,73,168,167,1,290,2022-1
2,منطقة القصيم,الأنشطة المهنية والعلمية والتقنية الأخرى,48,74,50,24,216,208,8,290,2022-4
4,منطقة مكة المكرمة,الأنشطة الإبداعية والفنون وأنشطة الترفيه,108,92,35,57,197,179,18,289,2022-10
4,منطقة الباحة,صنع الأثاث,102,13,11,2,276,276,0,289,2022-10
3,منطقة حائل,تجميع المياه ومعالجتها وتوصيلها,36,60,43,17,229,229,0,289,2022-7
1,منطقة الجوف,أنشطة المكاتب الرئيسية، والأنشطة الاستشارية في مجال الإدارة,4,89,18,71,199,145,54,288,2022-1
3,منطقة مكة المكرمة,الأنشطة الإبداعية والفنون وأنشطة الترفيه,105,95,35,60,192,176,16,287,2022-7
3,منطقة الباحة,أنشطة زراعة المحاصيل والإنتاج الحيواني والصيد والخدمات المتصلة,191,11,8,3,276,276,0,287,2022-7
1,منطقة جازان,الأنشطة الرياضية وأنشطة التسلية والترفيه,65,91,36,55,195,184,11,286,2022-1
3,منطقة عسير,صناعة الآلات والمعدات غير المصنفة في موضع أخر,22,68,66,2,218,218,0,286,2022-7
3,منطقة القصيم,الأنشطة القانونية وأنشطة المحاسبة,95,199,107,92,87,86,1,286,2022-7
3,منطقة الجوف,الإقامة,71,70,41,29,216,216,0,286,2022-7
2,منطقة حائل,صُنع الخشب ومنتجات الخشب والفلين ، باستثناء الأثاث ، صُنع أصناف من القش ومواد الضفر,63,42,17,25,243,243,0,285,2022-4
2,منطقة نجران,أبحاث الإعلان والسوق,44,52,24,28,233,233,0,285,2022-4
1,منطقة عسير,صُنع المنسوجات,61,27,18,9,258,252,6,285,2022-1
2,منطقة عسير,الصناعة التحويلية الأخرى,45,64,44,20,221,217,4,285,2022-4
2,منطقة حائل,صنع الفلزات القاعدية,59,34,20,14,250,250,0,284,2022-4
2,منطقة تبوك,الأنشطة الإدارية للمكاتب ، وأنشطة الدعم للمكاتب وغير ذلك من أنشطة الدعم للأعمال,110,59,23,36,225,222,3,284,2022-4
3,منطقة نجران,الأنشطة الرياضية وأنشطة التسلية والترفيه,51,92,47,45,191,181,10,283,2022-7
4,منطقة الجوف,صُنع الخشب ومنتجات الخشب والفلين ، باستثناء الأثاث ، صُنع أصناف من القش ومواد الضفر,95,25,18,7,258,257,1,283,2022-10
2,منطقة نجران,الأنشطة الرياضية وأنشطة التسلية والترفيه,44,92,51,41,190,179,11,282,2022-4
4,منطقة جازان,صنع فحم الكوك والمنتجات النفطية المكررة,3,225,219,6,57,53,4,282,2022-10
2,منطقة تبوك,صُنع الخشب ومنتجات الخشب والفلين ، باستثناء الأثاث ، صُنع أصناف من القش ومواد الضفر,90,23,11,12,259,259,0,282,2022-4
4,منطقة حائل,تجميع المياه ومعالجتها وتوصيلها,36,59,42,17,222,222,0,281,2022-10
3,منطقة الجوف,صُنع الخشب ومنتجات الخشب والفلين ، باستثناء الأثاث ، صُنع أصناف من القش ومواد الضفر,91,26,18,8,255,254,1,281,2022-7
1,منطقة المدينة المنورة,صيد الأسماك وتربية المائيات,110,9,2,7,271,266,5,280,2022-1
2,منطقة الجوف,الإقامة,64,62,32,30,218,218,0,280,2022-4
2,منطقة الجوف,صيد الأسماك وتربية المائيات,177,9,8,1,270,270,0,279,2022-4
2,منطقة المدينة المنورة,الأنشطة المهنية والعلمية والتقنية الأخرى,95,65,32,33,213,177,36,278,2022-4
4,منطقة الباحة,أنشطة زراعة المحاصيل والإنتاج الحيواني والصيد والخدمات المتصلة,184,10,8,2,268,267,1,278,2022-10
1,منطقة تبوك,صُنع الخشب ومنتجات الخشب والفلين ، باستثناء الأثاث ، صُنع أصناف من القش ومواد الضفر,89,27,15,12,251,251,0,278,2022-1
1,منطقة المدينة المنورة,أنشطة الخدمات المالية ، فيما عدا تمويل التأمين وصناديق المعاشات,50,103,77,26,175,171,4,278,2022-1
2,منطقة مكة المكرمة,صناعة معدات النقل الأخرى,41,56,40,16,221,219,2,277,2022-4
1,منطقة نجران,أبحاث الإعلان والسوق,43,56,27,29,221,221,0,277,2022-1
2,منطقة حائل,صُنع المنسوجات,63,26,18,8,250,248,2,276,2022-4
3,منطقة حائل,صُنع الخشب ومنتجات الخشب والفلين ، باستثناء الأثاث ، صُنع أصناف من القش ومواد الضفر,64,43,21,22,233,232,1,276,2022-7
2,منطقة الجوف,الأنشطة العقارية,55,90,59,31,186,184,2,276,2022-4
1,منطقة الرياض,تعدين ركازات الفلزات,40,32,15,17,244,244,0,276,2022-1
4,منطقة المدينة المنورة,أنشطة الأمن والتحقيقات,18,252,245,7,22,22,0,274,2022-10
1,منطقة تبوك,صُنع المنسوجات,67,28,13,15,246,243,3,274,2022-1
1,منطقة حائل,صُنع المنسوجات,61,28,20,8,246,244,2,274,2022-1
4,منطقة حائل,التخزين وأنشطة الدعم للنقل,78,33,20,13,240,240,0,273,2022-10
2,منطقة تبوك,تجميع المياه ومعالجتها وتوصيلها,48,38,26,12,234,234,0,272,2022-4
3,منطقة الحدود الشمالية,الأنشطة الأخرى للتعدين واستغلال المحاجر,12,142,129,13,130,130,0,272,2022-7
2,منطقة تبوك,صُنع المنسوجات,69,22,11,11,249,246,3,271,2022-4
2,منطقة الحدود الشمالية,صنع الأثاث,87,24,15,9,247,247,0,271,2022-4
1,منطقة الباحة,أنشطة زراعة المحاصيل والإنتاج الحيواني والصيد والخدمات المتصلة,165,15,10,5,255,255,0,270,2022-1
3,منطقة جازان,صنع فحم الكوك والمنتجات النفطية المكررة,3,221,216,5,49,44,5,270,2022-7
1,منطقة عسير,أنشطة المنظمات ذات العضوية,48,160,76,84,110,105,5,270,2022-1
2,المنطقة الشرقية,الأنشطة البيطرية,49,91,48,43,179,168,11,270,2022-4
4,منطقة القصيم,الرعاية مع الإقامة,6,189,65,124,81,54,27,270,2022-10
4,منطقة الحدود الشمالية,الأنشطة الأخرى للتعدين واستغلال المحاجر,12,140,124,16,130,130,0,270,2022-10
3,منطقة حائل,التخزين وأنشطة الدعم للنقل,78,40,24,16,229,229,0,269,2022-7
1,منطقة نجران,صُنع المشروبات,10,95,71,24,173,172,1,268,2022-1
1,المنطقة الشرقية,الأنشطة البيطرية,43,81,41,40,187,180,7,268,2022-1
1,منطقة جازان,صُنع المواد الكيميائية والمنتجات الكيميائية,24,50,34,16,217,217,0,267,2022-1
1,منطقة تبوك,الأنشطة الإدارية للمكاتب ، وأنشطة الدعم للمكاتب وغير ذلك من أنشطة الدعم للأعمال,94,60,23,37,207,201,6,267,2022-1
4,منطقة عسير,الأنشطة المهنية والعلمية والتقنية الأخرى,62,72,41,31,194,187,7,266,2022-10
4,منطقة حائل,صُنع الخشب ومنتجات الخشب والفلين ، باستثناء الأثاث ، صُنع أصناف من القش ومواد الضفر,65,38,19,19,228,227,1,266,2022-10
1,منطقة عسير,الطباعة واستنساخ وسائط الأعلام المسجّلة,38,72,31,41,194,192,2,266,2022-1
2,منطقة القصيم,الأنشطة القانونية وأنشطة المحاسبة,91,174,94,80,91,90,1,265,2022-4
2,المنطقة الشرقية,الرعاية مع الإقامة,14,153,24,129,111,67,44,264,2022-4
4,منطقة نجران,أنشطة الأمن والتحقيقات,3,260,231,29,4,4,0,264,2022-10
2,منطقة الباحة,صُنع الخشب ومنتجات الخشب والفلين ، باستثناء الأثاث ، صُنع أصناف من القش ومواد الضفر,82,34,23,11,230,229,1,264,2022-4
3,منطقة المدينة المنورة,أنشطة المنظمات ذات العضوية,87,75,62,13,188,184,4,263,2022-7
4,منطقة جازان,صُنع المواد الكيميائية والمنتجات الكيميائية,31,40,22,18,222,220,2,262,2022-10
4,منطقة المدينة المنورة,أنشطة المنظمات ذات العضوية,87,76,60,16,186,182,4,262,2022-10
1,منطقة عسير,الصناعة التحويلية الأخرى,42,56,40,16,205,202,3,261,2022-1
2,منطقة الجوف,أنشطة المكاتب الرئيسية، والأنشطة الاستشارية في مجال الإدارة,2,70,10,60,191,141,50,261,2022-4
3,منطقة نجران,أبحاث الإعلان والسوق,49,46,17,29,215,215,0,261,2022-7
1,منطقة المدينة المنورة,صناعة الآلات والمعدات غير المصنفة في موضع أخر,26,54,42,12,206,206,0,260,2022-1
1,منطقة الرياض,أنشطة المكتبات والمحفوظات والمتاحف والأنشطة الثقافية الأخرى,38,116,64,52,144,138,6,260,2022-1
1,منطقة الجوف,الإقامة,59,54,32,22,205,205,0,259,2022-1
2,منطقة الباحة,صُنع المشروبات,8,74,27,47,185,181,4,259,2022-4
3,منطقة جازان,صُنع المواد الكيميائية والمنتجات الكيميائية,30,37,24,13,221,219,2,258,2022-7
2,منطقة الباحة,صنع الأثاث,84,29,21,8,229,229,0,258,2022-4
2,منطقة تبوك,أبحاث الإعلان والسوق,77,51,25,26,206,204,2,257,2022-4
2,منطقة عسير,الأنشطة المهنية والعلمية والتقنية الأخرى,54,56,35,21,201,184,17,257,2022-4
3,منطقة الحدود الشمالية,صيد الأسماك وتربية المائيات,99,11,6,5,246,246,0,257,2022-7
3,منطقة مكة المكرمة,أنشطة المكتبات والمحفوظات والمتاحف والأنشطة الثقافية الأخرى,80,63,37,26,194,192,2,257,2022-7
2,منطقة الحدود الشمالية,الإقامة,47,69,44,25,187,187,0,256,2022-4
1,منطقة الجوف,الأنشطة العقارية,53,84,59,25,172,171,1,256,2022-1
3,منطقة حائل,إصلاح وتركيب الآلات والمعدات,80,15,8,7,241,241,0,256,2022-7
3,منطقة عسير,الأنشطة المهنية والعلمية والتقنية الأخرى,60,57,37,20,198,191,7,255,2022-7
1,منطقة تبوك,إصلاح وتركيب الآلات والمعدات,90,41,35,6,214,212,2,255,2022-1
3,منطقة المدينة المنورة,أنشطة البريد ونقل الرسائل والطرود بواسطة مندوبين,17,86,84,2,169,169,0,255,2022-7
4,منطقة حائل,إصلاح وتركيب الآلات والمعدات,83,19,10,9,235,235,0,254,2022-10
3,منطقة القصيم,أنشطة المنظمات ذات العضوية,80,103,62,41,151,150,1,254,2022-7
1,منطقة المدينة المنورة,الأنشطة المهنية والعلمية والتقنية الأخرى,87,60,31,29,194,162,32,254,2022-1
3,منطقة المدينة المنورة,النقل المائي,29,106,85,21,148,147,1,254,2022-7
2,منطقة عسير,أنشطة المنظمات ذات العضوية,51,149,76,73,104,97,7,253,2022-4
2,منطقة جازان,صُنع المواد الكيميائية والمنتجات الكيميائية,27,38,27,11,214,213,1,252,2022-4
4,منطقة القصيم,أنشطة المنظمات ذات العضوية,79,103,61,42,148,147,1,251,2022-10
1,منطقة تبوك,أنشطة الاستخدام,46,89,32,57,162,157,5,251,2022-1
3,منطقة القصيم,الاتصالات,64,40,18,22,210,210,0,250,2022-7
4,منطقة المدينة المنورة,أنشطة البريد ونقل الرسائل والطرود بواسطة مندوبين,16,85,84,1,165,165,0,250,2022-10
2,منطقة جازان,الأنشطة الإدارية للمكاتب ، وأنشطة الدعم للمكاتب وغير ذلك من أنشطة الدعم للأعمال,97,44,24,20,206,205,1,250,2022-4
4,منطقة المدينة المنورة,النقل المائي,30,101,81,20,149,147,2,250,2022-10
1,منطقة الباحة,صُنع الخشب ومنتجات الخشب والفلين ، باستثناء الأثاث ، صُنع أصناف من القش ومواد الضفر,77,28,17,11,221,221,0,249,2022-1
3,منطقة الجوف,الأنشطة العقارية,59,89,54,35,158,157,1,247,2022-7
2,منطقة حائل,صُنع المواد الكيميائية والمنتجات الكيميائية,64,27,14,13,220,220,0,247,2022-4
1,منطقة حائل,صُنع الخشب ومنتجات الخشب والفلين ، باستثناء الأثاث ، صُنع أصناف من القش ومواد الضفر,59,26,12,14,221,221,0,247,2022-1
4,منطقة جازان,أنشطة الأمن والتحقيقات,13,224,220,4,23,23,0,247,2022-10
2,منطقة حائل,إصلاح وتركيب الآلات والمعدات,76,19,11,8,227,226,1,246,2022-4
4,منطقة عسير,أنشطة البرمجة الحاسوبية والخبرة الاستشارية وما يتصل بها من أنشطة,66,70,44,26,176,174,2,246,2022-10
2,منطقة حائل,التخزين وأنشطة الدعم للنقل,72,30,21,9,214,214,0,244,2022-4
1,منطقة الحدود الشمالية,الإقامة,41,69,44,25,175,175,0,244,2022-1
1,منطقة نجران,الأنشطة الرياضية وأنشطة التسلية والترفيه,39,62,36,26,181,170,11,243,2022-1
2,منطقة تبوك,صيد الأسماك وتربية المائيات,117,19,7,12,224,223,1,243,2022-4
3,منطقة تبوك,الأنشطة الأخرى للتعدين واستغلال المحاجر,18,56,34,22,186,186,0,242,2022-7
1,منطقة جازان,الأنشطة الإدارية للمكاتب ، وأنشطة الدعم للمكاتب وغير ذلك من أنشطة الدعم للأعمال,82,41,27,14,201,200,1,242,2022-1
2,منطقة القصيم,أنشطة جمع النفايات ومعالجتها وتصريفها ، واسترجاع المواد,19,60,32,28,182,182,0,242,2022-4
2,منطقة تبوك,الأنشطة الأخرى للتعدين واستغلال المحاجر,15,67,43,24,174,173,1,241,2022-4
2,منطقة تبوك,صناعة المركبات ذات المحركات والمركبات المقطورة ونصف المقطورة,7,42,22,20,198,198,0,240,2022-4
4,منطقة نجران,أبحاث الإعلان والسوق,51,39,14,25,201,199,2,240,2022-10
3,منطقة القصيم,أنشطة الأمن والتحقيقات,15,189,166,23,51,25,26,240,2022-7
4,منطقة نجران,أنشطة العمل الاجتماعي، دون إقامة,44,127,60,67,113,110,3,240,2022-10
4,منطقة تبوك,صنع منتجات المطاط واللدائن,12,48,25,23,191,191,0,239,2022-10
1,منطقة تبوك,تجميع المياه ومعالجتها وتوصيلها,41,36,26,10,203,203,0,239,2022-1
3,منطقة القصيم,أنشطة المكاتب الرئيسية، والأنشطة الاستشارية في مجال الإدارة,15,102,87,15,137,136,1,239,2022-7
4,منطقة القصيم,أنشطة المكاتب الرئيسية، والأنشطة الاستشارية في مجال الإدارة,17,101,85,16,138,136,2,239,2022-10
2,منطقة عسير,صُنع المنسوجات,70,31,21,10,208,203,5,239,2022-4
4,منطقة تبوك,الأنشطة الأخرى للتعدين واستغلال المحاجر,23,58,34,24,181,181,0,239,2022-10
3,منطقة عسير,أنشطة البرمجة الحاسوبية والخبرة الاستشارية وما يتصل بها من أنشطة,66,59,35,24,179,177,2,238,2022-7
1,منطقة عسير,الأنشطة المهنية والعلمية والتقنية الأخرى,51,51,32,19,187,170,17,238,2022-1
2,منطقة المدينة المنورة,أنشطة الأمن والتحقيقات,19,199,193,6,39,39,0,238,2022-4
4,منطقة حائل,أنشطة الاستخدام,54,76,37,39,162,92,70,238,2022-10
3,منطقة الباحة,صنع الأثاث,86,15,11,4,222,222,0,237,2022-7
1,منطقة جازان,أنشطة جمع النفايات ومعالجتها وتصريفها ، واسترجاع المواد,7,31,21,10,206,206,0,237,2022-1
4,منطقة الجوف,الأنشطة العقارية,63,74,44,30,163,161,2,237,2022-10
2,منطقة الحدود الشمالية,أنشطة المعمارية والهندسية ، والاختبارات الفنية والتحليل,70,45,21,24,191,190,1,236,2022-4
1,منطقة حائل,أنشطة الاستخدام,42,85,47,38,151,100,51,236,2022-1
4,منطقة نجران,الأنشطة الإدارية للمكاتب ، وأنشطة الدعم للمكاتب وغير ذلك من أنشطة الدعم للأعمال,105,37,16,21,197,196,1,234,2022-10
2,منطقة عسير,الطباعة واستنساخ وسائط الأعلام المسجّلة,35,65,28,37,169,167,2,234,2022-4
3,منطقة الجوف,أبحاث الإعلان والسوق,85,19,13,6,214,212,2,233,2022-7
1,منطقة تبوك,الأنشطة الأخرى للتعدين واستغلال المحاجر,10,54,32,22,179,178,1,233,2022-1
1,منطقة مكة المكرمة,صناعة معدات النقل الأخرى,40,50,41,9,182,180,2,232,2022-1
2,منطقة حائل,أنشطة الاستخدام,50,82,46,36,149,106,43,231,2022-4
3,منطقة جازان,أنشطة الأمن والتحقيقات,12,205,203,2,25,25,0,230,2022-7
3,منطقة تبوك,صنع منتجات المطاط واللدائن,12,41,23,18,189,189,0,230,2022-7
1,منطقة القصيم,صيد الأسماك وتربية المائيات,99,22,10,12,207,207,0,229,2022-1
3,منطقة حائل,صنع الفلزات القاعدية,40,32,14,18,197,197,0,229,2022-7
1,منطقة عسير,أنشطة جمع النفايات ومعالجتها وتصريفها ، واسترجاع المواد,12,79,75,4,150,150,0,229,2022-1
3,منطقة نجران,أنشطة العمل الاجتماعي، دون إقامة,43,118,61,57,111,110,1,229,2022-7
4,منطقة نجران,صُنع الخشب ومنتجات الخشب والفلين ، باستثناء الأثاث ، صُنع أصناف من القش ومواد الضفر,87,11,4,7,218,218,0,229,2022-10
3,منطقة المدينة المنورة,الطباعة واستنساخ وسائط الأعلام المسجّلة,56,47,23,24,182,181,1,229,2022-7
1,منطقة القصيم,الأنشطة القانونية وأنشطة المحاسبة,82,142,79,63,87,86,1,229,2022-1
4,منطقة المدينة المنورة,الطباعة واستنساخ وسائط الأعلام المسجّلة,55,44,19,25,184,183,1,228,2022-10
4,منطقة حائل,صنع الفلزات القاعدية,41,32,13,19,196,196,0,228,2022-10
3,منطقة حائل,صُنع المنسوجات,60,18,9,9,209,207,2,227,2022-7
3,منطقة عسير,صُنع المنسوجات,76,21,12,9,206,203,3,227,2022-7
4,منطقة عسير,صُنع المنسوجات,76,19,9,10,207,204,3,226,2022-10
2,منطقة نجران,صُنع الخشب ومنتجات الخشب والفلين ، باستثناء الأثاث ، صُنع أصناف من القش ومواد الضفر,85,13,6,7,213,213,0,226,2022-4
3,منطقة نجران,صُنع الخشب ومنتجات الخشب والفلين ، باستثناء الأثاث ، صُنع أصناف من القش ومواد الضفر,86,15,8,7,210,210,0,225,2022-7
4,منطقة الجوف,أبحاث الإعلان والسوق,84,21,13,8,204,202,2,225,2022-10
2,منطقة الجوف,أبحاث الإعلان والسوق,78,23,17,6,202,200,2,225,2022-4
3,منطقة تبوك,تجميع المياه ومعالجتها وتوصيلها,57,38,26,12,186,186,0,224,2022-7
3,منطقة تبوك,صُنع المنسوجات,74,18,11,7,205,203,2,223,2022-7
1,منطقة القصيم,الأنشطة المهنية والعلمية والتقنية الأخرى,44,72,48,24,151,144,7,223,2022-1
4,منطقة الجوف,الأنشطة الإدارية للمكاتب ، وأنشطة الدعم للمكاتب وغير ذلك من أنشطة الدعم للأعمال,87,27,15,12,196,195,1,223,2022-10
2,منطقة الباحة,أنشطة زراعة المحاصيل والإنتاج الحيواني والصيد والخدمات المتصلة,136,13,8,5,210,210,0,223,2022-4
4,منطقة عسير,الرعاية مع الإقامة,9,187,12,175,36,17,19,223,2022-10
1,منطقة مكة المكرمة,تعدين ركازات الفلزات,43,34,12,22,189,187,2,223,2022-1
1,منطقة حائل,صُنع المواد الكيميائية والمنتجات الكيميائية,61,26,14,12,197,197,0,223,2022-1
4,منطقة حائل,صُنع المنسوجات,59,17,8,9,205,203,2,222,2022-10
3,منطقة تبوك,صنع الفلزات القاعدية,16,48,20,28,174,174,0,222,2022-7
3,منطقة المدينة المنورة,الأنشطة المساعدة لأنشطة الخدمات المالية وأنشطة التأمين,19,203,184,19,19,19,0,222,2022-7
3,منطقة عسير,الأنشطة المساعدة لأنشطة الخدمات المالية وأنشطة التأمين,7,214,201,13,7,7,0,221,2022-7
1,منطقة الرياض,استخراج النفط الخام والغاز الطبيعي,21,58,44,14,163,163,0,221,2022-1
3,منطقة الباحة,التعليم,24,111,52,59,108,98,10,219,2022-7
4,منطقة نجران,الأنشطة العقارية,71,39,19,20,180,180,0,219,2022-10
4,منطقة الباحة,التعليم,24,108,51,57,111,102,9,219,2022-10
2,منطقة الحدود الشمالية,الأنشطة الرياضية وأنشطة التسلية والترفيه,47,55,26,29,164,144,20,219,2022-4
2,منطقة الجوف,صُنع الخشب ومنتجات الخشب والفلين ، باستثناء الأثاث ، صُنع أصناف من القش ومواد الضفر,78,17,12,5,201,201,0,218,2022-4
2,منطقة عسير,أنشطة البرمجة الحاسوبية والخبرة الاستشارية وما يتصل بها من أنشطة,59,46,27,19,172,170,2,218,2022-4
1,منطقة حائل,التخزين وأنشطة الدعم للنقل,69,27,17,10,191,191,0,218,2022-1
1,منطقة نجران,الأنشطة الأخرى للتعدين واستغلال المحاجر,21,39,28,11,179,179,0,218,2022-1
4,منطقة تبوك,صُنع المنسوجات,77,12,5,7,205,203,2,217,2022-10
3,منطقة حائل,أنشطة الاستخدام,58,81,42,39,136,95,41,217,2022-7
1,منطقة الحدود الشمالية,صنع الأثاث,74,24,16,8,193,193,0,217,2022-1
2,منطقة تبوك,أنشطة الاستخدام,54,47,22,25,170,166,4,217,2022-4
2,منطقة الرياض,أنشطة المكتبات والمحفوظات والمتاحف والأنشطة الثقافية الأخرى,34,112,66,46,105,102,3,217,2022-4
3,منطقة نجران,الأنشطة الإدارية للمكاتب ، وأنشطة الدعم للمكاتب وغير ذلك من أنشطة الدعم للأعمال,96,34,16,18,183,182,1,217,2022-7
1,منطقة الباحة,صُنع المشروبات,8,76,30,46,141,136,5,217,2022-1
2,منطقة عسير,تعدين ركازات الفلزات,56,27,16,11,190,189,1,217,2022-4
4,منطقة جازان,توصيل الكهرباء والغاز والبخار وتكييف الهواء,23,36,28,8,181,181,0,217,2022-10
1,منطقة المدينة المنورة,أنشطة المكاتب الرئيسية، والأنشطة الاستشارية في مجال الإدارة,31,155,106,49,61,61,0,216,2022-1
1,منطقة نجران,صنع منتجات المطاط واللدائن,14,65,31,34,151,151,0,216,2022-1
1,منطقة القصيم,أنشطة جمع النفايات ومعالجتها وتصريفها ، واسترجاع المواد,19,54,30,24,161,161,0,215,2022-1
3,منطقة جازان,توصيل الكهرباء والغاز والبخار وتكييف الهواء,21,33,26,7,182,182,0,215,2022-7
4,منطقة القصيم,الاتصالات,62,38,19,19,176,176,0,214,2022-10
3,منطقة المدينة المنورة,الصرف الصحي,24,48,38,10,166,166,0,214,2022-7
2,منطقة جازان,صُنع المنتجات الجلدية والمنتجات ذات الصلة,60,4,3,1,210,210,0,214,2022-4
1,منطقة عسير,تعدين ركازات الفلزات,57,25,16,9,189,188,1,214,2022-1
3,منطقة الحدود الشمالية,أنشطة العمل الاجتماعي، دون إقامة,38,160,68,92,53,50,3,213,2022-7
4,منطقة تبوك,تجميع المياه ومعالجتها وتوصيلها,56,29,19,10,183,183,0,212,2022-10
2,منطقة نجران,أنشطة العمل الاجتماعي، دون إقامة,41,93,55,38,118,118,0,211,2022-4
4,منطقة عسير,صنع المعدات الكهربائية,35,37,18,19,174,173,1,211,2022-10
3,منطقة نجران,الأنشطة العقارية,68,33,17,16,178,178,0,211,2022-7
1,منطقة الباحة,صنع الأثاث,65,26,20,6,184,184,0,210,2022-1
1,منطقة الجوف,أبحاث الإعلان والسوق,73,20,18,2,190,189,1,210,2022-1
1,المنطقة الشرقية,أنشطة المكتبات والمحفوظات والمتاحف والأنشطة الثقافية الأخرى,48,42,23,19,168,165,3,210,2022-1
2,منطقة المدينة المنورة,أنشطة المكاتب الرئيسية، والأنشطة الاستشارية في مجال الإدارة,35,150,103,47,59,59,0,209,2022-4
1,منطقة نجران,صُنع الخشب ومنتجات الخشب والفلين ، باستثناء الأثاث ، صُنع أصناف من القش ومواد الضفر,76,17,12,5,192,192,0,209,2022-1
2,منطقة نجران,الأنشطة الأخرى للتعدين واستغلال المحاجر,20,50,27,23,159,159,0,209,2022-4
2,منطقة المدينة المنورة,النقل المائي,29,104,80,24,104,102,2,208,2022-4
3,منطقة الجوف,الأنشطة الإدارية للمكاتب ، وأنشطة الدعم للمكاتب وغير ذلك من أنشطة الدعم للأعمال,83,35,15,20,173,172,1,208,2022-7
2,منطقة الجوف,الأنشطة الرياضية وأنشطة التسلية والترفيه,50,73,53,20,135,124,11,208,2022-4
1,منطقة تبوك,أبحاث الإعلان والسوق,67,37,18,19,170,169,1,207,2022-1
1,منطقة الحدود الشمالية,أنشطة المعمارية والهندسية ، والاختبارات الفنية والتحليل,64,27,15,12,180,179,1,207,2022-1
3,منطقة الجوف,صُنع المنسوجات,64,14,7,7,192,191,1,206,2022-7
1,منطقة نجران,أنشطة العمل الاجتماعي، دون إقامة,40,89,50,39,117,116,1,206,2022-1
1,منطقة القصيم,الصناعة التحويلية الأخرى,31,48,35,13,158,158,0,206,2022-1
4,منطقة الجوف,صُنع المنسوجات,69,14,6,8,192,191,1,206,2022-10
2,منطقة تبوك,صنع الفلزات القاعدية,23,47,22,25,159,159,0,206,2022-4
3,منطقة القصيم,الإدارة العامة والدفاع ؛ والضمان الاجتماعي الإلزامي,31,109,56,53,96,89,7,205,2022-7
2,منطقة الجوف,الأنشطة الإدارية للمكاتب ، وأنشطة الدعم للمكاتب وغير ذلك من أنشطة الدعم للأعمال,71,36,20,16,168,167,1,204,2022-4
3,منطقة المدينة المنورة,الصناعة التحويلية الأخرى,42,45,32,13,159,157,2,204,2022-7
2,منطقة نجران,الأنشطة الإدارية للمكاتب ، وأنشطة الدعم للمكاتب وغير ذلك من أنشطة الدعم للأعمال,90,29,16,13,175,172,3,204,2022-4
4,منطقة الجوف,إصلاح وتركيب الآلات والمعدات,73,14,9,5,190,190,0,204,2022-10
3,منطقة عسير,الطباعة واستنساخ وسائط الأعلام المسجّلة,38,59,28,31,145,143,2,204,2022-7
2,منطقة نجران,أنشطة الاستخدام,54,55,22,33,148,117,31,203,2022-4
4,منطقة الحدود الشمالية,أنشطة العمل الاجتماعي، دون إقامة,37,151,70,81,52,49,3,203,2022-10
1,منطقة نجران,صُنع المنسوجات,51,12,7,5,190,184,6,202,2022-1
3,منطقة الحدود الشمالية,الأنشطة الرياضية وأنشطة التسلية والترفيه,49,42,16,26,160,143,17,202,2022-7
3,منطقة القصيم,الرعاية مع الإقامة,7,127,46,81,74,53,21,201,2022-7
1,منطقة الحدود الشمالية,أنشطة العمل الاجتماعي، دون إقامة,34,145,67,78,56,53,3,201,2022-1
3,منطقة المدينة المنورة,أنشطة المكاتب الرئيسية، والأنشطة الاستشارية في مجال الإدارة,37,137,84,53,64,64,0,201,2022-7
3,منطقة حائل,أبحاث الإعلان والسوق,74,23,11,12,178,178,0,201,2022-7
3,منطقة جازان,صُنع المنتجات الجلدية والمنتجات ذات الصلة,55,4,3,1,197,197,0,201,2022-7
4,منطقة نجران,إصلاح وتركيب الآلات والمعدات,58,14,6,8,186,186,0,200,2022-10
2,المنطقة الشرقية,أنشطة المكتبات والمحفوظات والمتاحف والأنشطة الثقافية الأخرى,44,40,22,18,160,158,2,200,2022-4
4,منطقة الحدود الشمالية,أنشطة المعمارية والهندسية ، والاختبارات الفنية والتحليل,63,48,28,20,151,149,2,199,2022-10
1,منطقة عسير,الصرف الصحي,12,34,25,9,165,165,0,199,2022-1
2,منطقة الحدود الشمالية,الأنشطة العقارية,47,47,33,14,152,152,0,199,2022-4
4,منطقة القصيم,أنشطة الأمن والتحقيقات,15,145,134,11,54,28,26,199,2022-10
2,منطقة عسير,أنشطة الخدمات المالية ، فيما عدا تمويل التأمين وصناديق المعاشات,31,69,29,40,130,130,0,199,2022-4
2,منطقة الحدود الشمالية,إصلاح أجهزة الحاسوب والسلع الشخصية والمنزلية,75,13,10,3,186,186,0,199,2022-4
4,منطقة حائل,أبحاث الإعلان والسوق,75,29,12,17,170,170,0,199,2022-10
2,منطقة الحدود الشمالية,أنشطة العمل الاجتماعي، دون إقامة,34,141,70,71,58,56,2,199,2022-4
3,منطقة عسير,الرعاية مع الإقامة,8,165,14,151,34,15,19,199,2022-7
3,منطقة نجران,الصناعة التحويلية الأخرى,8,46,39,7,152,145,7,198,2022-7
4,منطقة الحدود الشمالية,الأنشطة الرياضية وأنشطة التسلية والترفيه,53,38,14,24,160,141,19,198,2022-10
4,منطقة القصيم,الإدارة العامة والدفاع ؛ والضمان الاجتماعي الإلزامي,29,98,48,50,99,93,6,197,2022-10
2,منطقة عسير,الصرف الصحي,14,33,24,9,164,164,0,197,2022-4
3,منطقة عسير,صنع المعدات الكهربائية,35,33,19,14,163,162,1,196,2022-7
4,منطقة نجران,الصناعة التحويلية الأخرى,8,49,41,8,146,141,5,195,2022-10
3,منطقة الحدود الشمالية,أنشطة المعمارية والهندسية ، والاختبارات الفنية والتحليل,62,49,26,23,146,145,1,195,2022-7
2,منطقة نجران,صُنع المنسوجات,53,12,8,4,183,175,8,195,2022-4
4,منطقة المدينة المنورة,الصناعة التحويلية الأخرى,41,47,31,16,147,145,2,194,2022-10
2,منطقة حائل,أبحاث الإعلان والسوق,66,28,14,14,166,166,0,194,2022-4
4,منطقة الجوف,الأنشطة الرياضية وأنشطة التسلية والترفيه,51,55,31,24,139,131,8,194,2022-10
3,منطقة المدينة المنورة,أنشطة الأمن والتحقيقات,19,172,167,5,22,22,0,194,2022-7
1,منطقة نجران,أنشطة الاستخدام,49,43,19,24,150,110,40,193,2022-1
1,منطقة المدينة المنورة,صُنع المنتجات الجلدية والمنتجات ذات الصلة,12,30,13,17,163,163,0,193,2022-1
1,منطقة عسير,أنشطة البرمجة الحاسوبية والخبرة الاستشارية وما يتصل بها من أنشطة,56,35,22,13,157,155,2,192,2022-1
3,منطقة الحدود الشمالية,إصلاح أجهزة الحاسوب والسلع الشخصية والمنزلية,77,12,8,4,180,180,0,192,2022-7
4,منطقة جازان,صُنع المنتجات الجلدية والمنتجات ذات الصلة,55,1,0,1,191,191,0,192,2022-10
4,منطقة عسير,الطباعة واستنساخ وسائط الأعلام المسجّلة,37,54,22,32,137,135,2,191,2022-10
4,منطقة القصيم,الأنشطة البيطرية,23,96,90,6,94,93,1,190,2022-10
4,منطقة الحدود الشمالية,إصلاح أجهزة الحاسوب والسلع الشخصية والمنزلية,78,15,7,8,175,175,0,190,2022-10
1,منطقة الحدود الشمالية,الأنشطة العقارية,46,34,25,9,154,154,0,188,2022-1
1,منطقة الحدود الشمالية,أنشطة زراعة المحاصيل والإنتاج الحيواني والصيد والخدمات المتصلة,103,7,4,3,181,181,0,188,2022-1
1,منطقة الباحة,الأنشطة العقارية,20,63,54,9,125,125,0,188,2022-1
1,منطقة تبوك,صنع الفلزات القاعدية,23,36,20,16,151,151,0,187,2022-1
1,منطقة حائل,أبحاث الإعلان والسوق,63,36,19,17,151,151,0,187,2022-1
2,منطقة المدينة المنورة,صُنع المنتجات الجلدية والمنتجات ذات الصلة,11,30,13,17,156,156,0,186,2022-4
1,منطقة المدينة المنورة,الأنشطة المساعدة لأنشطة الخدمات المالية وأنشطة التأمين,17,58,43,15,128,128,0,186,2022-1
1,منطقة حائل,إصلاح وتركيب الآلات والمعدات,67,16,9,7,170,169,1,186,2022-1
3,منطقة نجران,أنشطة الاستخدام,62,46,22,24,140,115,25,186,2022-7
3,منطقة نجران,إصلاح وتركيب الآلات والمعدات,54,19,10,9,166,166,0,185,2022-7
1,منطقة الجوف,الأنشطة الإدارية للمكاتب ، وأنشطة الدعم للمكاتب وغير ذلك من أنشطة الدعم للأعمال,64,38,25,13,146,145,1,184,2022-1
3,منطقة حائل,صنع المعدات الكهربائية,16,42,14,28,142,142,0,184,2022-7
1,منطقة المدينة المنورة,النقل المائي,24,94,73,21,90,88,2,184,2022-1
1,منطقة الحدود الشمالية,إصلاح أجهزة الحاسوب والسلع الشخصية والمنزلية,73,16,11,5,168,168,0,184,2022-1
3,منطقة الجوف,الأنشطة الرياضية وأنشطة التسلية والترفيه,47,59,36,23,124,117,7,183,2022-7
2,منطقة نجران,صُنع المواد الكيميائية والمنتجات الكيميائية,19,36,17,19,147,147,0,183,2022-4
4,منطقة نجران,أنشطة الاستخدام,59,45,21,24,137,116,21,182,2022-10
1,منطقة نجران,أنشطة النشر,5,1,1,0,181,180,1,182,2022-1
1,منطقة القصيم,أنشطة النشر,9,4,2,2,176,176,0,180,2022-1
3,منطقة القصيم,أنشطة الخدمات المالية ، فيما عدا تمويل التأمين وصناديق المعاشات,36,52,43,9,128,128,0,180,2022-7
4,منطقة جازان,الأنشطة القانونية وأنشطة المحاسبة,43,114,77,37,65,64,1,179,2022-10
1,منطقة عسير,أنشطة الخدمات المالية ، فيما عدا تمويل التأمين وصناديق المعاشات,33,59,27,32,120,120,0,179,2022-1
1,منطقة نجران,الأنشطة العقارية,55,37,20,17,142,142,0,179,2022-1
1,منطقة القصيم,الرعاية مع الإقامة,7,121,44,77,58,48,10,179,2022-1
1,منطقة الجوف,صُنع الخشب ومنتجات الخشب والفلين ، باستثناء الأثاث ، صُنع أصناف من القش ومواد الضفر,61,22,17,5,156,156,0,178,2022-1
4,منطقة حائل,صنع المنتجات الصيدلانية الأساسية والمستحضرات الصيدلانية,9,95,64,31,83,82,1,178,2022-10
1,منطقة الحدود الشمالية,الأنشطة الرياضية وأنشطة التسلية والترفيه,44,42,13,29,136,119,17,178,2022-1
4,منطقة نجران,الأنشطة الأخرى للتعدين واستغلال المحاجر,22,42,22,20,135,134,1,177,2022-10
1,منطقة الجوف,الأنشطة الرياضية وأنشطة التسلية والترفيه,46,56,41,15,121,108,13,177,2022-1
3,منطقة حائل,الصرف الصحي,17,35,28,7,142,141,1,177,2022-7
3,منطقة عسير,أنشطة المنظمات ذات العضوية,40,100,35,65,77,72,5,177,2022-7
4,منطقة حائل,صنع المعدات الكهربائية,16,40,14,26,136,136,0,176,2022-10
4,منطقة حائل,الصرف الصحي,16,30,24,6,146,146,0,176,2022-10
3,منطقة نجران,الأنشطة الأخرى للتعدين واستغلال المحاجر,23,42,22,20,133,133,0,175,2022-7
2,منطقة الجوف,صُنع المنسوجات,50,11,9,2,164,163,1,175,2022-4
3,منطقة نجران,صناعة الآلات والمعدات غير المصنفة في موضع أخر,11,1,1,0,173,173,0,174,2022-7
2,منطقة حائل,وكالات السفر ومشغّلو الجولات السياحية وخدمات الحجز والأنشطة المتصلة بها,24,48,22,26,126,126,0,174,2022-4
4,منطقة تبوك,وكالات السفر ومشغّلو الجولات السياحية وخدمات الحجز والأنشطة المتصلة بها,44,40,21,19,133,131,2,173,2022-10
1,منطقة عسير,الرعاية مع الإقامة,9,142,4,138,31,16,15,173,2022-1
2,منطقة المدينة المنورة,الأنشطة المساعدة لأنشطة الخدمات المالية وأنشطة التأمين,18,65,52,13,108,108,0,173,2022-4
2,منطقة الجوف,إصلاح وتركيب الآلات والمعدات,56,13,5,8,159,159,0,172,2022-4
4,المنطقة الشرقية,أنشطة المعالجة وخدمات إدارة النفايات الأخرى,8,43,33,10,127,127,0,170,2022-10
3,منطقة عسير,وكالات السفر ومشغّلو الجولات السياحية وخدمات الحجز والأنشطة المتصلة بها,59,47,28,19,123,123,0,170,2022-7
1,منطقة نجران,الأنشطة الإدارية للمكاتب ، وأنشطة الدعم للمكاتب وغير ذلك من أنشطة الدعم للأعمال,73,27,13,14,143,139,4,170,2022-1
2,منطقة الحدود الشمالية,أنشطة زراعة المحاصيل والإنتاج الحيواني والصيد والخدمات المتصلة,91,6,4,2,164,164,0,170,2022-4
4,منطقة عسير,وكالات السفر ومشغّلو الجولات السياحية وخدمات الحجز والأنشطة المتصلة بها,61,44,27,17,125,125,0,169,2022-10
1,منطقة جازان,صُنع المنتجات الجلدية والمنتجات ذات الصلة,52,7,3,4,162,162,0,169,2022-1
1,منطقة عسير,صنع المعدات الكهربائية,37,26,16,10,143,143,0,169,2022-1
3,منطقة جازان,الأنشطة القانونية وأنشطة المحاسبة,43,111,76,35,58,57,1,169,2022-7
4,منطقة نجران,صناعة الآلات والمعدات غير المصنفة في موضع أخر,12,2,1,1,166,166,0,168,2022-10
3,منطقة عسير,الصرف الصحي,13,29,22,7,139,139,0,168,2022-7
3,منطقة تبوك,أنشطة المنظمات ذات العضوية,22,136,38,98,31,29,2,167,2022-7
1,منطقة نجران,الصناعة التحويلية الأخرى,5,35,34,1,131,131,0,166,2022-1
3,منطقة القصيم,الأنشطة المساعدة لأنشطة الخدمات المالية وأنشطة التأمين,8,150,127,23,16,16,0,166,2022-7
2,منطقة عسير,صنع المعدات الكهربائية,38,22,13,9,143,143,0,165,2022-4
2,منطقة الحدود الشمالية,إصلاح وتركيب الآلات والمعدات,53,23,16,7,142,142,0,165,2022-4
2,منطقة نجران,الصناعة التحويلية الأخرى,5,36,35,1,128,128,0,164,2022-4
4,منطقة عسير,أنشطة المنظمات ذات العضوية,37,89,36,53,75,69,6,164,2022-10
3,منطقة الباحة,صيد الأسماك وتربية المائيات,71,11,5,6,153,153,0,164,2022-7
4,منطقة تبوك,أنشطة المنظمات ذات العضوية,20,136,37,99,28,26,2,164,2022-10
1,منطقة الجوف,صُنع المنسوجات,47,9,8,1,153,152,1,162,2022-1
2,منطقة نجران,الأنشطة العقارية,56,31,18,13,131,131,0,162,2022-4
3,منطقة تبوك,وكالات السفر ومشغّلو الجولات السياحية وخدمات الحجز والأنشطة المتصلة بها,43,44,21,23,118,117,1,162,2022-7
4,منطقة الباحة,الأنشطة الإدارية للمكاتب ، وأنشطة الدعم للمكاتب وغير ذلك من أنشطة الدعم للأعمال,51,48,36,12,112,112,0,160,2022-10
4,منطقة عسير,الصرف الصحي,12,27,19,8,133,133,0,160,2022-10
3,منطقة نجران,صُنع المنسوجات,55,10,5,5,150,143,7,160,2022-7
3,المنطقة الشرقية,أنشطة المعالجة وخدمات إدارة النفايات الأخرى,10,31,23,8,127,127,0,158,2022-7
4,منطقة نجران,صُنع المنسوجات,55,10,5,5,148,140,8,158,2022-10
3,منطقة الحدود الشمالية,التخزين وأنشطة الدعم للنقل,35,46,41,5,111,111,0,157,2022-7
2,منطقة جازان,صنع فحم الكوك والمنتجات النفطية المكررة,1,114,109,5,43,38,5,157,2022-4
1,منطقة المدينة المنورة,الرعاية مع الإقامة,10,110,43,67,45,34,11,155,2022-1
3,منطقة حائل,صنع المنتجات الصيدلانية الأساسية والمستحضرات الصيدلانية,7,78,49,29,77,76,1,155,2022-7
4,منطقة جازان,أنشطة جمع النفايات ومعالجتها وتصريفها ، واسترجاع المواد,12,28,13,15,127,127,0,155,2022-10
3,منطقة الحدود الشمالية,أنشطة زراعة المحاصيل والإنتاج الحيواني والصيد والخدمات المتصلة,100,7,6,1,148,148,0,155,2022-7
1,منطقة الحدود الشمالية,الأنشطة الإدارية للمكاتب ، وأنشطة الدعم للمكاتب وغير ذلك من أنشطة الدعم للأعمال,40,41,8,33,113,113,0,154,2022-1
1,منطقة عسير,صُنع الورق ومنتجات الورق,19,41,22,19,113,112,1,154,2022-1
3,منطقة الحدود الشمالية,الأنشطة العقارية,47,42,26,16,111,110,1,153,2022-7
2,منطقة نجران,إصلاح وتركيب الآلات والمعدات,47,14,6,8,139,139,0,153,2022-4
2,منطقة حائل,أنشطة المنظمات ذات العضوية,24,112,81,31,40,40,0,152,2022-4
2,منطقة الحدود الشمالية,الأنشطة الإدارية للمكاتب ، وأنشطة الدعم للمكاتب وغير ذلك من أنشطة الدعم للأعمال,43,37,8,29,115,115,0,152,2022-4
2,منطقة عسير,صُنع الورق ومنتجات الورق,18,26,16,10,125,124,1,151,2022-4
2,منطقة جازان,النقل المائي,9,59,32,27,92,92,0,151,2022-4
1,منطقة جازان,النقل المائي,8,56,31,25,95,95,0,151,2022-1
4,منطقة المدينة المنورة,أنشطة المكاتب الرئيسية، والأنشطة الاستشارية في مجال الإدارة,37,89,37,52,61,60,1,150,2022-10
4,منطقة الحدود الشمالية,التخزين وأنشطة الدعم للنقل,36,43,37,6,106,106,0,149,2022-10
4,منطقة الباحة,إصلاح أجهزة الحاسوب والسلع الشخصية والمنزلية,70,14,13,1,135,135,0,149,2022-10
3,منطقة حائل,وكالات السفر ومشغّلو الجولات السياحية وخدمات الحجز والأنشطة المتصلة بها,29,45,18,27,104,102,2,149,2022-7
2,منطقة نجران,أنشطة النشر,5,1,1,0,147,147,0,148,2022-4
1,منطقة الحدود الشمالية,الأنشطة الأخرى للتعدين واستغلال المحاجر,11,27,15,12,121,121,0,148,2022-1
1,منطقة القصيم,توصيل الكهرباء والغاز والبخار وتكييف الهواء,17,40,34,6,107,107,0,147,2022-1
4,منطقة حائل,وكالات السفر ومشغّلو الجولات السياحية وخدمات الحجز والأنشطة المتصلة بها,26,41,17,24,106,104,2,147,2022-10
2,المنطقة الشرقية,أنشطة المعالجة وخدمات إدارة النفايات الأخرى,10,33,24,9,114,114,0,147,2022-4
4,منطقة الحدود الشمالية,أنشطة زراعة المحاصيل والإنتاج الحيواني والصيد والخدمات المتصلة,100,7,4,3,140,140,0,147,2022-10
2,منطقة نجران,صناعة الآلات والمعدات غير المصنفة في موضع أخر,11,1,1,0,145,145,0,146,2022-4
4,منطقة القصيم,تعدين ركازات الفلزات,15,94,93,1,51,51,0,145,2022-10
1,منطقة الحدود الشمالية,إصلاح وتركيب الآلات والمعدات,47,17,14,3,126,126,0,143,2022-1
2,منطقة الحدود الشمالية,الأنشطة الأخرى للتعدين واستغلال المحاجر,12,28,15,13,115,115,0,143,2022-4
1,منطقة حائل,أنشطة المنظمات ذات العضوية,23,110,82,28,33,33,0,143,2022-1
2,منطقة القصيم,تعدين ركازات الفلزات,18,94,94,0,49,49,0,143,2022-4
2,منطقة تبوك,وكالات السفر ومشغّلو الجولات السياحية وخدمات الحجز والأنشطة المتصلة بها,36,43,23,20,99,98,1,142,2022-4
1,منطقة عسير,صنع الحواسيب والمنتجات الإلكترونية والبصرية,61,8,7,1,134,134,0,142,2022-1
1,منطقة الباحة,إصلاح أجهزة الحاسوب والسلع الشخصية والمنزلية,56,28,22,6,114,114,0,142,2022-1
4,منطقة تبوك,أنشطة الاستخدام,57,49,22,27,93,90,3,142,2022-10
3,منطقة الباحة,إصلاح أجهزة الحاسوب والسلع الشخصية والمنزلية,67,13,11,2,129,129,0,142,2022-7
2,منطقة عسير,وكالات السفر ومشغّلو الجولات السياحية وخدمات الحجز والأنشطة المتصلة بها,47,47,29,18,95,95,0,142,2022-4
3,منطقة القصيم,تعدين ركازات الفلزات,14,94,93,1,47,47,0,141,2022-7
2,منطقة جازان,توصيل الكهرباء والغاز والبخار وتكييف الهواء,20,24,14,10,117,117,0,141,2022-4
4,منطقة القصيم,الصرف الصحي,30,22,14,8,119,118,1,141,2022-10
3,منطقة المدينة المنورة,الرعاية مع الإقامة,10,102,39,63,38,28,10,140,2022-7
2,منطقة حائل,الصرف الصحي,16,27,22,5,112,112,0,139,2022-4
1,منطقة حائل,الطباعة واستنساخ وسائط الأعلام المسجّلة,29,35,21,14,104,104,0,139,2022-1
3,المنطقة الشرقية,أنشطة المكتبات والمحفوظات والمتاحف والأنشطة الثقافية الأخرى,35,33,19,14,106,105,1,139,2022-7
2,منطقة القصيم,توصيل الكهرباء والغاز والبخار وتكييف الهواء,17,26,22,4,113,113,0,139,2022-4
2,منطقة الجوف,تجميع المياه ومعالجتها وتوصيلها,17,35,22,13,103,103,0,138,2022-4
4,منطقة تبوك,صُنع الورق ومنتجات الورق,8,25,11,14,113,113,0,138,2022-10
1,منطقة جازان,صنع فحم الكوك والمنتجات النفطية المكررة,1,103,101,2,34,29,5,137,2022-1
3,منطقة عسير,أنشطة الخدمات المالية ، فيما عدا تمويل التأمين وصناديق المعاشات,30,66,34,32,71,71,0,137,2022-7
4,المنطقة الشرقية,أنشطة المكتبات والمحفوظات والمتاحف والأنشطة الثقافية الأخرى,35,35,20,15,102,101,1,137,2022-10
3,منطقة الحدود الشمالية,صنع منتجات المطاط واللدائن,2,25,4,21,112,112,0,137,2022-7
4,منطقة الحدود الشمالية,الأنشطة العقارية,45,29,21,8,108,107,1,137,2022-10
1,المنطقة الشرقية,أنشطة المعالجة وخدمات إدارة النفايات الأخرى,9,33,21,12,104,104,0,137,2022-1
3,منطقة تبوك,أنشطة الاستخدام,56,44,22,22,92,88,4,136,2022-7
1,منطقة القصيم,أنشطة الأمن والتحقيقات,18,101,93,8,35,35,0,136,2022-1
2,منطقة عسير,صنع الحواسيب والمنتجات الإلكترونية والبصرية,57,7,6,1,129,129,0,136,2022-4
2,منطقة عسير,الاتصالات,50,16,10,6,120,119,1,136,2022-4
4,منطقة القصيم,أنشطة الخدمات المالية ، فيما عدا تمويل التأمين وصناديق المعاشات,32,29,23,6,107,107,0,136,2022-10
2,منطقة القصيم,أنشطة النشر,8,3,2,1,132,132,0,135,2022-4
4,منطقة جازان,أنشطة الاستخدام,38,23,12,11,112,112,0,135,2022-10
2,منطقة الباحة,الأنشطة الأخرى للتعدين واستغلال المحاجر,5,32,14,18,103,103,0,135,2022-4
1,منطقة عسير,الاتصالات,46,15,8,7,120,119,1,135,2022-1
1,منطقة نجران,إصلاح وتركيب الآلات والمعدات,41,9,3,6,126,126,0,135,2022-1
1,منطقة الرياض,أنشطة المعالجة وخدمات إدارة النفايات الأخرى,6,24,22,2,111,111,0,135,2022-1
3,منطقة الباحة,الأنشطة الإدارية للمكاتب ، وأنشطة الدعم للمكاتب وغير ذلك من أنشطة الدعم للأعمال,46,38,33,5,96,96,0,134,2022-7
4,منطقة الجوف,تجميع المياه ومعالجتها وتوصيلها,20,22,16,6,112,112,0,134,2022-10
3,منطقة الجوف,تجميع المياه ومعالجتها وتوصيلها,17,31,20,11,103,103,0,134,2022-7
1,منطقة الباحة,الأنشطة الأخرى للتعدين واستغلال المحاجر,5,31,15,16,103,103,0,134,2022-1
2,منطقة الباحة,إصلاح أجهزة الحاسوب والسلع الشخصية والمنزلية,54,20,16,4,113,113,0,133,2022-4
4,منطقة الحدود الشمالية,صُنع الخشب ومنتجات الخشب والفلين ، باستثناء الأثاث ، صُنع أصناف من القش ومواد الضفر,57,9,4,5,124,124,0,133,2022-10
4,منطقة الباحة,الأنشطة العقارية,33,37,29,8,96,96,0,133,2022-10
2,منطقة المدينة المنورة,أنشطة المكتبات والمحفوظات والمتاحف والأنشطة الثقافية الأخرى,39,31,22,9,101,101,0,132,2022-4
1,منطقة نجران,صُنع المواد الكيميائية والمنتجات الكيميائية,19,22,16,6,110,110,0,132,2022-1
3,منطقة القصيم,الصرف الصحي,28,18,12,6,114,113,1,132,2022-7
1,منطقة حائل,وكالات السفر ومشغّلو الجولات السياحية وخدمات الحجز والأنشطة المتصلة بها,22,35,13,22,97,97,0,132,2022-1
3,منطقة الباحة,الأنشطة العقارية,30,41,32,9,90,90,0,131,2022-7
2,منطقة الجوف,أنشطة المنظمات ذات العضوية,30,76,58,18,55,54,1,131,2022-4
3,منطقة جازان,الإدارة العامة والدفاع ؛ والضمان الاجتماعي الإلزامي,40,10,5,5,121,118,3,131,2022-7
3,منطقة جازان,أنشطة جمع النفايات ومعالجتها وتصريفها ، واسترجاع المواد,10,26,14,12,104,104,0,130,2022-7
4,منطقة جازان,الرعاية مع الإقامة,5,113,6,107,17,6,11,130,2022-10
4,منطقة الحدود الشمالية,أنشطة الاستخدام,24,27,11,16,102,30,72,129,2022-10
2,منطقة جازان,صنع الحواسيب والمنتجات الإلكترونية والبصرية,33,8,7,1,120,120,0,128,2022-4
3,منطقة المدينة المنورة,توصيل الكهرباء والغاز والبخار وتكييف الهواء,22,75,72,3,53,53,0,128,2022-7
2,منطقة المدينة المنورة,أنشطة خدمات المعلومات,20,73,22,51,55,53,2,128,2022-4
3,منطقة الحدود الشمالية,صُنع الخشب ومنتجات الخشب والفلين ، باستثناء الأثاث ، صُنع أصناف من القش ومواد الضفر,56,8,5,3,120,120,0,128,2022-7
4,منطقة المدينة المنورة,توصيل الكهرباء والغاز والبخار وتكييف الهواء,23,74,69,5,54,54,0,128,2022-10
1,منطقة عسير,أنشطة النشر,12,33,22,11,94,94,0,127,2022-1
1,منطقة المدينة المنورة,أنشطة المكتبات والمحفوظات والمتاحف والأنشطة الثقافية الأخرى,38,30,23,7,97,97,0,127,2022-1
1,منطقة عسير,وكالات السفر ومشغّلو الجولات السياحية وخدمات الحجز والأنشطة المتصلة بها,38,43,25,18,84,84,0,127,2022-1
1,منطقة المدينة المنورة,أنشطة خدمات المعلومات,20,75,24,51,52,51,1,127,2022-1
4,منطقة الحدود الشمالية,الأنشطة الإدارية للمكاتب ، وأنشطة الدعم للمكاتب وغير ذلك من أنشطة الدعم للأعمال,51,18,8,10,109,109,0,127,2022-10
1,منطقة المدينة المنورة,الصرف الصحي,20,17,14,3,110,109,1,127,2022-1
1,منطقة جازان,صنع الحواسيب والمنتجات الإلكترونية والبصرية,31,10,9,1,117,117,0,127,2022-1
2,منطقة القصيم,أنشطة الأمن والتحقيقات,18,93,87,6,33,33,0,126,2022-4
1,منطقة جازان,توصيل الكهرباء والغاز والبخار وتكييف الهواء,19,26,17,9,100,99,1,126,2022-1
2,منطقة نجران,أنشطة المنظمات ذات العضوية,35,66,56,10,59,58,1,125,2022-4
4,منطقة جازان,صُنع الورق ومنتجات الورق,9,24,12,12,101,101,0,125,2022-10
2,منطقة الحدود الشمالية,صُنع الخشب ومنتجات الخشب والفلين ، باستثناء الأثاث ، صُنع أصناف من القش ومواد الضفر,49,11,6,5,113,113,0,124,2022-4
4,منطقة جازان,الإدارة العامة والدفاع ؛ والضمان الاجتماعي الإلزامي,39,7,2,5,117,114,3,124,2022-10
3,منطقة الحدود الشمالية,الأنشطة الإدارية للمكاتب ، وأنشطة الدعم للمكاتب وغير ذلك من أنشطة الدعم للأعمال,47,17,13,4,107,107,0,124,2022-7
2,منطقة المدينة المنورة,الصرف الصحي,20,13,9,4,111,111,0,124,2022-4
4,منطقة نجران,الأنشطة القانونية وأنشطة المحاسبة,41,22,16,6,101,99,2,123,2022-10
3,منطقة القصيم,الأنشطة البيطرية,25,34,31,3,89,88,1,123,2022-7
3,منطقة تبوك,صُنع الورق ومنتجات الورق,8,26,11,15,97,97,0,123,2022-7
1,منطقة عسير,تمويل التأمين وإعادة التأمين وصناديق المعاشات التقاعدية باستثناء الضمان الاجتماعي الإلزامي,2,99,97,2,24,24,0,123,2022-1
2,منطقة حائل,الطباعة واستنساخ وسائط الأعلام المسجّلة,27,33,25,8,90,90,0,123,2022-4
2,منطقة عسير,أنشطة النشر,11,30,20,10,92,92,0,122,2022-4
2,منطقة عسير,تمويل التأمين وإعادة التأمين وصناديق المعاشات التقاعدية باستثناء الضمان الاجتماعي الإلزامي,3,98,96,2,24,24,0,122,2022-4
3,منطقة المدينة المنورة,الإدارة العامة والدفاع ؛ والضمان الاجتماعي الإلزامي,38,33,24,9,89,87,2,122,2022-7
4,منطقة الجوف,الأنشطة القانونية وأنشطة المحاسبة,38,90,59,31,32,32,0,122,2022-10
2,منطقة الباحة,الأنشطة العقارية,25,42,32,10,79,79,0,121,2022-4
1,منطقة الجوف,إصلاح وتركيب الآلات والمعدات,44,11,6,5,110,110,0,121,2022-1
1,منطقة القصيم,أنشطة الخدمات المالية ، فيما عدا تمويل التأمين وصناديق المعاشات,28,44,43,1,77,77,0,121,2022-1
1,منطقة الجوف,أنشطة المنظمات ذات العضوية,25,61,48,13,60,59,1,121,2022-1
4,منطقة تبوك,الرعاية مع الإقامة,4,104,4,100,16,10,6,120,2022-10
4,منطقة نجران,أنشطة المنظمات ذات العضوية,33,74,61,13,46,45,1,120,2022-10
3,منطقة جازان,الرعاية مع الإقامة,5,103,7,96,17,7,10,120,2022-7
1,منطقة الجوف,تجميع المياه ومعالجتها وتوصيلها,15,25,20,5,94,94,0,119,2022-1
3,منطقة نجران,الأنشطة القانونية وأنشطة المحاسبة,43,19,15,4,99,98,1,118,2022-7
4,منطقة المدينة المنورة,الإدارة العامة والدفاع ؛ والضمان الاجتماعي الإلزامي,37,32,24,8,86,84,2,118,2022-10
3,منطقة تبوك,الإدارة العامة والدفاع ؛ والضمان الاجتماعي الإلزامي,18,58,28,30,60,58,2,118,2022-7
2,منطقة القصيم,الأنشطة البيطرية,17,34,30,4,84,84,0,118,2022-4
1,منطقة حائل,الصرف الصحي,16,21,15,6,97,97,0,118,2022-1
4,منطقة عسير,أنشطة الخدمات المالية ، فيما عدا تمويل التأمين وصناديق المعاشات,29,56,27,29,62,62,0,118,2022-10
2,المنطقة الشرقية,الأنشطة الإبداعية والفنون وأنشطة الترفيه,37,34,16,18,83,78,5,117,2022-4
2,منطقة القصيم,الصرف الصحي,25,15,6,9,101,100,1,116,2022-4
3,منطقة القصيم,صنع فحم الكوك والمنتجات النفطية المكررة,8,27,24,3,89,89,0,116,2022-7
1,منطقة القصيم,الصرف الصحي,25,17,9,8,98,97,1,115,2022-1
2,منطقة حائل,أنشطة الأمن والتحقيقات,8,104,97,7,11,11,0,115,2022-4
2,منطقة الباحة,الأنشطة الرياضية وأنشطة التسلية والترفيه,30,36,24,12,79,74,5,115,2022-4
1,منطقة الجوف,الأنشطة الأخرى للتعدين واستغلال المحاجر,12,19,16,3,96,96,0,115,2022-1
3,منطقة جازان,صُنع الورق ومنتجات الورق,9,24,10,14,91,91,0,115,2022-7
4,منطقة القصيم,صنع فحم الكوك والمنتجات النفطية المكررة,7,27,24,3,87,87,0,114,2022-10
1,منطقة القصيم,الأنشطة البيطرية,17,29,28,1,85,85,0,114,2022-1
2,منطقة القصيم,أنشطة الخدمات المالية ، فيما عدا تمويل التأمين وصناديق المعاشات,28,46,45,1,68,68,0,114,2022-4
3,منطقة نجران,أنشطة المنظمات ذات العضوية,34,67,59,8,47,46,1,114,2022-7
4,منطقة تبوك,الإدارة العامة والدفاع ؛ والضمان الاجتماعي الإلزامي,18,55,26,29,58,56,2,113,2022-10
1,منطقة نجران,أنشطة المنظمات ذات العضوية,32,58,51,7,55,53,2,113,2022-1
3,منطقة الباحة,صُنع المواد الكيميائية والمنتجات الكيميائية,10,18,8,10,95,95,0,113,2022-7
1,منطقة تبوك,صنع منتجات المطاط واللدائن,12,25,12,13,88,88,0,113,2022-1
3,منطقة المدينة المنورة,صُنع المنتجات الجلدية والمنتجات ذات الصلة,13,15,7,8,98,97,1,113,2022-7
1,منطقة الحدود الشمالية,صُنع الخشب ومنتجات الخشب والفلين ، باستثناء الأثاث ، صُنع أصناف من القش ومواد الضفر,45,13,8,5,100,100,0,113,2022-1
1,منطقة تبوك,وكالات السفر ومشغّلو الجولات السياحية وخدمات الحجز والأنشطة المتصلة بها,29,33,20,13,80,79,1,113,2022-1
2,منطقة جازان,أنشطة جمع النفايات ومعالجتها وتصريفها ، واسترجاع المواد,8,37,23,14,75,75,0,112,2022-4
4,منطقة المدينة المنورة,استخراج النفط الخام والغاز الطبيعي,2,76,76,0,36,36,0,112,2022-10
3,منطقة المدينة المنورة,استخراج النفط الخام والغاز الطبيعي,2,76,76,0,36,36,0,112,2022-7
1,منطقة تبوك,الرعاية مع الإقامة,3,90,26,64,21,17,4,111,2022-1
4,منطقة الباحة,صُنع المواد الكيميائية والمنتجات الكيميائية,9,22,10,12,89,89,0,111,2022-10
1,المنطقة الشرقية,الأنشطة الإبداعية والفنون وأنشطة الترفيه,32,30,15,15,81,75,6,111,2022-1
3,منطقة جازان,النقل المائي,13,62,41,21,48,48,0,110,2022-7
3,منطقة عسير,الأنشطة البيطرية,33,35,11,24,75,73,2,110,2022-7
2,منطقة جازان,الأنشطة القانونية وأنشطة المحاسبة,33,76,52,24,34,34,0,110,2022-4
1,منطقة جازان,أنشطة المكاتب الرئيسية، والأنشطة الاستشارية في مجال الإدارة,8,52,32,20,57,57,0,109,2022-1
2,منطقة الجوف,الأنشطة الأخرى للتعدين واستغلال المحاجر,14,17,14,3,92,92,0,109,2022-4
2,منطقة جازان,أنشطة الاستخدام,38,20,12,8,89,89,0,109,2022-4
2,منطقة الحدود الشمالية,صنع منتجات المطاط واللدائن,2,3,1,2,106,106,0,109,2022-4
2,منطقة حائل,أنشطة النشر,32,6,2,4,102,102,0,108,2022-4
3,منطقة عسير,أنشطة النشر,13,23,16,7,85,85,0,108,2022-7
3,منطقة جازان,الأنشطة المهنية والعلمية والتقنية الأخرى,46,29,3,26,79,74,5,108,2022-7
4,منطقة المدينة المنورة,أنشطة خدمات المعلومات,17,70,23,47,38,36,2,108,2022-10
3,منطقة المدينة المنورة,أنشطة خدمات المعلومات,17,72,22,50,36,34,2,108,2022-7
2,منطقة تبوك,صنع منتجات المطاط واللدائن,12,20,10,10,88,88,0,108,2022-4
4,منطقة عسير,الاتصالات,50,22,15,7,85,84,1,107,2022-10
4,منطقة جازان,النقل المائي,14,61,41,20,46,46,0,107,2022-10
3,منطقة الحدود الشمالية,أبحاث الإعلان والسوق,32,24,13,11,83,83,0,107,2022-7
4,منطقة تبوك,الأنشطة المهنية والعلمية والتقنية الأخرى,48,15,10,5,92,88,4,107,2022-10
4,منطقة نجران,صُنع الورق ومنتجات الورق,23,8,4,4,98,98,0,106,2022-10
3,منطقة عسير,صنع الحواسيب والمنتجات الإلكترونية والبصرية,45,6,3,3,100,100,0,106,2022-7
3,منطقة تبوك,الطباعة واستنساخ وسائط الأعلام المسجّلة,23,27,13,14,79,78,1,106,2022-7
2,منطقة المدينة المنورة,توصيل الكهرباء والغاز والبخار وتكييف الهواء,19,40,38,2,66,66,0,106,2022-4
3,منطقة عسير,الاتصالات,46,20,13,7,85,85,0,105,2022-7
3,منطقة تبوك,الرعاية مع الإقامة,4,91,2,89,14,8,6,105,2022-7
4,منطقة حائل,الأنشطة القانونية وأنشطة المحاسبة,36,63,50,13,42,40,2,105,2022-10
4,منطقة عسير,أنشطة النشر,12,22,15,7,82,82,0,104,2022-10
4,منطقة الحدود الشمالية,أبحاث الإعلان والسوق,34,22,10,12,82,82,0,104,2022-10
4,منطقة تبوك,الطباعة واستنساخ وسائط الأعلام المسجّلة,24,24,10,14,80,79,1,104,2022-10
2,منطقة جازان,صناعة الآلات والمعدات غير المصنفة في موضع أخر,26,11,8,3,93,93,0,104,2022-4
3,منطقة جازان,أنشطة الاستخدام,37,15,11,4,88,88,0,103,2022-7
3,منطقة عسير,تعدين ركازات الفلزات,40,9,5,4,94,94,0,103,2022-7
4,منطقة المدينة المنورة,صُنع المنتجات الجلدية والمنتجات ذات الصلة,13,13,5,8,90,89,1,103,2022-10
4,منطقة المدينة المنورة,الرعاية مع الإقامة,10,66,41,25,37,27,10,103,2022-10
4,منطقة الباحة,إصلاح وتركيب الآلات والمعدات,53,11,8,3,92,92,0,103,2022-10
4,منطقة جازان,الأنشطة المهنية والعلمية والتقنية الأخرى,49,20,4,16,82,79,3,102,2022-10
1,منطقة المدينة المنورة,توصيل الكهرباء والغاز والبخار وتكييف الهواء,19,38,37,1,64,64,0,102,2022-1
4,منطقة حائل,أنشطة المنظمات ذات العضوية,27,49,25,24,53,53,0,102,2022-10
2,منطقة جازان,أنشطة المكاتب الرئيسية، والأنشطة الاستشارية في مجال الإدارة,8,47,25,22,55,55,0,102,2022-4
2,منطقة الحدود الشمالية,أبحاث الإعلان والسوق,24,23,12,11,79,79,0,102,2022-4
3,منطقة حائل,أنشطة المنظمات ذات العضوية,28,50,26,24,52,52,0,102,2022-7
1,منطقة جازان,صناعة المركبات ذات المحركات والمركبات المقطورة ونصف المقطورة,22,15,3,12,86,86,0,101,2022-1
1,منطقة جازان,صناعة الآلات والمعدات غير المصنفة في موضع أخر,25,6,4,2,95,95,0,101,2022-1
3,منطقة الجوف,الأنشطة القانونية وأنشطة المحاسبة,31,72,48,24,29,29,0,101,2022-7
3,منطقة نجران,صُنع الورق ومنتجات الورق,25,9,3,6,92,92,0,101,2022-7
4,منطقة عسير,تعدين ركازات الفلزات,41,8,4,4,93,93,0,101,2022-10
3,منطقة حائل,أنشطة النشر,26,7,4,3,94,94,0,101,2022-7
3,المنطقة الشرقية,الأنشطة الإبداعية والفنون وأنشطة الترفيه,34,33,15,18,68,63,5,101,2022-7
4,منطقة تبوك,الأنشطة القانونية وأنشطة المحاسبة,34,78,34,44,22,22,0,100,2022-10
1,منطقة تبوك,صيد الأسماك وتربية المائيات,44,8,4,4,92,91,1,100,2022-1
2,منطقة المدينة المنورة,صنع الحواسيب والمنتجات الإلكترونية والبصرية,26,13,8,5,87,87,0,100,2022-4
4,منطقة تبوك,النقل المائي,16,40,26,14,60,48,12,100,2022-10
2,منطقة القصيم,الرعاية مع الإقامة,7,47,11,36,53,44,9,100,2022-4
1,منطقة المدينة المنورة,الاتصالات,43,30,10,20,70,67,3,100,2022-1
1,منطقة الحدود الشمالية,صُنع المنسوجات,29,11,8,3,89,86,3,100,2022-1
1,منطقة الباحة,الأنشطة الرياضية وأنشطة التسلية والترفيه,27,28,20,8,71,66,5,99,2022-1
1,منطقة المدينة المنورة,صنع الحواسيب والمنتجات الإلكترونية والبصرية,26,15,10,5,84,84,0,99,2022-1
2,منطقة الباحة,صُنع المنسوجات,23,12,6,6,87,86,1,99,2022-4
4,منطقة الباحة,الأنشطة الرياضية وأنشطة التسلية والترفيه,29,27,15,12,71,64,7,98,2022-10
1,منطقة الباحة,صُنع المنسوجات,21,12,6,6,86,85,1,98,2022-1
2,منطقة الجوف,الأنشطة القانونية وأنشطة المحاسبة,32,66,45,21,32,32,0,98,2022-4
3,منطقة حائل,أنشطة الأمن والتحقيقات,6,87,82,5,11,11,0,98,2022-7
3,منطقة تبوك,النقل المائي,15,41,26,15,57,45,12,98,2022-7
3,منطقة الباحة,إصلاح وتركيب الآلات والمعدات,49,13,9,4,84,84,0,97,2022-7
3,منطقة الباحة,الأنشطة الرياضية وأنشطة التسلية والترفيه,32,25,14,11,72,64,8,97,2022-7
1,منطقة جازان,صنع المعدات الكهربائية,32,2,1,1,95,95,0,97,2022-1
4,منطقة الجوف,صُنع المشروبات,9,22,10,12,75,75,0,97,2022-10
2,منطقة المدينة المنورة,الرعاية مع الإقامة,10,52,32,20,44,33,11,96,2022-4
2,منطقة نجران,الأنشطة القانونية وأنشطة المحاسبة,35,15,12,3,81,80,1,96,2022-4
4,منطقة الجوف,الأنشطة الأخرى للتعدين واستغلال المحاجر,14,21,17,4,75,75,0,96,2022-10
4,منطقة عسير,الأنشطة البيطرية,34,16,8,8,80,76,4,96,2022-10
2,منطقة تبوك,النقل الجوي,8,26,21,5,69,69,0,95,2022-4
3,منطقة الجوف,صُنع المشروبات,10,22,11,11,73,73,0,95,2022-7
2,منطقة المدينة المنورة,الاتصالات,41,28,11,17,67,65,2,95,2022-4
3,منطقة حائل,الأنشطة القانونية وأنشطة المحاسبة,32,56,42,14,38,38,0,94,2022-7
3,منطقة الجوف,الأنشطة الأخرى للتعدين واستغلال المحاجر,14,17,15,2,77,77,0,94,2022-7
4,المنطقة الشرقية,الأنشطة الإبداعية والفنون وأنشطة الترفيه,32,31,13,18,63,58,5,94,2022-10
2,منطقة عسير,الأنشطة البيطرية,25,39,12,27,55,54,1,94,2022-4
4,منطقة عسير,صنع الحواسيب والمنتجات الإلكترونية والبصرية,41,6,4,2,87,87,0,93,2022-10
4,منطقة حائل,أنشطة النشر,25,4,0,4,89,89,0,93,2022-10
1,منطقة الجوف,صُنع المشروبات,9,24,11,13,69,69,0,93,2022-1
2,منطقة الجوف,صُنع المشروبات,10,20,9,11,73,73,0,93,2022-4
2,منطقة جازان,صُنع الورق ومنتجات الورق,8,22,10,12,71,71,0,93,2022-4
4,منطقة حائل,أنشطة الأمن والتحقيقات,5,83,78,5,10,10,0,93,2022-10
2,منطقة جازان,صنع المعدات الكهربائية,33,2,1,1,90,90,0,92,2022-4
2,منطقة حائل,أنشطة الخدمات المالية ، فيما عدا تمويل التأمين وصناديق المعاشات,26,24,17,7,68,68,0,92,2022-4
4,منطقة الجوف,أنشطة المنظمات ذات العضوية,25,54,41,13,38,38,0,92,2022-10
3,منطقة تبوك,الأنشطة المهنية والعلمية والتقنية الأخرى,41,10,6,4,82,80,2,92,2022-7
3,منطقة الرياض,أنشطة المكتبات والمحفوظات والمتاحف والأنشطة الثقافية الأخرى,27,24,13,11,68,66,2,92,2022-7
1,منطقة حائل,أنشطة النشر,31,3,1,2,88,88,0,91,2022-1
1,منطقة تبوك,النقل الجوي,8,22,19,3,69,69,0,91,2022-1
3,منطقة الباحة,أبحاث الإعلان والسوق,30,35,13,22,56,56,0,91,2022-7
3,منطقة حائل,صُنع الورق ومنتجات الورق,9,13,7,6,78,78,0,91,2022-7
1,منطقة جازان,الأنشطة القانونية وأنشطة المحاسبة,28,52,40,12,39,39,0,91,2022-1
4,منطقة المدينة المنورة,الاتصالات,35,29,15,14,61,61,0,90,2022-10
1,منطقة الحدود الشمالية,التخزين وأنشطة الدعم للنقل,30,6,4,2,84,84,0,90,2022-1
2,منطقة تبوك,صُنع الورق ومنتجات الورق,8,23,11,12,67,67,0,90,2022-4
2,منطقة عسير,الرعاية مع الإقامة,9,59,2,57,31,12,19,90,2022-4
3,منطقة تبوك,صناعة المركبات ذات المحركات والمركبات المقطورة ونصف المقطورة,5,24,12,12,66,66,0,90,2022-7
4,منطقة حائل,صُنع الورق ومنتجات الورق,9,10,2,8,80,80,0,90,2022-10
3,منطقة نجران,أنشطة النشر,4,2,2,0,88,88,0,90,2022-7
2,منطقة الحدود الشمالية,صُنع المنسوجات,28,9,6,3,81,81,0,90,2022-4
3,منطقة الجوف,أنشطة المنظمات ذات العضوية,25,51,39,12,38,38,0,89,2022-7
4,منطقة الباحة,صُنع المنسوجات,23,10,6,4,78,77,1,88,2022-10
3,منطقة عسير,صنع فحم الكوك والمنتجات النفطية المكررة,2,22,11,11,66,66,0,88,2022-7
1,منطقة جازان,أنشطة الاستخدام,35,14,7,7,74,74,0,88,2022-1
2,منطقة الحدود الشمالية,صيد الأسماك وتربية المائيات,38,4,2,2,84,84,0,88,2022-4
3,منطقة عسير,الإدارة العامة والدفاع ؛ والضمان الاجتماعي الإلزامي,25,15,10,5,73,73,0,88,2022-7
2,منطقة تبوك,الطباعة واستنساخ وسائط الأعلام المسجّلة,19,23,11,12,64,62,2,87,2022-4
2,منطقة تبوك,النقل المائي,16,34,25,9,53,41,12,87,2022-4
3,منطقة الباحة,صُنع المنسوجات,23,11,6,5,76,75,1,87,2022-7
2,منطقة حائل,النقل الجوي,19,11,7,4,75,75,0,86,2022-4
4,منطقة الحدود الشمالية,أنشطة الخدمات المالية ، فيما عدا تمويل التأمين وصناديق المعاشات,6,0,0,0,86,86,0,86,2022-10
2,منطقة الباحة,إصلاح وتركيب الآلات والمعدات,38,9,8,1,77,77,0,86,2022-4
3,منطقة الحدود الشمالية,أنشطة الخدمات المالية ، فيما عدا تمويل التأمين وصناديق المعاشات,7,0,0,0,86,86,0,86,2022-7
3,منطقة عسير,الأنشطة الإبداعية والفنون وأنشطة الترفيه,12,25,6,19,61,61,0,86,2022-7
1,منطقة عسير,أنشطة خدمات دعم التعدين,18,16,14,2,70,70,0,86,2022-1
3,منطقة الحدود الشمالية,أنشطة الاستخدام,21,22,8,14,63,34,29,85,2022-7
2,منطقة الجوف,أنشطة الاستخدام,26,41,17,24,44,44,0,85,2022-4
1,منطقة الحدود الشمالية,أنشطة الاستخدام,18,23,6,17,62,32,30,85,2022-1
1,منطقة جازان,صُنع الورق ومنتجات الورق,7,23,10,13,62,62,0,85,2022-1
1,منطقة نجران,الاتصالات,21,3,0,3,82,80,2,85,2022-1
4,منطقة الرياض,أنشطة المكتبات والمحفوظات والمتاحف والأنشطة الثقافية الأخرى,26,21,11,10,64,62,2,85,2022-10
4,منطقة عسير,الأنشطة الإبداعية والفنون وأنشطة الترفيه,12,26,7,19,59,59,0,85,2022-10
4,منطقة جازان,صُنع المنسوجات,33,6,4,2,79,79,0,85,2022-10
4,منطقة عسير,صنع فحم الكوك والمنتجات النفطية المكررة,2,21,11,10,63,63,0,84,2022-10
2,منطقة جازان,الأنشطة المهنية والعلمية والتقنية الأخرى,38,23,4,19,61,58,3,84,2022-4
2,منطقة الحدود الشمالية,أنشطة الخدمات المالية ، فيما عدا تمويل التأمين وصناديق المعاشات,10,5,0,5,79,79,0,84,2022-4
3,منطقة المدينة المنورة,الاتصالات,34,26,10,16,58,58,0,84,2022-7
2,منطقة جازان,صناعة المركبات ذات المحركات والمركبات المقطورة ونصف المقطورة,19,11,3,8,73,73,0,84,2022-4
4,منطقة الباحة,أبحاث الإعلان والسوق,30,24,16,8,59,59,0,83,2022-10
1,منطقة نجران,الأنشطة القانونية وأنشطة المحاسبة,30,14,11,3,69,69,0,83,2022-1
3,منطقة المدينة المنورة,أنشطة المكتبات والمحفوظات والمتاحف والأنشطة الثقافية الأخرى,30,15,10,5,68,68,0,83,2022-7
1,منطقة حائل,الأنشطة القانونية وأنشطة المحاسبة,24,46,32,14,37,37,0,83,2022-1
4,منطقة جازان,وكالات السفر ومشغّلو الجولات السياحية وخدمات الحجز والأنشطة المتصلة بها,26,25,9,16,58,58,0,83,2022-10
3,منطقة الحدود الشمالية,تجميع المياه ومعالجتها وتوصيلها,24,8,7,1,75,75,0,83,2022-7
2,منطقة القصيم,صنع فحم الكوك والمنتجات النفطية المكررة,7,23,21,2,59,59,0,82,2022-4
2,منطقة الحدود الشمالية,تجميع المياه ومعالجتها وتوصيلها,22,9,7,2,73,73,0,82,2022-4
4,منطقة الحدود الشمالية,صُنع المنسوجات,29,7,6,1,75,75,0,82,2022-10
3,منطقة جازان,أنشطة البرمجة الحاسوبية والخبرة الاستشارية وما يتصل بها من أنشطة,31,18,11,7,64,64,0,82,2022-7
1,منطقة الجوف,الأنشطة القانونية وأنشطة المحاسبة,30,52,35,17,29,29,0,81,2022-1
1,منطقة تبوك,الطباعة واستنساخ وسائط الأعلام المسجّلة,20,22,12,10,59,57,2,81,2022-1
3,منطقة جازان,صناعة الآلات والمعدات غير المصنفة في موضع أخر,23,7,4,3,74,74,0,81,2022-7
4,منطقة الحدود الشمالية,تجميع المياه ومعالجتها وتوصيلها,23,8,7,1,73,73,0,81,2022-10
4,منطقة الجوف,أنشطة الاستخدام,31,48,24,24,33,33,0,81,2022-10
2,منطقة الحدود الشمالية,التخزين وأنشطة الدعم للنقل,32,8,6,2,73,73,0,81,2022-4
3,منطقة جازان,صُنع المنسوجات,31,4,3,1,77,77,0,81,2022-7
3,منطقة القصيم,أنشطة النشر,10,3,2,1,78,78,0,81,2022-7
2,منطقة حائل,الأنشطة القانونية وأنشطة المحاسبة,30,42,31,11,38,38,0,80,2022-4
1,منطقة حائل,أنشطة الخدمات المالية ، فيما عدا تمويل التأمين وصناديق المعاشات,26,15,14,1,65,65,0,80,2022-1
1,منطقة الباحة,صُنع المواد الكيميائية والمنتجات الكيميائية,8,5,4,1,75,75,0,80,2022-1
1,منطقة نجران,صناعة الآلات والمعدات غير المصنفة في موضع أخر,10,1,0,1,79,79,0,80,2022-1
1,منطقة المدينة المنورة,أنشطة خدمات دعم التعدين,11,25,11,14,55,55,0,80,2022-1
3,منطقة حائل,الطباعة واستنساخ وسائط الأعلام المسجّلة,25,17,11,6,63,63,0,80,2022-7
1,منطقة الجوف,أنشطة الاستخدام,25,44,22,22,36,36,0,80,2022-1
1,منطقة جازان,الأنشطة المهنية والعلمية والتقنية الأخرى,35,19,7,12,60,55,5,79,2022-1
2,منطقة الباحة,صُنع المواد الكيميائية والمنتجات الكيميائية,9,5,4,1,74,74,0,79,2022-4
3,منطقة جازان,وكالات السفر ومشغّلو الجولات السياحية وخدمات الحجز والأنشطة المتصلة بها,28,25,8,17,54,54,0,79,2022-7
1,منطقة جازان,أنشطة الخدمات المالية ، فيما عدا تمويل التأمين وصناديق المعاشات,22,16,15,1,63,63,0,79,2022-1
3,منطقة الجوف,أنشطة الاستخدام,30,42,17,25,36,36,0,78,2022-7
3,منطقة الحدود الشمالية,صُنع المنسوجات,29,6,4,2,72,72,0,78,2022-7
4,منطقة جازان,أنشطة البرمجة الحاسوبية والخبرة الاستشارية وما يتصل بها من أنشطة,31,10,7,3,68,68,0,78,2022-10
4,منطقة الباحة,التخزين وأنشطة الدعم للنقل,28,12,7,5,66,66,0,78,2022-10
2,منطقة نجران,صُنع الورق ومنتجات الورق,25,4,3,1,74,74,0,78,2022-4
2,منطقة الحدود الشمالية,أنشطة الاستخدام,18,19,8,11,59,30,29,78,2022-4
2,منطقة عسير,أنشطة البريد ونقل الرسائل والطرود بواسطة مندوبين,13,35,32,3,43,42,1,78,2022-4
3,منطقة تبوك,الأنشطة القانونية وأنشطة المحاسبة,25,61,25,36,17,17,0,78,2022-7
2,منطقة نجران,الاتصالات,23,7,4,3,71,69,2,78,2022-4
3,منطقة الباحة,التخزين وأنشطة الدعم للنقل,29,12,6,6,66,66,0,78,2022-7
4,منطقة جازان,صناعة الآلات والمعدات غير المصنفة في موضع أخر,22,5,2,3,73,73,0,78,2022-10
2,منطقة المدينة المنورة,أنشطة خدمات دعم التعدين,10,23,10,13,54,54,0,77,2022-4
2,منطقة جازان,أنشطة البرمجة الحاسوبية والخبرة الاستشارية وما يتصل بها من أنشطة,27,11,6,5,66,66,0,77,2022-4
4,منطقة عسير,الإدارة العامة والدفاع ؛ والضمان الاجتماعي الإلزامي,25,8,2,6,69,69,0,77,2022-10
1,منطقة الباحة,أبحاث الإعلان والسوق,20,19,10,9,58,58,0,77,2022-1
4,منطقة نجران,أنشطة النشر,5,2,1,1,75,75,0,77,2022-10
3,منطقة المدينة المنورة,صنع الحواسيب والمنتجات الإلكترونية والبصرية,19,21,18,3,56,56,0,77,2022-7
1,منطقة الحدود الشمالية,تجميع المياه ومعالجتها وتوصيلها,21,9,7,2,68,68,0,77,2022-1
4,منطقة المدينة المنورة,صنع الحواسيب والمنتجات الإلكترونية والبصرية,19,19,17,2,58,58,0,77,2022-10
1,منطقة تبوك,الأنشطة المهنية والعلمية والتقنية الأخرى,31,14,5,9,62,61,1,76,2022-1
1,منطقة الباحة,إصلاح وتركيب الآلات والمعدات,34,9,7,2,67,67,0,76,2022-1
3,منطقة الرياض,تعدين الفحم والليغنيت,14,9,7,2,67,67,0,76,2022-7
3,منطقة عسير,صنع المنتجات الصيدلانية الأساسية والمستحضرات الصيدلانية,7,21,7,14,55,50,5,76,2022-7
3,منطقة جازان,صنع المعدات الكهربائية,27,3,2,1,73,73,0,76,2022-7
1,منطقة جازان,أنشطة البرمجة الحاسوبية والخبرة الاستشارية وما يتصل بها من أنشطة,25,8,6,2,68,68,0,76,2022-1
4,منطقة عسير,صنع المنتجات الصيدلانية الأساسية والمستحضرات الصيدلانية,8,19,6,13,57,51,6,76,2022-10
3,منطقة حائل,النقل الجوي,17,12,11,1,64,64,0,76,2022-7
2,منطقة تبوك,الأنشطة المهنية والعلمية والتقنية الأخرى,32,6,3,3,69,67,2,75,2022-4
2,منطقة عسير,أنشطة خدمات دعم التعدين,16,15,13,2,59,59,0,74,2022-4
1,منطقة الحدود الشمالية,أبحاث الإعلان والسوق,17,18,10,8,56,56,0,74,2022-1
4,منطقة الرياض,تعدين الفحم والليغنيت,15,8,6,2,66,66,0,74,2022-10
4,منطقة المدينة المنورة,أنشطة المكتبات والمحفوظات والمتاحف والأنشطة الثقافية الأخرى,30,17,12,5,56,56,0,73,2022-10
4,منطقة تبوك,صناعة المركبات ذات المحركات والمركبات المقطورة ونصف المقطورة,5,15,7,8,58,58,0,73,2022-10
2,منطقة عسير,صنع المنتجات الصيدلانية الأساسية والمستحضرات الصيدلانية,6,18,5,13,55,51,4,73,2022-4
2,منطقة جازان,الصناعة التحويلية الأخرى,21,11,9,2,62,62,0,73,2022-4
2,منطقة الباحة,أبحاث الإعلان والسوق,20,21,11,10,52,52,0,73,2022-4
4,منطقة جازان,صنع المعدات الكهربائية,27,1,1,0,72,72,0,73,2022-10
4,منطقة حائل,النقل الجوي,17,9,8,1,63,62,1,72,2022-10
4,منطقة الباحة,تجميع المياه ومعالجتها وتوصيلها,32,7,3,4,65,65,0,72,2022-10
4,منطقة حائل,الطباعة واستنساخ وسائط الأعلام المسجّلة,23,15,8,7,57,57,0,72,2022-10
4,منطقة نجران,وكالات السفر ومشغّلو الجولات السياحية وخدمات الحجز والأنشطة المتصلة بها,16,18,7,11,54,54,0,72,2022-10
1,منطقة جازان,الصناعة التحويلية الأخرى,19,9,7,2,63,63,0,72,2022-1
1,منطقة جازان,صُنع المنسوجات,23,5,4,1,66,66,0,71,2022-1
4,منطقة الجوف,أنشطة الأمن والتحقيقات,9,68,52,16,3,3,0,71,2022-10
1,منطقة حائل,النقل الجوي,18,9,5,4,62,62,0,71,2022-1
4,منطقة جازان,الصناعة التحويلية الأخرى,21,4,4,0,67,66,1,71,2022-10
1,منطقة تبوك,توصيل الكهرباء والغاز والبخار وتكييف الهواء,16,11,7,4,60,60,0,71,2022-1
2,منطقة المدينة المنورة,الأنشطة البيطرية,22,11,5,6,59,52,7,70,2022-4
1,منطقة حائل,أنشطة البرمجة الحاسوبية والخبرة الاستشارية وما يتصل بها من أنشطة,17,12,5,7,58,58,0,70,2022-1
1,منطقة عسير,أنشطة البريد ونقل الرسائل والطرود بواسطة مندوبين,12,37,34,3,33,32,1,70,2022-1
2,منطقة جازان,صُنع المنسوجات,26,5,4,1,65,65,0,70,2022-4
2,منطقة جازان,وكالات السفر ومشغّلو الجولات السياحية وخدمات الحجز والأنشطة المتصلة بها,24,25,10,15,44,44,0,69,2022-4
2,منطقة الجوف,أنشطة الأمن والتحقيقات,3,67,50,17,2,2,0,69,2022-4
2,منطقة تبوك,توصيل الكهرباء والغاز والبخار وتكييف الهواء,17,11,6,5,57,57,0,68,2022-4
1,منطقة القصيم,صنع فحم الكوك والمنتجات النفطية المكررة,4,20,19,1,48,48,0,68,2022-1
1,منطقة عسير,أنشطة المكتبات والمحفوظات والمتاحف والأنشطة الثقافية الأخرى,16,16,10,6,52,52,0,68,2022-1
3,منطقة الباحة,تجميع المياه ومعالجتها وتوصيلها,29,7,4,3,61,61,0,68,2022-7
2,منطقة حائل,أنشطة البرمجة الحاسوبية والخبرة الاستشارية وما يتصل بها من أنشطة,15,10,4,6,58,58,0,68,2022-4
2,منطقة جازان,الرعاية مع الإقامة,5,53,17,36,15,9,6,68,2022-4
1,منطقة المدينة المنورة,الأنشطة البيطرية,21,12,7,5,55,51,4,67,2022-1
1,منطقة عسير,الأنشطة البيطرية,23,10,7,3,57,56,1,67,2022-1
1,منطقة الحدود الشمالية,أنشطة الخدمات المالية ، فيما عدا تمويل التأمين وصناديق المعاشات,11,8,2,6,59,59,0,67,2022-1
2,منطقة حائل,صُنع الورق ومنتجات الورق,8,13,7,6,54,54,0,67,2022-4
3,منطقة جازان,الصناعة التحويلية الأخرى,20,6,6,0,60,59,1,66,2022-7
1,منطقة الجوف,أنشطة الأمن والتحقيقات,3,66,49,17,0,0,0,66,2022-1
2,منطقة عسير,الأنشطة الإبداعية والفنون وأنشطة الترفيه,13,28,6,22,38,38,0,66,2022-4
1,منطقة تبوك,النقل المائي,14,31,25,6,35,23,12,66,2022-1
3,منطقة الجوف,أنشطة الأمن والتحقيقات,7,65,49,16,1,1,0,66,2022-7
3,منطقة جازان,الصرف الصحي,24,7,5,2,58,58,0,65,2022-7
2,منطقة جازان,أنشطة الخدمات المالية ، فيما عدا تمويل التأمين وصناديق المعاشات,20,12,12,0,53,53,0,65,2022-4
1,منطقة نجران,صُنع الورق ومنتجات الورق,21,5,2,3,60,60,0,65,2022-1
1,منطقة نجران,وكالات السفر ومشغّلو الجولات السياحية وخدمات الحجز والأنشطة المتصلة بها,11,16,7,9,49,49,0,65,2022-1
4,منطقة جازان,الصرف الصحي,25,5,5,0,60,60,0,65,2022-10
1,منطقة الجوف,وكالات السفر ومشغّلو الجولات السياحية وخدمات الحجز والأنشطة المتصلة بها,10,16,12,4,49,48,1,65,2022-1
4,منطقة القصيم,أنشطة النشر,11,2,1,1,63,63,0,65,2022-10
3,منطقة نجران,وكالات السفر ومشغّلو الجولات السياحية وخدمات الحجز والأنشطة المتصلة بها,13,16,8,8,49,49,0,65,2022-7
3,منطقة جازان,صناعة المركبات ذات المحركات والمركبات المقطورة ونصف المقطورة,14,7,3,4,58,58,0,65,2022-7
2,منطقة الجوف,وكالات السفر ومشغّلو الجولات السياحية وخدمات الحجز والأنشطة المتصلة بها,10,18,13,5,47,46,1,65,2022-4
2,منطقة الباحة,الطباعة واستنساخ وسائط الأعلام المسجّلة,11,19,9,10,45,45,0,64,2022-4
3,منطقة الباحة,الإدارة العامة والدفاع ؛ والضمان الاجتماعي الإلزامي,10,24,11,13,40,23,17,64,2022-7
4,منطقة الجوف,وكالات السفر ومشغّلو الجولات السياحية وخدمات الحجز والأنشطة المتصلة بها,18,17,9,8,47,47,0,64,2022-10
3,منطقة المدينة المنورة,الأنشطة البيطرية,20,15,9,6,49,43,6,64,2022-7
4,منطقة نجران,الأنشطة المهنية والعلمية والتقنية الأخرى,31,1,0,1,63,59,4,64,2022-10
1,منطقة تبوك,صُنع الورق ومنتجات الورق,7,15,7,8,49,49,0,64,2022-1
4,منطقة المدينة المنورة,الأنشطة المساعدة لأنشطة الخدمات المالية وأنشطة التأمين,15,50,41,9,14,14,0,64,2022-10
1,منطقة جازان,الرعاية مع الإقامة,6,58,15,43,6,4,2,64,2022-1
1,منطقة حائل,الاتصالات,24,10,3,7,54,53,1,64,2022-1
2,منطقة نجران,وكالات السفر ومشغّلو الجولات السياحية وخدمات الحجز والأنشطة المتصلة بها,13,9,6,3,54,54,0,63,2022-4
1,المنطقة الشرقية,أنشطة البرمجة والإذاعة,12,17,8,9,46,45,1,63,2022-1
1,منطقة نجران,الأنشطة المهنية والعلمية والتقنية الأخرى,26,2,2,0,61,58,3,63,2022-1
3,منطقة نجران,الأنشطة المهنية والعلمية والتقنية الأخرى,31,2,1,1,61,57,4,63,2022-7
4,منطقة الباحة,الإدارة العامة والدفاع ؛ والضمان الاجتماعي الإلزامي,10,24,11,13,38,22,16,62,2022-10
2,منطقة الباحة,صيد الأسماك وتربية المائيات,27,6,5,1,56,56,0,62,2022-4
3,منطقة الجوف,وكالات السفر ومشغّلو الجولات السياحية وخدمات الحجز والأنشطة المتصلة بها,17,17,9,8,45,45,0,62,2022-7
1,منطقة الجوف,الأنشطة المهنية والعلمية والتقنية الأخرى,19,6,5,1,55,53,2,61,2022-1
2,منطقة الجوف,الأنشطة المهنية والعلمية والتقنية الأخرى,19,8,6,2,53,51,2,61,2022-4
4,منطقة جازان,الطباعة واستنساخ وسائط الأعلام المسجّلة,15,12,6,6,48,48,0,60,2022-10
2,منطقة نجران,الأنشطة المهنية والعلمية والتقنية الأخرى,27,1,1,0,59,56,3,60,2022-4
3,منطقة حائل,أنشطة الخدمات المالية ، فيما عدا تمويل التأمين وصناديق المعاشات,20,10,6,4,50,50,0,60,2022-7
2,منطقة نجران,أنشطة جمع النفايات ومعالجتها وتصريفها ، واسترجاع المواد,13,7,4,3,53,53,0,60,2022-4
3,المنطقة الشرقية,أنشطة البرمجة والإذاعة,16,16,8,8,44,43,1,60,2022-7
2,منطقة حائل,الاتصالات,24,12,0,12,48,47,1,60,2022-4
2,منطقة نجران,صنع المعدات الكهربائية,10,9,5,4,50,50,0,59,2022-4
4,منطقة جازان,صناعة المركبات ذات المحركات والمركبات المقطورة ونصف المقطورة,14,4,1,3,55,55,0,59,2022-10
3,منطقة تبوك,النقل الجوي,9,16,12,4,43,43,0,59,2022-7
1,منطقة جازان,أنشطة المكتبات والمحفوظات والمتاحف والأنشطة الثقافية الأخرى,16,6,4,2,53,53,0,59,2022-1
1,منطقة القصيم,تعدين ركازات الفلزات,20,5,4,1,54,54,0,59,2022-1
4,منطقة حائل,الأنشطة المهنية والعلمية والتقنية الأخرى,30,6,0,6,53,49,4,59,2022-10
4,منطقة حائل,أنشطة البرمجة الحاسوبية والخبرة الاستشارية وما يتصل بها من أنشطة,17,12,4,8,47,47,0,59,2022-10
1,منطقة الحدود الشمالية,صنع المعدات الكهربائية,22,0,0,0,59,59,0,59,2022-1
1,منطقة جازان,وكالات السفر ومشغّلو الجولات السياحية وخدمات الحجز والأنشطة المتصلة بها,22,20,10,10,39,39,0,59,2022-1
1,منطقة عسير,صنع المنتجات الصيدلانية الأساسية والمستحضرات الصيدلانية,5,18,4,14,41,41,0,59,2022-1
1,منطقة جازان,صنع منتجات المطاط واللدائن,5,7,6,1,51,51,0,58,2022-1
1,منطقة الجوف,صنع الفلزات القاعدية,17,2,2,0,56,56,0,58,2022-1
1,منطقة الجوف,صيد الأسماك وتربية المائيات,39,3,1,2,55,55,0,58,2022-1
2,منطقة جازان,الطباعة واستنساخ وسائط الأعلام المسجّلة,15,11,7,4,47,47,0,58,2022-4
4,منطقة الباحة,الأنشطة الأخرى للتعدين واستغلال المحاجر,8,14,4,10,44,44,0,58,2022-10
1,منطقة جازان,الطباعة واستنساخ وسائط الأعلام المسجّلة,14,12,7,5,46,46,0,58,2022-1
3,منطقة جازان,الطباعة واستنساخ وسائط الأعلام المسجّلة,16,11,5,6,47,47,0,58,2022-7
3,منطقة حائل,أنشطة البرمجة الحاسوبية والخبرة الاستشارية وما يتصل بها من أنشطة,15,10,3,7,47,47,0,57,2022-7
2,منطقة جازان,أنشطة الأمن والتحقيقات,11,32,27,5,25,23,2,57,2022-4
2,منطقة الباحة,تجميع المياه ومعالجتها وتوصيلها,21,6,3,3,51,51,0,57,2022-4
3,منطقة جازان,صنع الحواسيب والمنتجات الإلكترونية والبصرية,23,1,1,0,56,56,0,57,2022-7
1,منطقة الباحة,الطباعة واستنساخ وسائط الأعلام المسجّلة,11,15,8,7,42,42,0,57,2022-1
3,منطقة نجران,صنع المعدات الكهربائية,10,13,7,6,44,44,0,57,2022-7
4,المنطقة الشرقية,أنشطة البرمجة والإذاعة,15,15,7,8,42,41,1,57,2022-10
4,منطقة المدينة المنورة,صناعة المركبات ذات المحركات والمركبات المقطورة ونصف المقطورة,14,5,4,1,52,52,0,57,2022-10
4,منطقة جازان,صنع الحواسيب والمنتجات الإلكترونية والبصرية,24,3,3,0,53,53,0,56,2022-10
3,منطقة عسير,أنشطة خدمات دعم التعدين,14,12,11,1,44,44,0,56,2022-7
2,منطقة الرياض,تعدين الفحم والليغنيت,13,8,6,2,48,48,0,56,2022-4
2,منطقة الباحة,التخزين وأنشطة الدعم للنقل,28,7,4,3,49,48,1,56,2022-4
1,منطقة نجران,توصيل الكهرباء والغاز والبخار وتكييف الهواء,7,16,11,5,40,32,8,56,2022-1
3,منطقة حائل,الأنشطة المهنية والعلمية والتقنية الأخرى,29,7,2,5,49,45,4,56,2022-7
1,منطقة حائل,الصناعة التحويلية الأخرى,12,19,12,7,37,36,1,56,2022-1
4,منطقة تبوك,النقل الجوي,9,15,12,3,41,41,0,56,2022-10
2,منطقة جازان,صنع منتجات المطاط واللدائن,5,7,6,1,49,49,0,56,2022-4
2,المنطقة الشرقية,أنشطة البرمجة والإذاعة,12,14,8,6,41,40,1,55,2022-4
4,منطقة حائل,أنشطة الخدمات المالية ، فيما عدا تمويل التأمين وصناديق المعاشات,19,6,5,1,49,49,0,55,2022-10
4,منطقة حائل,الصناعة التحويلية الأخرى,17,11,7,4,44,43,1,55,2022-10
3,منطقة حائل,صناعة الآلات والمعدات غير المصنفة في موضع أخر,15,20,19,1,35,35,0,55,2022-7
1,منطقة عسير,الأنشطة الإبداعية والفنون وأنشطة الترفيه,12,27,8,19,28,28,0,55,2022-1
1,منطقة المدينة المنورة,صنع المنتجات الصيدلانية الأساسية والمستحضرات الصيدلانية,6,12,6,6,43,43,0,55,2022-1
2,منطقة الحدود الشمالية,أنشطة المنظمات ذات العضوية,7,36,31,5,19,16,3,55,2022-4
2,منطقة جازان,الصرف الصحي,21,4,4,0,51,51,0,55,2022-4
2,منطقة المدينة المنورة,صنع المنتجات الصيدلانية الأساسية والمستحضرات الصيدلانية,6,11,7,4,44,44,0,55,2022-4
1,منطقة تبوك,صنع الحواسيب والمنتجات الإلكترونية والبصرية,20,10,4,6,44,44,0,54,2022-1
1,منطقة الباحة,التخزين وأنشطة الدعم للنقل,26,12,6,6,42,41,1,54,2022-1
3,منطقة حائل,الاتصالات,19,9,2,7,45,43,2,54,2022-7
2,منطقة المدينة المنورة,أنشطة النشر,18,12,7,5,42,42,0,54,2022-4
3,منطقة الباحة,الأنشطة الأخرى للتعدين واستغلال المحاجر,6,12,3,9,42,42,0,54,2022-7
4,منطقة المدينة المنورة,الأنشطة البيطرية,20,7,2,5,47,42,5,54,2022-10
2,منطقة جازان,الاتصالات,25,10,7,3,43,43,0,53,2022-4
4,منطقة الجوف,الرعاية مع الإقامة,4,52,1,51,1,1,0,53,2022-10
3,منطقة الجوف,أنشطة المكاتب الرئيسية، والأنشطة الاستشارية في مجال الإدارة,2,19,3,16,34,31,3,53,2022-7
1,منطقة الحدود الشمالية,الاتصالات,15,10,3,7,43,42,1,53,2022-1
1,منطقة تبوك,أنشطة المكتبات والمحفوظات والمتاحف والأنشطة الثقافية الأخرى,12,9,7,2,44,44,0,53,2022-1
1,منطقة جازان,أنشطة الأمن والتحقيقات,9,28,25,3,25,23,2,53,2022-1
2,منطقة جازان,أنشطة المكتبات والمحفوظات والمتاحف والأنشطة الثقافية الأخرى,15,2,1,1,50,50,0,52,2022-4
2,منطقة تبوك,أنشطة المكتبات والمحفوظات والمتاحف والأنشطة الثقافية الأخرى,12,9,7,2,43,43,0,52,2022-4
3,منطقة نجران,الاتصالات,14,4,1,3,48,48,0,52,2022-7
3,منطقة الجوف,الأنشطة المهنية والعلمية والتقنية الأخرى,21,5,3,2,47,37,10,52,2022-7
2,منطقة نجران,توصيل الكهرباء والغاز والبخار وتكييف الهواء,8,12,7,5,40,32,8,52,2022-4
2,منطقة الحدود الشمالية,صنع المعدات الكهربائية,20,0,0,0,52,52,0,52,2022-4
4,منطقة حائل,صناعة الآلات والمعدات غير المصنفة في موضع أخر,15,18,18,0,34,34,0,52,2022-10
3,منطقة مكة المكرمة,أنشطة المعالجة وخدمات إدارة النفايات الأخرى,3,11,8,3,41,41,0,52,2022-7
4,منطقة الجوف,الأنشطة المهنية والعلمية والتقنية الأخرى,21,7,3,4,45,36,9,52,2022-10
2,منطقة الجوف,صنع الفلزات القاعدية,18,1,1,0,51,51,0,52,2022-4
4,منطقة الجوف,صنع الفلزات القاعدية,17,4,4,0,47,47,0,51,2022-10
2,منطقة عسير,صُنع المنتجات الجلدية والمنتجات ذات الصلة,14,3,1,2,48,48,0,51,2022-4
1,منطقة جازان,صناعة معدات النقل الأخرى,8,7,5,2,44,44,0,51,2022-1
2,منطقة حائل,صناعة الآلات والمعدات غير المصنفة في موضع أخر,13,22,20,2,29,29,0,51,2022-4
4,منطقة المدينة المنورة,أنشطة النشر,15,17,9,8,34,34,0,51,2022-10
1,منطقة جازان,الاتصالات,22,7,6,1,44,44,0,51,2022-1
1,منطقة الحدود الشمالية,صنع الفلزات القاعدية,13,2,1,1,49,49,0,51,2022-1
2,منطقة تبوك,صنع الحواسيب والمنتجات الإلكترونية والبصرية,18,10,4,6,41,41,0,51,2022-4
2,منطقة عسير,أنشطة المكتبات والمحفوظات والمتاحف والأنشطة الثقافية الأخرى,17,12,10,2,38,38,0,50,2022-4
2,منطقة جازان,صناعة معدات النقل الأخرى,8,6,5,1,44,44,0,50,2022-4
2,منطقة تبوك,الأنشطة القانونية وأنشطة المحاسبة,18,35,13,22,15,15,0,50,2022-4
1,منطقة الباحة,تجميع المياه ومعالجتها وتوصيلها,19,8,5,3,42,42,0,50,2022-1
4,منطقة نجران,صنع المعدات الكهربائية,9,8,4,4,42,42,0,50,2022-10
1,منطقة المدينة المنورة,أنشطة النشر,17,11,6,5,39,39,0,50,2022-1
3,منطقة الحدود الشمالية,وكالات السفر ومشغّلو الجولات السياحية وخدمات الحجز والأنشطة المتصلة بها,13,8,7,1,42,41,1,50,2022-7
3,منطقة تبوك,أنشطة البرمجة الحاسوبية والخبرة الاستشارية وما يتصل بها من أنشطة,21,6,1,5,44,43,1,50,2022-7
4,منطقة مكة المكرمة,أنشطة المعالجة وخدمات إدارة النفايات الأخرى,3,10,7,3,40,40,0,50,2022-10
3,منطقة الجوف,صنع الفلزات القاعدية,17,3,3,0,47,47,0,50,2022-7
2,منطقة الحدود الشمالية,صنع الفلزات القاعدية,14,3,2,1,47,47,0,50,2022-4
1,منطقة الحدود الشمالية,أنشطة المنظمات ذات العضوية,6,34,29,5,16,14,2,50,2022-1
3,منطقة المدينة المنورة,صناعة المركبات ذات المحركات والمركبات المقطورة ونصف المقطورة,13,6,6,0,44,44,0,50,2022-7
3,منطقة حائل,الصناعة التحويلية الأخرى,17,9,7,2,41,40,1,50,2022-7
3,منطقة عسير,صُنع المنتجات الجلدية والمنتجات ذات الصلة,13,3,2,1,46,46,0,49,2022-7
2,منطقة حائل,الصناعة التحويلية الأخرى,15,8,7,1,41,40,1,49,2022-4
3,منطقة المدينة المنورة,صنع المنتجات الصيدلانية الأساسية والمستحضرات الصيدلانية,6,12,8,4,37,37,0,49,2022-7
4,منطقة جازان,الاتصالات,21,7,6,1,42,42,0,49,2022-10
4,منطقة الجوف,أنشطة المكاتب الرئيسية، والأنشطة الاستشارية في مجال الإدارة,2,17,3,14,32,29,3,49,2022-10
4,منطقة تبوك,أنشطة البرمجة الحاسوبية والخبرة الاستشارية وما يتصل بها من أنشطة,21,6,2,4,43,42,1,49,2022-10
4,منطقة تبوك,الصناعة التحويلية الأخرى,13,9,7,2,40,37,3,49,2022-10
1,منطقة المدينة المنورة,صناعة المركبات ذات المحركات والمركبات المقطورة ونصف المقطورة,14,5,4,1,43,43,0,48,2022-1
2,منطقة حائل,الأنشطة المهنية والعلمية والتقنية الأخرى,23,5,0,5,43,38,5,48,2022-4
1,منطقة عسير,النقل الجوي,12,9,5,4,39,39,0,48,2022-1
3,منطقة الباحة,الطباعة واستنساخ وسائط الأعلام المسجّلة,9,16,5,11,32,32,0,48,2022-7
1,منطقة نجران,أنشطة جمع النفايات ومعالجتها وتصريفها ، واسترجاع المواد,12,5,3,2,42,42,0,47,2022-1
2,منطقة المدينة المنورة,صناعة المركبات ذات المحركات والمركبات المقطورة ونصف المقطورة,14,4,4,0,43,43,0,47,2022-4
4,منطقة حائل,الاتصالات,17,7,0,7,40,38,2,47,2022-10
4,منطقة نجران,الطباعة واستنساخ وسائط الأعلام المسجّلة,10,11,5,6,36,36,0,47,2022-10
4,منطقة جازان,صناعة معدات النقل الأخرى,6,6,5,1,41,41,0,47,2022-10
4,منطقة عسير,أنشطة البريد ونقل الرسائل والطرود بواسطة مندوبين,12,10,7,3,37,37,0,47,2022-10
4,منطقة الحدود الشمالية,وكالات السفر ومشغّلو الجولات السياحية وخدمات الحجز والأنشطة المتصلة بها,14,6,6,0,41,40,1,47,2022-10
2,منطقة نجران,الطباعة واستنساخ وسائط الأعلام المسجّلة,8,8,3,5,39,38,1,47,2022-4
1,منطقة جازان,الصرف الصحي,17,2,1,1,45,45,0,47,2022-1
2,منطقة عسير,النقل الجوي,14,7,5,2,40,40,0,47,2022-4
3,منطقة تبوك,الصناعة التحويلية الأخرى,13,9,7,2,38,36,2,47,2022-7
2,منطقة حائل,صنع المعدات الكهربائية,14,6,1,5,41,41,0,47,2022-4
1,منطقة حائل,صنع المعدات الكهربائية,14,7,1,6,40,40,0,47,2022-1
4,منطقة المدينة المنورة,صنع المنتجات الصيدلانية الأساسية والمستحضرات الصيدلانية,6,11,7,4,35,35,0,46,2022-10
1,منطقة حائل,توصيل الكهرباء والغاز والبخار وتكييف الهواء,12,7,3,4,39,39,0,46,2022-1
1,منطقة تبوك,الأنشطة القانونية وأنشطة المحاسبة,18,31,12,19,15,15,0,46,2022-1
1,منطقة حائل,صناعة الآلات والمعدات غير المصنفة في موضع أخر,12,17,17,0,29,29,0,46,2022-1
2,منطقة الجوف,صناعة معدات النقل الأخرى,3,0,0,0,46,46,0,46,2022-4
4,منطقة جازان,أنشطة البريد ونقل الرسائل والطرود بواسطة مندوبين,7,8,7,1,38,38,0,46,2022-10
2,منطقة الحدود الشمالية,الاتصالات,15,9,2,7,37,36,1,46,2022-4
3,منطقة جازان,صناعة معدات النقل الأخرى,6,7,7,0,39,39,0,46,2022-7
1,منطقة حائل,صُنع الورق ومنتجات الورق,7,12,7,5,33,33,0,45,2022-1
2,منطقة نجران,أنشطة الخدمات المالية ، فيما عدا تمويل التأمين وصناديق المعاشات,16,5,2,3,40,40,0,45,2022-4
1,منطقة نجران,الطباعة واستنساخ وسائط الأعلام المسجّلة,7,9,3,6,36,35,1,45,2022-1
3,منطقة نجران,الطباعة واستنساخ وسائط الأعلام المسجّلة,10,8,3,5,37,37,0,45,2022-7
3,منطقة تبوك,الأنشطة المساعدة لأنشطة الخدمات المالية وأنشطة التأمين,3,42,41,1,3,3,0,45,2022-7
1,منطقة المدينة المنورة,أنشطة البريد ونقل الرسائل والطرود بواسطة مندوبين,13,5,3,2,40,40,0,45,2022-1
1,منطقة نجران,أنشطة الخدمات المالية ، فيما عدا تمويل التأمين وصناديق المعاشات,16,5,2,3,40,40,0,45,2022-1
1,منطقة الجوف,الاتصالات,19,4,3,1,40,40,0,44,2022-1
4,منطقة نجران,أنشطة جمع النفايات ومعالجتها وتصريفها ، واسترجاع المواد,12,6,2,4,38,38,0,44,2022-10
1,منطقة الجوف,صنع المعدات الكهربائية,16,1,1,0,43,43,0,44,2022-1
2,منطقة المدينة المنورة,أنشطة البريد ونقل الرسائل والطرود بواسطة مندوبين,14,4,3,1,40,40,0,44,2022-4
3,منطقة القصيم,أنشطة خدمات المعلومات,11,9,4,5,35,35,0,44,2022-7
1,منطقة نجران,صنع المعدات الكهربائية,9,6,4,2,38,38,0,44,2022-1
1,منطقة حائل,الأنشطة المهنية والعلمية والتقنية الأخرى,21,7,1,6,37,32,5,44,2022-1
1,منطقة تبوك,أنشطة البرمجة الحاسوبية والخبرة الاستشارية وما يتصل بها من أنشطة,19,10,4,6,34,34,0,44,2022-1
1,منطقة حائل,صنع الحواسيب والمنتجات الإلكترونية والبصرية,15,1,0,1,43,41,2,44,2022-1
2,منطقة الجوف,صنع المعدات الكهربائية,15,1,1,0,43,43,0,44,2022-4
2,منطقة تبوك,أنشطة البرمجة الحاسوبية والخبرة الاستشارية وما يتصل بها من أنشطة,19,10,3,7,34,33,1,44,2022-4
3,منطقة نجران,أنشطة جمع النفايات ومعالجتها وتصريفها ، واسترجاع المواد,12,4,1,3,39,39,0,43,2022-7
1,منطقة نجران,أنشطة خدمات المعلومات,2,7,7,0,36,36,0,43,2022-1
1,منطقة الحدود الشمالية,الطباعة واستنساخ وسائط الأعلام المسجّلة,9,9,6,3,34,34,0,43,2022-1
3,منطقة المدينة المنورة,أنشطة النشر,14,11,6,5,32,32,0,43,2022-7
2,منطقة حائل,صنع الحواسيب والمنتجات الإلكترونية والبصرية,15,1,0,1,42,40,2,43,2022-4
3,منطقة عسير,النقل الجوي,16,6,4,2,36,36,0,42,2022-7
2,منطقة تبوك,صنع المعدات الكهربائية,17,0,0,0,42,42,0,42,2022-4
2,منطقة الحدود الشمالية,الطباعة واستنساخ وسائط الأعلام المسجّلة,8,7,4,3,35,35,0,42,2022-4
1,منطقة جازان,تعدين ركازات الفلزات,12,2,2,0,40,40,0,42,2022-1
4,منطقة القصيم,أنشطة خدمات المعلومات,10,8,3,5,34,34,0,42,2022-10
2,منطقة المدينة المنورة,النقل الجوي,13,11,8,3,31,31,0,42,2022-4
1,منطقة القصيم,أنشطة المكتبات والمحفوظات والمتاحف والأنشطة الثقافية الأخرى,12,10,8,2,31,31,0,41,2022-1
2,منطقة تبوك,أنشطة الخدمات المالية ، فيما عدا تمويل التأمين وصناديق المعاشات,18,4,2,2,37,37,0,41,2022-4
3,منطقة عسير,أنشطة البريد ونقل الرسائل والطرود بواسطة مندوبين,12,7,4,3,34,34,0,41,2022-7
3,منطقة الجوف,النقل الجوي,8,1,1,0,40,40,0,41,2022-7
2,منطقة الجوف,الاتصالات,17,2,1,1,39,39,0,41,2022-4
3,منطقة جازان,الاتصالات,20,10,8,2,31,31,0,41,2022-7
1,منطقة تبوك,صنع المعدات الكهربائية,18,1,0,1,40,40,0,41,2022-1
1,منطقة عسير,صناعة المركبات ذات المحركات والمركبات المقطورة ونصف المقطورة,12,6,4,2,35,35,0,41,2022-1
1,منطقة عسير,صُنع المنتجات الجلدية والمنتجات ذات الصلة,13,1,1,0,40,40,0,41,2022-1
3,منطقة جازان,صنع منتجات المطاط واللدائن,8,7,6,1,33,33,0,40,2022-7
4,منطقة نجران,الاتصالات,13,1,1,0,39,39,0,40,2022-10
2,منطقة الحدود الشمالية,النقل الجوي,2,12,11,1,28,28,0,40,2022-4
4,منطقة الباحة,الطباعة واستنساخ وسائط الأعلام المسجّلة,10,13,5,8,27,27,0,40,2022-10
2,منطقة عسير,صناعة المركبات ذات المحركات والمركبات المقطورة ونصف المقطورة,13,6,5,1,34,34,0,40,2022-4
3,منطقة جازان,أنشطة البريد ونقل الرسائل والطرود بواسطة مندوبين,5,7,6,1,33,33,0,40,2022-7
1,منطقة تبوك,الاتصالات,19,2,2,0,38,38,0,40,2022-1
1,منطقة الحدود الشمالية,النقل الجوي,2,11,10,1,29,29,0,40,2022-1
2,منطقة حائل,توصيل الكهرباء والغاز والبخار وتكييف الهواء,11,4,1,3,35,35,0,39,2022-4
2,منطقة الباحة,أنشطة الخدمات المالية ، فيما عدا تمويل التأمين وصناديق المعاشات,10,9,5,4,30,30,0,39,2022-4
2,منطقة جازان,النقل الجوي,12,2,1,1,37,37,0,39,2022-4
4,منطقة عسير,النقل الجوي,14,4,3,1,35,35,0,39,2022-10
3,منطقة الحدود الشمالية,صُنع المنتجات الجلدية والمنتجات ذات الصلة,7,1,1,0,38,38,0,39,2022-7
4,منطقة حائل,صُنع المنتجات الجلدية والمنتجات ذات الصلة,9,1,0,1,38,38,0,39,2022-10
1,منطقة جازان,النقل الجوي,10,2,2,0,37,37,0,39,2022-1
2,منطقة حائل,صناعة المركبات ذات المحركات والمركبات المقطورة ونصف المقطورة,10,2,2,0,37,37,0,39,2022-4
1,منطقة نجران,الأنشطة المساعدة لأنشطة الخدمات المالية وأنشطة التأمين,3,24,22,2,15,15,0,39,2022-1
1,منطقة حائل,الأنشطة الأخرى للتعدين واستغلال المحاجر,17,6,4,2,33,33,0,39,2022-1
2,منطقة القصيم,أنشطة المكتبات والمحفوظات والمتاحف والأنشطة الثقافية الأخرى,12,8,6,2,31,31,0,39,2022-4
1,منطقة تبوك,أنشطة الخدمات المالية ، فيما عدا تمويل التأمين وصناديق المعاشات,17,4,2,2,35,35,0,39,2022-1
2,منطقة المدينة المنورة,الأنشطة الإبداعية والفنون وأنشطة الترفيه,18,5,2,3,34,33,1,39,2022-4
1,منطقة مكة المكرمة,تعدين الفحم والليغنيت,9,5,2,3,33,33,0,38,2022-1
3,منطقة حائل,صُنع المنتجات الجلدية والمنتجات ذات الصلة,9,1,0,1,37,37,0,38,2022-7
4,منطقة الباحة,الأنشطة المهنية والعلمية والتقنية الأخرى,14,6,4,2,32,28,4,38,2022-10
2,منطقة القصيم,أنشطة خدمات المعلومات,9,10,4,6,28,28,0,38,2022-4
4,منطقة الحدود الشمالية,النقل الجوي,2,12,9,3,25,25,0,37,2022-10
2,منطقة جازان,أنشطة خدمات دعم التعدين,6,1,1,0,36,36,0,37,2022-4
1,منطقة القصيم,النقل المائي,8,2,2,0,35,35,0,37,2022-1
4,منطقة الباحة,الأنشطة القانونية وأنشطة المحاسبة,13,20,7,13,17,13,4,37,2022-10
1,منطقة المدينة المنورة,تعدين ركازات الفلزات,12,3,2,1,34,34,0,37,2022-1
4,منطقة تبوك,الأنشطة البيطرية,10,9,4,5,28,27,1,37,2022-10
4,منطقة المدينة المنورة,الأنشطة الإبداعية والفنون وأنشطة الترفيه,14,11,3,8,26,24,2,37,2022-10
2,منطقة المدينة المنورة,تعدين ركازات الفلزات,11,5,3,2,32,32,0,37,2022-4
2,منطقة مكة المكرمة,تعدين الفحم والليغنيت,9,5,2,3,32,32,0,37,2022-4
2,منطقة القصيم,النقل المائي,8,1,0,1,36,36,0,37,2022-4
4,منطقة جازان,أنشطة الخدمات المالية ، فيما عدا تمويل التأمين وصناديق المعاشات,15,1,1,0,36,36,0,37,2022-10
1,منطقة جازان,أنشطة خدمات دعم التعدين,6,1,1,0,36,36,0,37,2022-1
4,منطقة الرياض,الحراجة وقطع الأخشاب,7,4,2,2,33,33,0,37,2022-10
3,منطقة جازان,أنشطة الخدمات المالية ، فيما عدا تمويل التأمين وصناديق المعاشات,15,1,0,1,36,36,0,37,2022-7
1,منطقة القصيم,أنشطة خدمات المعلومات,8,9,3,6,27,27,0,36,2022-1
1,منطقة الباحة,الأنشطة المهنية والعلمية والتقنية الأخرى,7,5,3,2,31,29,2,36,2022-1
4,منطقة عسير,صُنع المنتجات الجلدية والمنتجات ذات الصلة,13,3,2,1,33,33,0,36,2022-10
2,منطقة الجوف,النقل الجوي,10,3,2,1,33,33,0,36,2022-4
3,منطقة الحدود الشمالية,النقل الجوي,2,11,10,1,25,25,0,36,2022-7
2,منطقة جازان,تعدين ركازات الفلزات,11,0,0,0,36,36,0,36,2022-4
3,منطقة مكة المكرمة,تعدين الفحم والليغنيت,11,7,4,3,29,29,0,36,2022-7
1,منطقة حائل,أنشطة خدمات دعم التعدين,6,0,0,0,35,35,0,35,2022-1
3,منطقة المدينة المنورة,النقل الجوي,12,9,5,4,26,26,0,35,2022-7
4,منطقة عسير,النقل المائي,13,1,1,0,34,34,0,35,2022-10
3,منطقة الجوف,الرعاية مع الإقامة,4,34,1,33,1,1,0,35,2022-7
1,منطقة عسير,أنشطة المكاتب الرئيسية، والأنشطة الاستشارية في مجال الإدارة,17,11,4,7,24,23,1,35,2022-1
4,منطقة جازان,صنع منتجات المطاط واللدائن,7,5,4,1,30,30,0,35,2022-10
3,منطقة نجران,استخراج النفط الخام والغاز الطبيعي,8,8,7,1,27,26,1,35,2022-7
3,منطقة الحدود الشمالية,الاتصالات,14,7,1,6,28,27,1,35,2022-7
4,منطقة جازان,أنشطة خدمات دعم التعدين,7,2,2,0,33,33,0,35,2022-10
1,منطقة الباحة,أنشطة الخدمات المالية ، فيما عدا تمويل التأمين وصناديق المعاشات,9,9,5,4,26,26,0,35,2022-1
3,منطقة الحدود الشمالية,صنع المعدات الكهربائية,17,0,0,0,35,35,0,35,2022-7
4,منطقة نجران,أنشطة البرمجة الحاسوبية والخبرة الاستشارية وما يتصل بها من أنشطة,12,10,0,10,25,25,0,35,2022-10
1,منطقة الجوف,الرعاية مع الإقامة,4,31,3,28,4,4,0,35,2022-1
4,منطقة الجوف,أنشطة البرمجة الحاسوبية والخبرة الاستشارية وما يتصل بها من أنشطة,12,10,6,4,25,25,0,35,2022-10
2,منطقة نجران,الأنشطة المساعدة لأنشطة الخدمات المالية وأنشطة التأمين,3,21,20,1,14,14,0,35,2022-4
1,منطقة نجران,صناعة المركبات ذات المحركات والمركبات المقطورة ونصف المقطورة,9,0,0,0,35,35,0,35,2022-1
4,منطقة المدينة المنورة,النقل الجوي,11,7,5,2,28,28,0,35,2022-10
2,منطقة حائل,الأنشطة الأخرى للتعدين واستغلال المحاجر,18,5,2,3,30,30,0,35,2022-4
2,منطقة عسير,النقل المائي,14,1,0,1,33,33,0,34,2022-4
2,منطقة تبوك,الرعاية مع الإقامة,3,14,2,12,20,17,3,34,2022-4
2,منطقة الحدود الشمالية,صُنع المنتجات الجلدية والمنتجات ذات الصلة,6,1,1,0,33,33,0,34,2022-4
1,منطقة الحدود الشمالية,صُنع المنتجات الجلدية والمنتجات ذات الصلة,6,2,2,0,32,32,0,34,2022-1
3,منطقة جازان,أنشطة خدمات دعم التعدين,7,1,1,0,33,33,0,34,2022-7
4,منطقة الحدود الشمالية,الاتصالات,13,6,1,5,28,27,1,34,2022-10
4,منطقة عسير,أنشطة المكاتب الرئيسية، والأنشطة الاستشارية في مجال الإدارة,15,14,8,6,20,19,1,34,2022-10
2,منطقة الباحة,الأنشطة القانونية وأنشطة المحاسبة,11,18,8,10,16,16,0,34,2022-4
3,منطقة عسير,النقل المائي,14,2,2,0,32,32,0,34,2022-7
3,منطقة نجران,الإدارة العامة والدفاع ؛ والضمان الاجتماعي الإلزامي,16,5,5,0,29,29,0,34,2022-7
4,منطقة مكة المكرمة,تعدين الفحم والليغنيت,10,5,3,2,29,29,0,34,2022-10
4,منطقة الحدود الشمالية,صنع المعدات الكهربائية,16,0,0,0,34,34,0,34,2022-10
4,منطقة الحدود الشمالية,صنع الفلزات القاعدية,11,4,4,0,30,30,0,34,2022-10
4,منطقة نجران,الإدارة العامة والدفاع ؛ والضمان الاجتماعي الإلزامي,14,5,5,0,29,29,0,34,2022-10
1,منطقة المدينة المنورة,الأنشطة الإبداعية والفنون وأنشطة الترفيه,17,3,1,2,31,30,1,34,2022-1
2,منطقة نجران,صناعة المركبات ذات المحركات والمركبات المقطورة ونصف المقطورة,11,1,0,1,32,32,0,33,2022-4
2,منطقة نجران,استخراج النفط الخام والغاز الطبيعي,9,6,6,0,27,26,1,33,2022-4
3,منطقة تبوك,الأنشطة البيطرية,11,6,2,4,27,26,1,33,2022-7
3,منطقة الباحة,الأنشطة القانونية وأنشطة المحاسبة,14,18,6,12,15,15,0,33,2022-7
2,منطقة الباحة,أنشطة النشر,7,7,6,1,26,26,0,33,2022-4
2,منطقة حائل,الرعاية مع الإقامة,3,28,8,20,5,3,2,33,2022-4
3,منطقة نجران,الأنشطة المساعدة لأنشطة الخدمات المالية وأنشطة التأمين,4,19,18,1,14,14,0,33,2022-7
3,منطقة حائل,أنشطة خدمات المعلومات,5,18,11,7,15,15,0,33,2022-7
4,منطقة حائل,أنشطة خدمات المعلومات,5,16,9,7,17,17,0,33,2022-10
1,منطقة الباحة,الصناعة التحويلية الأخرى,7,3,1,2,29,28,1,32,2022-1
3,منطقة الجوف,أنشطة البرمجة الحاسوبية والخبرة الاستشارية وما يتصل بها من أنشطة,13,8,4,4,24,24,0,32,2022-7
1,منطقة تبوك,أنشطة خدمات دعم التعدين,2,4,3,1,28,28,0,32,2022-1
2,منطقة عسير,أنشطة المكاتب الرئيسية، والأنشطة الاستشارية في مجال الإدارة,16,8,3,5,24,23,1,32,2022-4
1,منطقة الجوف,أنشطة خدمات المعلومات,8,5,3,2,27,27,0,32,2022-1
2,المنطقة الشرقية,تعدين الفحم والليغنيت,6,11,10,1,21,21,0,32,2022-4
1,منطقة حائل,الرعاية مع الإقامة,3,25,6,19,7,5,2,32,2022-1
1,منطقة الجوف,أنشطة البرمجة الحاسوبية والخبرة الاستشارية وما يتصل بها من أنشطة,14,5,4,1,27,27,0,32,2022-1
4,منطقة المدينة المنورة,البحث والتطوير في المجال العلمي,12,14,10,4,18,16,2,32,2022-10
4,منطقة نجران,أنشطة الخدمات المالية ، فيما عدا تمويل التأمين وصناديق المعاشات,12,5,3,2,27,27,0,32,2022-10
3,منطقة الحدود الشمالية,صنع الفلزات القاعدية,11,4,4,0,28,28,0,32,2022-7
3,منطقة نجران,أنشطة الخدمات المالية ، فيما عدا تمويل التأمين وصناديق المعاشات,13,3,1,2,29,29,0,32,2022-7
4,منطقة نجران,استخراج النفط الخام والغاز الطبيعي,8,5,5,0,27,26,1,32,2022-10
3,منطقة تبوك,أنشطة الخدمات المالية ، فيما عدا تمويل التأمين وصناديق المعاشات,15,3,2,1,29,29,0,32,2022-7
2,منطقة الباحة,أنشطة المنظمات ذات العضوية,13,27,24,3,4,4,0,31,2022-4
3,منطقة الجوف,أنشطة الخدمات المالية ، فيما عدا تمويل التأمين وصناديق المعاشات,11,20,20,0,11,11,0,31,2022-7
3,منطقة عسير,البحث والتطوير في المجال العلمي,5,24,3,21,7,6,1,31,2022-7
2,منطقة القصيم,أنشطة البريد ونقل الرسائل والطرود بواسطة مندوبين,10,5,1,4,26,26,0,31,2022-4
4,منطقة الجوف,النقل الجوي,7,1,1,0,30,30,0,31,2022-10
2,منطقة الجوف,أنشطة خدمات المعلومات,8,5,3,2,26,26,0,31,2022-4
4,منطقة تبوك,أنشطة الخدمات المالية ، فيما عدا تمويل التأمين وصناديق المعاشات,14,3,2,1,28,28,0,31,2022-10
3,منطقة المدينة المنورة,البحث والتطوير في المجال العلمي,12,14,10,4,17,16,1,31,2022-7
3,منطقة الباحة,الأنشطة المهنية والعلمية والتقنية الأخرى,13,6,3,3,25,22,3,31,2022-7
2,منطقة الباحة,أنشطة الاستخدام,13,8,6,2,23,23,0,31,2022-4
4,منطقة نجران,الأنشطة المساعدة لأنشطة الخدمات المالية وأنشطة التأمين,3,20,19,1,11,11,0,31,2022-10
3,منطقة عسير,أنشطة المكاتب الرئيسية، والأنشطة الاستشارية في مجال الإدارة,14,13,7,6,18,17,1,31,2022-7
3,منطقة الحدود الشمالية,الطباعة واستنساخ وسائط الأعلام المسجّلة,8,8,2,6,23,23,0,31,2022-7
3,منطقة حائل,الأنشطة الأخرى للتعدين واستغلال المحاجر,15,7,1,6,24,24,0,31,2022-7
2,منطقة الباحة,صنع الحواسيب والمنتجات الإلكترونية والبصرية,9,10,10,0,20,20,0,30,2022-4
4,منطقة عسير,أنشطة خدمات دعم التعدين,15,2,1,1,28,28,0,30,2022-10
4,منطقة عسير,البحث والتطوير في المجال العلمي,5,22,2,20,8,7,1,30,2022-10
3,منطقة المدينة المنورة,الأنشطة الإبداعية والفنون وأنشطة الترفيه,14,3,2,1,27,25,2,30,2022-7
1,منطقة المدينة المنورة,النقل الجوي,12,2,1,1,28,28,0,30,2022-1
3,منطقة الجوف,صنع المعدات الكهربائية,14,3,3,0,27,27,0,30,2022-7
1,منطقة الباحة,صنع الفلزات القاعدية,12,1,1,0,29,29,0,30,2022-1
3,منطقة حائل,الرعاية مع الإقامة,3,27,8,19,3,1,2,30,2022-7
3,منطقة تبوك,توصيل الكهرباء والغاز والبخار وتكييف الهواء,15,3,0,3,27,27,0,30,2022-7
2,منطقة الجوف,أنشطة البرمجة الحاسوبية والخبرة الاستشارية وما يتصل بها من أنشطة,14,5,4,1,25,25,0,30,2022-4
4,منطقة تبوك,الاتصالات,17,7,5,2,23,23,0,30,2022-10
4,منطقة حائل,الرعاية مع الإقامة,3,28,8,20,2,0,2,30,2022-10
2,منطقة حائل,صُنع المنتجات الجلدية والمنتجات ذات الصلة,10,2,0,2,28,28,0,30,2022-4
4,منطقة حائل,الأنشطة الأخرى للتعدين واستغلال المحاجر,13,4,1,3,26,26,0,30,2022-10
1,منطقة الباحة,أنشطة النشر,5,7,6,1,23,23,0,30,2022-1
4,منطقة الباحة,أنشطة النشر,7,6,4,2,24,24,0,30,2022-10
2,منطقة تبوك,الاتصالات,17,1,1,0,29,29,0,30,2022-4
3,منطقة الباحة,أنشطة النشر,7,5,4,1,24,24,0,29,2022-7
4,منطقة تبوك,الصرف الصحي,8,5,2,3,24,23,1,29,2022-10
1,منطقة الرياض,تعدين الفحم والليغنيت,11,3,3,0,26,25,1,29,2022-1
2,منطقة الباحة,صنع الفلزات القاعدية,12,1,1,0,28,28,0,29,2022-4
2,منطقة نجران,تعدين ركازات الفلزات,9,0,0,0,29,29,0,29,2022-4
1,منطقة القصيم,أنشطة البريد ونقل الرسائل والطرود بواسطة مندوبين,9,1,0,1,28,28,0,29,2022-1
3,منطقة القصيم,تعدين الفحم والليغنيت,5,2,0,2,27,27,0,29,2022-7
1,منطقة الباحة,الأنشطة القانونية وأنشطة المحاسبة,8,15,10,5,14,14,0,29,2022-1
2,منطقة نجران,صناعة معدات النقل الأخرى,7,1,0,1,28,26,2,29,2022-4
3,منطقة جازان,النقل الجوي,11,3,3,0,26,26,0,29,2022-7
2,منطقة عسير,صنع فحم الكوك والمنتجات النفطية المكررة,2,9,5,4,20,20,0,29,2022-4
1,المنطقة الشرقية,تعدين الفحم والليغنيت,6,9,8,1,20,20,0,29,2022-1
1,منطقة تبوك,الصناعة التحويلية الأخرى,11,3,1,2,26,24,2,29,2022-1
4,منطقة الحدود الشمالية,أنشطة خدمات دعم التعدين,2,5,3,2,24,24,0,29,2022-10
3,منطقة الحدود الشمالية,الأنشطة القانونية وأنشطة المحاسبة,8,17,10,7,12,12,0,29,2022-7
4,منطقة الجوف,صناعة المركبات ذات المحركات والمركبات المقطورة ونصف المقطورة,10,3,3,0,26,26,0,29,2022-10
3,منطقة تبوك,صنع المعدات الكهربائية,12,1,0,1,27,27,0,28,2022-7
4,المنطقة الشرقية,تعدين الفحم والليغنيت,6,8,8,0,20,20,0,28,2022-10
4,منطقة الحدود الشمالية,صُنع المنتجات الجلدية والمنتجات ذات الصلة,8,1,0,1,27,27,0,28,2022-10
1,منطقة الباحة,صنع الحواسيب والمنتجات الإلكترونية والبصرية,8,9,9,0,19,19,0,28,2022-1
1,منطقة الباحة,أنشطة المنظمات ذات العضوية,10,24,21,3,4,4,0,28,2022-1
1,منطقة الباحة,أنشطة الاستخدام,12,8,5,3,20,20,0,28,2022-1
2,منطقة حائل,أنشطة خدمات المعلومات,5,11,10,1,17,17,0,28,2022-4
3,منطقة الحدود الشمالية,أنشطة خدمات دعم التعدين,2,4,2,2,24,24,0,28,2022-7
1,منطقة الجوف,أنشطة جمع النفايات ومعالجتها وتصريفها ، واسترجاع المواد,3,5,2,3,23,23,0,28,2022-1
1,منطقة حائل,أنشطة خدمات المعلومات,6,10,9,1,18,18,0,28,2022-1
3,المنطقة الشرقية,تعدين الفحم والليغنيت,6,8,8,0,20,20,0,28,2022-7
3,منطقة نجران,أنشطة البرمجة الحاسوبية والخبرة الاستشارية وما يتصل بها من أنشطة,11,2,2,0,26,26,0,28,2022-7
3,منطقة حائل,توصيل الكهرباء والغاز والبخار وتكييف الهواء,8,3,2,1,25,25,0,28,2022-7
3,منطقة المدينة المنورة,صناعة معدات النقل الأخرى,8,2,1,1,26,26,0,28,2022-7
2,منطقة الجوف,صناعة المركبات ذات المحركات والمركبات المقطورة ونصف المقطورة,10,3,3,0,25,25,0,28,2022-4
4,منطقة القصيم,أنشطة البريد ونقل الرسائل والطرود بواسطة مندوبين,11,2,1,1,26,26,0,28,2022-10
1,منطقة الجوف,النقل الجوي,10,1,1,0,27,27,0,28,2022-1
3,منطقة الجوف,صناعة المركبات ذات المحركات والمركبات المقطورة ونصف المقطورة,10,2,2,0,26,26,0,28,2022-7
3,منطقة جازان,أنشطة المكتبات والمحفوظات والمتاحف والأنشطة الثقافية الأخرى,11,0,0,0,28,28,0,28,2022-7
2,منطقة تبوك,الصناعة التحويلية الأخرى,11,5,4,1,23,21,2,28,2022-4
4,منطقة تبوك,توصيل الكهرباء والغاز والبخار وتكييف الهواء,13,3,0,3,25,25,0,28,2022-10
4,منطقة المدينة المنورة,صناعة معدات النقل الأخرى,8,2,1,1,26,26,0,28,2022-10
1,منطقة الباحة,صيد الأسماك وتربية المائيات,13,1,1,0,27,27,0,28,2022-1
2,منطقة مكة المكرمة,أنشطة المعالجة وخدمات إدارة النفايات الأخرى,3,6,3,3,22,22,0,28,2022-4
4,منطقة حائل,توصيل الكهرباء والغاز والبخار وتكييف الهواء,8,4,3,1,23,23,0,27,2022-10
3,منطقة القصيم,النقل الجوي,9,3,1,2,24,24,0,27,2022-7
4,منطقة القصيم,النقل الجوي,10,5,1,4,22,22,0,27,2022-10
3,منطقة القصيم,أنشطة المكتبات والمحفوظات والمتاحف والأنشطة الثقافية الأخرى,6,8,7,1,19,19,0,27,2022-7
2,منطقة القصيم,تعدين الفحم والليغنيت,4,6,0,6,21,21,0,27,2022-4
4,منطقة تبوك,صنع المعدات الكهربائية,11,1,0,1,26,26,0,27,2022-10
4,منطقة جازان,أنشطة المكتبات والمحفوظات والمتاحف والأنشطة الثقافية الأخرى,11,0,0,0,27,27,0,27,2022-10
4,منطقة الجوف,صنع المعدات الكهربائية,13,3,2,1,24,24,0,27,2022-10
4,منطقة جازان,النقل الجوي,11,1,1,0,26,26,0,27,2022-10
4,منطقة نجران,صنع المنتجات الصيدلانية الأساسية والمستحضرات الصيدلانية,3,2,0,2,25,25,0,27,2022-10
2,منطقة نجران,أنشطة البرمجة الحاسوبية والخبرة الاستشارية وما يتصل بها من أنشطة,13,2,2,0,25,25,0,27,2022-4
4,منطقة الحدود الشمالية,الطباعة واستنساخ وسائط الأعلام المسجّلة,8,4,1,3,23,23,0,27,2022-10
2,منطقة حائل,أنشطة خدمات دعم التعدين,6,0,0,0,27,27,0,27,2022-4
2,منطقة تبوك,أنشطة خدمات دعم التعدين,2,3,2,1,23,23,0,26,2022-4
3,منطقة نجران,تعدين ركازات الفلزات,7,0,0,0,26,26,0,26,2022-7
1,منطقة الباحة,أنشطة خدمات المعلومات,1,19,13,6,7,7,0,26,2022-1
4,منطقة الحدود الشمالية,الأنشطة القانونية وأنشطة المحاسبة,8,15,11,4,11,11,0,26,2022-10
4,منطقة الحدود الشمالية,الأنشطة المهنية والعلمية والتقنية الأخرى,12,3,0,3,23,20,3,26,2022-10
2,منطقة نجران,الأنشطة البيطرية,10,0,0,0,26,26,0,26,2022-4
1,منطقة الجوف,صناعة المركبات ذات المحركات والمركبات المقطورة ونصف المقطورة,9,2,2,0,24,24,0,26,2022-1
3,منطقة نجران,صناعة معدات النقل الأخرى,5,1,0,1,25,25,0,26,2022-7
4,منطقة الجوف,الاتصالات,12,7,3,4,19,19,0,26,2022-10
1,منطقة الباحة,صنع منتجات المطاط واللدائن,3,4,2,2,22,22,0,26,2022-1
1,منطقة القصيم,صنع الحواسيب والمنتجات الإلكترونية والبصرية,13,3,3,0,23,23,0,26,2022-1
2,منطقة الباحة,أنشطة خدمات المعلومات,1,19,13,6,7,7,0,26,2022-4
4,منطقة الباحة,أنشطة الاستخدام,15,13,6,7,13,13,0,26,2022-10
3,منطقة الحدود الشمالية,أنشطة المنظمات ذات العضوية,6,8,7,1,18,18,0,26,2022-7
1,منطقة نجران,صنع الحواسيب والمنتجات الإلكترونية والبصرية,11,1,0,1,25,25,0,26,2022-1
3,منطقة القصيم,أنشطة البريد ونقل الرسائل والطرود بواسطة مندوبين,10,4,1,3,22,22,0,26,2022-7
2,منطقة تبوك,الصرف الصحي,7,3,2,1,23,23,0,26,2022-4
1,منطقة نجران,صناعة معدات النقل الأخرى,6,3,0,3,23,21,2,26,2022-1
2,منطقة الباحة,صنع منتجات المطاط واللدائن,3,4,2,2,22,22,0,26,2022-4
4,منطقة نجران,توصيل الكهرباء والغاز والبخار وتكييف الهواء,9,4,3,1,22,22,0,26,2022-10
3,منطقة تبوك,الاتصالات,14,4,4,0,22,22,0,26,2022-7
3,منطقة الجوف,الاتصالات,12,7,2,5,18,18,0,25,2022-7
2,منطقة القصيم,صنع الحواسيب والمنتجات الإلكترونية والبصرية,12,3,3,0,22,22,0,25,2022-4
4,منطقة الباحة,الصناعة التحويلية الأخرى,10,4,3,1,21,20,1,25,2022-10
2,منطقة الباحة,الاتصالات,6,5,2,3,20,20,0,25,2022-4
3,منطقة الجوف,الطباعة واستنساخ وسائط الأعلام المسجّلة,9,4,3,1,21,21,0,25,2022-7
1,منطقة عسير,أنشطة خدمات المعلومات,8,11,5,6,14,14,0,25,2022-1
4,منطقة الحدود الشمالية,أنشطة المنظمات ذات العضوية,6,9,8,1,16,16,0,25,2022-10
3,منطقة تبوك,الصرف الصحي,8,2,1,1,23,22,1,25,2022-7
4,منطقة حائل,الإدارة العامة والدفاع ؛ والضمان الاجتماعي الإلزامي,11,7,5,2,18,18,0,25,2022-10
1,منطقة تبوك,الصرف الصحي,7,2,1,1,23,23,0,25,2022-1
4,منطقة الجوف,صُنع المواد الكيميائية والمنتجات الكيميائية,9,4,2,2,21,21,0,25,2022-10
2,منطقة الجوف,الطباعة واستنساخ وسائط الأعلام المسجّلة,9,4,2,2,21,21,0,25,2022-4
4,منطقة القصيم,صُنع المنتجات الجلدية والمنتجات ذات الصلة,9,2,0,2,23,23,0,25,2022-10
2,منطقة الجوف,أنشطة جمع النفايات ومعالجتها وتصريفها ، واسترجاع المواد,4,4,1,3,21,21,0,25,2022-4
1,منطقة الحدود الشمالية,صُنع الورق ومنتجات الورق,4,4,2,2,20,20,0,24,2022-1
3,منطقة المدينة المنورة,تعدين ركازات الفلزات,7,3,2,1,21,21,0,24,2022-7
1,منطقة حائل,صناعة المركبات ذات المحركات والمركبات المقطورة ونصف المقطورة,9,1,1,0,23,23,0,24,2022-1
2,منطقة الباحة,الصرف الصحي,4,3,1,2,21,21,0,24,2022-4
2,منطقة الجوف,صُنع المواد الكيميائية والمنتجات الكيميائية,9,3,2,1,21,21,0,24,2022-4
3,منطقة الباحة,أنشطة الاستخدام,14,10,5,5,14,14,0,24,2022-7
1,منطقة الحدود الشمالية,صيد الأسماك وتربية المائيات,11,1,1,0,23,23,0,24,2022-1
3,منطقة حائل,الإدارة العامة والدفاع ؛ والضمان الاجتماعي الإلزامي,11,7,5,2,17,17,0,24,2022-7
4,منطقة الباحة,أنشطة المنظمات ذات العضوية,14,17,14,3,7,7,0,24,2022-10
3,منطقة الجوف,صُنع المواد الكيميائية والمنتجات الكيميائية,9,3,2,1,21,20,1,24,2022-7
2,منطقة تبوك,الأنشطة البيطرية,7,6,1,5,18,18,0,24,2022-4
2,منطقة حائل,أنشطة جمع النفايات ومعالجتها وتصريفها ، واسترجاع المواد,7,4,3,1,20,19,1,24,2022-4
2,منطقة القصيم,النقل الجوي,8,3,1,2,21,21,0,24,2022-4
4,منطقة القصيم,تعدين الفحم والليغنيت,4,3,1,2,21,21,0,24,2022-10
2,منطقة الباحة,الصناعة التحويلية الأخرى,7,3,1,2,21,20,1,24,2022-4
1,منطقة الجوف,الطباعة واستنساخ وسائط الأعلام المسجّلة,10,3,2,1,21,21,0,24,2022-1
1,منطقة القصيم,تعدين الفحم والليغنيت,4,6,1,5,17,17,0,23,2022-1
1,منطقة جازان,الأنشطة البيطرية,6,3,3,0,20,20,0,23,2022-1
1,منطقة الجوف,صُنع الورق ومنتجات الورق,3,4,3,1,19,19,0,23,2022-1
2,منطقة نجران,صنع الحواسيب والمنتجات الإلكترونية والبصرية,9,2,0,2,21,21,0,23,2022-4
1,منطقة الجوف,صناعة معدات النقل الأخرى,2,0,0,0,23,23,0,23,2022-1
4,منطقة تبوك,أنشطة البريد ونقل الرسائل والطرود بواسطة مندوبين,9,1,1,0,22,21,1,23,2022-10
1,منطقة الباحة,الصرف الصحي,4,2,1,1,21,21,0,23,2022-1
3,منطقة نجران,توصيل الكهرباء والغاز والبخار وتكييف الهواء,8,3,3,0,20,20,0,23,2022-7
1,منطقة نجران,أنشطة البرمجة الحاسوبية والخبرة الاستشارية وما يتصل بها من أنشطة,10,1,0,1,22,22,0,23,2022-1
4,منطقة عسير,أنشطة المكتبات والمحفوظات والمتاحف والأنشطة الثقافية الأخرى,12,5,4,1,18,18,0,23,2022-10
1,منطقة المدينة المنورة,البحث والتطوير في المجال العلمي,8,8,5,3,15,13,2,23,2022-1
4,منطقة الحدود الشمالية,صُنع الورق ومنتجات الورق,3,2,1,1,21,21,0,23,2022-10
3,منطقة الجوف,أنشطة جمع النفايات ومعالجتها وتصريفها ، واسترجاع المواد,4,5,1,4,18,18,0,23,2022-7
1,منطقة عسير,النقل المائي,10,2,1,1,21,21,0,23,2022-1
1,منطقة مكة المكرمة,أنشطة المعالجة وخدمات إدارة النفايات الأخرى,3,6,3,3,17,17,0,23,2022-1
2,منطقة الجوف,صُنع الورق ومنتجات الورق,3,4,3,1,19,19,0,23,2022-4
2,منطقة جازان,الأنشطة البيطرية,7,3,3,0,20,20,0,23,2022-4
3,منطقة الحدود الشمالية,الأنشطة المهنية والعلمية والتقنية الأخرى,11,1,0,1,22,19,3,23,2022-7
1,منطقة الجوف,صُنع المواد الكيميائية والمنتجات الكيميائية,9,5,2,3,18,18,0,23,2022-1
4,منطقة المدينة المنورة,تعدين ركازات الفلزات,7,1,1,0,21,21,0,22,2022-10
1,منطقة الحدود الشمالية,الأنشطة البيطرية,6,3,2,1,19,17,2,22,2022-1
2,منطقة المدينة المنورة,صناعة معدات النقل الأخرى,7,1,0,1,21,21,0,22,2022-4
4,منطقة عسير,صناعة المركبات ذات المحركات والمركبات المقطورة ونصف المقطورة,9,1,0,1,21,21,0,22,2022-10
3,منطقة تبوك,أنشطة البريد ونقل الرسائل والطرود بواسطة مندوبين,9,2,1,1,20,20,0,22,2022-7
3,منطقة الجوف,الصناعة التحويلية الأخرى,8,5,2,3,17,17,0,22,2022-7
3,منطقة القصيم,صُنع المنتجات الجلدية والمنتجات ذات الصلة,9,1,0,1,21,21,0,22,2022-7
1,منطقة نجران,أنشطة المعالجة وخدمات إدارة النفايات الأخرى,1,2,1,1,20,20,0,22,2022-1
4,منطقة الجوف,صنع المنتجات الصيدلانية الأساسية والمستحضرات الصيدلانية,7,0,0,0,22,21,1,22,2022-10
3,منطقة الباحة,صنع الفلزات القاعدية,11,3,3,0,19,19,0,22,2022-7
3,منطقة الجوف,أنشطة خدمات المعلومات,8,4,2,2,18,18,0,22,2022-7
1,منطقة المدينة المنورة,صناعة معدات النقل الأخرى,7,2,1,1,20,20,0,22,2022-1
3,منطقة الباحة,أنشطة المنظمات ذات العضوية,12,15,12,3,7,7,0,22,2022-7
1,منطقة عسير,صنع فحم الكوك والمنتجات النفطية المكررة,2,9,5,4,13,13,0,22,2022-1
1,منطقة حائل,أنشطة جمع النفايات ومعالجتها وتصريفها ، واسترجاع المواد,7,3,2,1,19,18,1,22,2022-1
1,منطقة الجوف,أنشطة الخدمات المالية ، فيما عدا تمويل التأمين وصناديق المعاشات,10,3,1,2,19,19,0,22,2022-1
3,منطقة عسير,أنشطة المكتبات والمحفوظات والمتاحف والأنشطة الثقافية الأخرى,11,6,5,1,16,16,0,22,2022-7
2,منطقة حائل,أنشطة المكاتب الرئيسية، والأنشطة الاستشارية في مجال الإدارة,8,2,2,0,19,19,0,21,2022-4
4,منطقة الجوف,الطباعة واستنساخ وسائط الأعلام المسجّلة,9,2,2,0,19,19,0,21,2022-10
1,منطقة الحدود الشمالية,الأنشطة المهنية والعلمية والتقنية الأخرى,10,1,0,1,20,16,4,21,2022-1
3,منطقة عسير,صناعة معدات النقل الأخرى,5,0,0,0,21,21,0,21,2022-7
1,منطقة نجران,تعدين ركازات الفلزات,8,0,0,0,21,21,0,21,2022-1
2,منطقة المدينة المنورة,البحث والتطوير في المجال العلمي,10,10,5,5,11,10,1,21,2022-4
1,منطقة نجران,النقل المائي,8,1,0,1,20,20,0,21,2022-1
3,منطقة حائل,أنشطة جمع النفايات ومعالجتها وتصريفها ، واسترجاع المواد,8,2,1,1,19,19,0,21,2022-7
2,منطقة الباحة,الأنشطة المهنية والعلمية والتقنية الأخرى,11,3,2,1,18,16,2,21,2022-4
3,منطقة جازان,تعدين ركازات الفلزات,7,0,0,0,21,21,0,21,2022-7
3,منطقة نجران,الأنشطة البيطرية,9,2,2,0,19,19,0,21,2022-7
1,منطقة حائل,أنشطة الأمن والتحقيقات,7,12,11,1,9,9,0,21,2022-1
4,منطقة الباحة,صنع الفلزات القاعدية,10,3,3,0,18,18,0,21,2022-10
1,منطقة نجران,أنشطة المكتبات والمحفوظات والمتاحف والأنشطة الثقافية الأخرى,7,1,1,0,20,20,0,21,2022-1
4,منطقة حائل,أنشطة جمع النفايات ومعالجتها وتصريفها ، واسترجاع المواد,7,3,1,2,18,18,0,21,2022-10
3,منطقة الباحة,الصناعة التحويلية الأخرى,8,4,3,1,17,16,1,21,2022-7
1,منطقة نجران,الأنشطة البيطرية,8,0,0,0,21,21,0,21,2022-1
2,منطقة الحدود الشمالية,الأنشطة المهنية والعلمية والتقنية الأخرى,10,1,1,0,20,16,4,21,2022-4
2,منطقة القصيم,الأنشطة المساعدة لأنشطة الخدمات المالية وأنشطة التأمين,6,5,2,3,15,15,0,20,2022-4
3,منطقة جازان,الأنشطة البيطرية,8,4,4,0,16,16,0,20,2022-7
4,منطقة القصيم,النقل المائي,7,1,1,0,19,19,0,20,2022-10
4,منطقة نجران,تعدين ركازات الفلزات,5,0,0,0,20,20,0,20,2022-10
2,منطقة عسير,أنشطة خدمات المعلومات,8,7,5,2,13,13,0,20,2022-4
1,منطقة الحدود الشمالية,صنع منتجات المطاط واللدائن,2,3,1,2,17,17,0,20,2022-1
4,منطقة القصيم,أنشطة المكتبات والمحفوظات والمتاحف والأنشطة الثقافية الأخرى,5,6,5,1,14,14,0,20,2022-10
2,منطقة عسير,صناعة معدات النقل الأخرى,5,0,0,0,20,20,0,20,2022-4
3,منطقة الرياض,الحراجة وقطع الأخشاب,6,5,3,2,15,15,0,20,2022-7
3,منطقة الجوف,صنع المنتجات الصيدلانية الأساسية والمستحضرات الصيدلانية,7,1,1,0,19,19,0,20,2022-7
1,منطقة الباحة,الاتصالات,5,5,2,3,15,15,0,20,2022-1
3,منطقة عسير,صناعة المركبات ذات المحركات والمركبات المقطورة ونصف المقطورة,9,1,0,1,19,19,0,20,2022-7
2,منطقة الحدود الشمالية,صُنع الورق ومنتجات الورق,4,2,1,1,18,18,0,20,2022-4
2,منطقة الجوف,أنشطة الخدمات المالية ، فيما عدا تمويل التأمين وصناديق المعاشات,9,4,2,2,16,16,0,20,2022-4
4,منطقة الجوف,أنشطة جمع النفايات ومعالجتها وتصريفها ، واسترجاع المواد,4,2,0,2,18,18,0,20,2022-10
2,منطقة جازان,أنشطة خدمات المعلومات,7,2,1,1,18,18,0,20,2022-4
1,منطقة نجران,استخراج النفط الخام والغاز الطبيعي,5,2,1,1,18,17,1,20,2022-1
4,منطقة نجران,صناعة معدات النقل الأخرى,5,1,0,1,19,19,0,20,2022-10
3,منطقة نجران,النقل المائي,7,0,0,0,20,20,0,20,2022-7
3,منطقة حائل,الأنشطة البيطرية,9,2,1,1,18,18,0,20,2022-7
1,منطقة حائل,صُنع المنتجات الجلدية والمنتجات ذات الصلة,5,1,0,1,19,19,0,20,2022-1
3,منطقة الحدود الشمالية,صُنع الورق ومنتجات الورق,3,2,1,1,18,18,0,20,2022-7
4,منطقة جازان,تعدين ركازات الفلزات,7,0,0,0,20,20,0,20,2022-10
1,منطقة الرياض,أنشطة الاسر المعيشية التي تستخدم أفراداً للعمل المنزلي,10,1,1,0,18,17,1,19,2022-1
3,منطقة الجوف,صُنع الورق ومنتجات الورق,3,2,2,0,17,17,0,19,2022-7
4,منطقة عسير,صناعة معدات النقل الأخرى,5,2,2,0,17,17,0,19,2022-10
2,منطقة نجران,أنشطة المعالجة وخدمات إدارة النفايات الأخرى,1,1,0,1,18,18,0,19,2022-4
3,منطقة نجران,صنع المنتجات الصيدلانية الأساسية والمستحضرات الصيدلانية,3,2,0,2,17,17,0,19,2022-7
3,منطقة حائل,أنشطة المكاتب الرئيسية، والأنشطة الاستشارية في مجال الإدارة,7,2,2,0,17,17,0,19,2022-7
4,منطقة الجوف,أنشطة خدمات المعلومات,8,3,2,1,16,16,0,19,2022-10
3,المنطقة الشرقية,أنشطة الاسر المعيشية التي تستخدم أفراداً للعمل المنزلي,10,2,1,1,17,16,1,19,2022-7
4,المنطقة الشرقية,أنشطة الاسر المعيشية التي تستخدم أفراداً للعمل المنزلي,8,3,1,2,16,15,1,19,2022-10
3,منطقة تبوك,أنشطة خدمات دعم التعدين,2,3,2,1,16,16,0,19,2022-7
1,منطقة الحدود الشمالية,أنشطة خدمات دعم التعدين,1,2,1,1,17,17,0,19,2022-1
3,منطقة الباحة,صناعة الآلات والمعدات غير المصنفة في موضع أخر,5,2,0,2,17,17,0,19,2022-7
2,منطقة الحدود الشمالية,أنشطة المكاتب الرئيسية، والأنشطة الاستشارية في مجال الإدارة,4,7,4,3,12,12,0,19,2022-4
2,منطقة الحدود الشمالية,أنشطة خدمات دعم التعدين,1,2,1,1,17,17,0,19,2022-4
3,منطقة الباحة,الاتصالات,4,5,3,2,14,14,0,19,2022-7
1,منطقة الحدود الشمالية,أنشطة المكاتب الرئيسية، والأنشطة الاستشارية في مجال الإدارة,4,9,6,3,10,10,0,19,2022-1
1,منطقة جازان,أنشطة خدمات المعلومات,7,3,1,2,16,16,0,19,2022-1
2,منطقة القصيم,أنشطة الاسر المعيشية التي تستخدم أفراداً للعمل المنزلي,7,1,1,0,18,18,0,19,2022-4
3,منطقة نجران,صناعة المركبات ذات المحركات والمركبات المقطورة ونصف المقطورة,8,1,0,1,17,17,0,18,2022-7
1,منطقة حائل,أنشطة المكاتب الرئيسية، والأنشطة الاستشارية في مجال الإدارة,7,3,2,1,15,15,0,18,2022-1
2,منطقة القصيم,صُنع المنتجات الجلدية والمنتجات ذات الصلة,6,2,0,2,16,16,0,18,2022-4
2,المنطقة الشرقية,أنشطة الاسر المعيشية التي تستخدم أفراداً للعمل المنزلي,9,2,2,0,16,15,1,18,2022-4
4,منطقة حائل,صنع الحواسيب والمنتجات الإلكترونية والبصرية,7,1,0,1,17,17,0,18,2022-10
1,منطقة القصيم,النقل الجوي,9,3,0,3,15,15,0,18,2022-1
4,منطقة حائل,صناعة المركبات ذات المحركات والمركبات المقطورة ونصف المقطورة,6,1,1,0,17,17,0,18,2022-10
1,منطقة عسير,أنشطة البرمجة والإذاعة,8,4,4,0,14,14,0,18,2022-1
1,منطقة القصيم,أنشطة الاسر المعيشية التي تستخدم أفراداً للعمل المنزلي,7,1,1,0,17,16,1,18,2022-1
4,منطقة حائل,الأنشطة البيطرية,7,1,0,1,17,17,0,18,2022-10
4,منطقة نجران,النقل المائي,7,0,0,0,18,18,0,18,2022-10
1,المنطقة الشرقية,أنشطة الاسر المعيشية التي تستخدم أفراداً للعمل المنزلي,9,2,2,0,16,16,0,18,2022-1
4,منطقة نجران,الأنشطة البيطرية,10,1,1,0,17,17,0,18,2022-10
4,منطقة الجوف,أنشطة الخدمات المالية ، فيما عدا تمويل التأمين وصناديق المعاشات,10,8,8,0,10,10,0,18,2022-10
3,منطقة القصيم,النقل المائي,5,0,0,0,18,18,0,18,2022-7
4,منطقة الباحة,صناعة الآلات والمعدات غير المصنفة في موضع أخر,6,4,2,2,14,14,0,18,2022-10
4,منطقة القصيم,أنشطة الاسر المعيشية التي تستخدم أفراداً للعمل المنزلي,6,1,1,0,17,17,0,18,2022-10
4,منطقة الحدود الشمالية,أنشطة البرمجة الحاسوبية والخبرة الاستشارية وما يتصل بها من أنشطة,8,4,2,2,14,14,0,18,2022-10
3,منطقة الجوف,الإدارة العامة والدفاع ؛ والضمان الاجتماعي الإلزامي,7,3,1,2,15,14,1,18,2022-7
4,منطقة الباحة,الصرف الصحي,4,2,0,2,16,16,0,18,2022-10
2,منطقة نجران,النقل المائي,8,0,0,0,18,18,0,18,2022-4
4,منطقة الجوف,الصناعة التحويلية الأخرى,8,2,1,1,16,16,0,18,2022-10
2,منطقة نجران,أنشطة المكتبات والمحفوظات والمتاحف والأنشطة الثقافية الأخرى,6,0,0,0,18,18,0,18,2022-4
1,منطقة القصيم,الأنشطة المساعدة لأنشطة الخدمات المالية وأنشطة التأمين,5,2,1,1,15,15,0,17,2022-1
3,منطقة حائل,صنع الحواسيب والمنتجات الإلكترونية والبصرية,7,0,0,0,17,17,0,17,2022-7
4,منطقة الجوف,الإدارة العامة والدفاع ؛ والضمان الاجتماعي الإلزامي,7,1,0,1,16,15,1,17,2022-10
3,منطقة حائل,صناعة المركبات ذات المحركات والمركبات المقطورة ونصف المقطورة,7,1,1,0,16,16,0,17,2022-7
4,منطقة الجوف,صُنع الورق ومنتجات الورق,3,2,2,0,15,15,0,17,2022-10
4,منطقة القصيم,الأنشطة المساعدة لأنشطة الخدمات المالية وأنشطة التأمين,7,6,3,3,11,11,0,17,2022-10
2,منطقة القصيم,أنشطة خدمات دعم التعدين,3,3,2,1,14,14,0,17,2022-4
3,منطقة جازان,أنشطة المكاتب الرئيسية، والأنشطة الاستشارية في مجال الإدارة,5,10,2,8,7,6,1,17,2022-7
1,منطقة الباحة,صنع المعدات الكهربائية,10,0,0,0,17,17,0,17,2022-1
4,منطقة جازان,أنشطة المكاتب الرئيسية، والأنشطة الاستشارية في مجال الإدارة,6,7,1,6,10,9,1,17,2022-10
2,منطقة جازان,صنع المنتجات الصيدلانية الأساسية والمستحضرات الصيدلانية,6,1,1,0,16,14,2,17,2022-4
2,منطقة نجران,أنشطة المكاتب الرئيسية، والأنشطة الاستشارية في مجال الإدارة,4,2,0,2,15,15,0,17,2022-4
3,منطقة تبوك,صنع الحواسيب والمنتجات الإلكترونية والبصرية,11,1,0,1,16,16,0,17,2022-7
3,منطقة نجران,صنع الحواسيب والمنتجات الإلكترونية والبصرية,7,1,0,1,16,16,0,17,2022-7
2,منطقة تبوك,أنشطة البريد ونقل الرسائل والطرود بواسطة مندوبين,7,1,0,1,16,15,1,17,2022-4
2,منطقة الباحة,صنع المعدات الكهربائية,10,0,0,0,17,17,0,17,2022-4
1,منطقة جازان,صنع المنتجات الصيدلانية الأساسية والمستحضرات الصيدلانية,6,1,1,0,16,14,2,17,2022-1
4,منطقة تبوك,صنع الحواسيب والمنتجات الإلكترونية والبصرية,11,1,0,1,16,16,0,17,2022-10
3,منطقة الحدود الشمالية,الإدارة العامة والدفاع ؛ والضمان الاجتماعي الإلزامي,4,7,4,3,10,10,0,17,2022-7
4,منطقة جازان,الأنشطة البيطرية,7,2,2,0,14,14,0,16,2022-10
2,منطقة تبوك,صناعة الآلات والمعدات غير المصنفة في موضع أخر,5,0,0,0,16,16,0,16,2022-4
3,منطقة القصيم,أنشطة الاسر المعيشية التي تستخدم أفراداً للعمل المنزلي,5,1,1,0,15,15,0,16,2022-7
4,منطقة تبوك,أنشطة خدمات المعلومات,9,5,1,4,11,11,0,16,2022-10
4,منطقة تبوك,أنشطة خدمات دعم التعدين,2,3,2,1,13,13,0,16,2022-10
2,منطقة الحدود الشمالية,الأنشطة البيطرية,6,2,1,1,14,14,0,16,2022-4
2,منطقة تبوك,أنشطة خدمات المعلومات,7,4,2,2,12,12,0,16,2022-4
2,منطقة الجوف,الصناعة التحويلية الأخرى,6,2,2,0,14,14,0,16,2022-4
1,منطقة نجران,أنشطة المكاتب الرئيسية، والأنشطة الاستشارية في مجال الإدارة,4,0,0,0,16,16,0,16,2022-1
2,منطقة الجوف,توصيل الكهرباء والغاز والبخار وتكييف الهواء,7,1,1,0,15,15,0,16,2022-4
1,منطقة تبوك,أنشطة خدمات المعلومات,6,2,1,1,14,14,0,16,2022-1
1,منطقة القصيم,صُنع المنتجات الجلدية والمنتجات ذات الصلة,7,2,1,1,14,14,0,16,2022-1
2,منطقة الرياض,أنشطة الاسر المعيشية التي تستخدم أفراداً للعمل المنزلي,9,1,1,0,15,14,1,16,2022-4
1,منطقة تبوك,صناعة الآلات والمعدات غير المصنفة في موضع أخر,5,0,0,0,16,16,0,16,2022-1
4,منطقة الباحة,أنشطة الخدمات المالية ، فيما عدا تمويل التأمين وصناديق المعاشات,6,4,3,1,12,12,0,16,2022-10
3,منطقة الرياض,أنشطة الاسر المعيشية التي تستخدم أفراداً للعمل المنزلي,11,2,2,0,13,12,1,15,2022-7
2,منطقة عسير,أنشطة البرمجة والإذاعة,7,1,1,0,14,14,0,15,2022-4
2,منطقة الحدود الشمالية,تعدين ركازات الفلزات,5,1,1,0,14,14,0,15,2022-4
1,منطقة الحدود الشمالية,الأنشطة القانونية وأنشطة المحاسبة,7,10,4,6,5,5,0,15,2022-1
4,منطقة الباحة,صنع الحواسيب والمنتجات الإلكترونية والبصرية,7,6,6,0,9,9,0,15,2022-10
1,منطقة الحدود الشمالية,تعدين ركازات الفلزات,5,1,1,0,14,14,0,15,2022-1
1,منطقة الحدود الشمالية,أنشطة البرمجة الحاسوبية والخبرة الاستشارية وما يتصل بها من أنشطة,5,2,2,0,13,13,0,15,2022-1
2,منطقة الحدود الشمالية,أنشطة البرمجة الحاسوبية والخبرة الاستشارية وما يتصل بها من أنشطة,6,3,1,2,12,12,0,15,2022-4
1,منطقة الجوف,توصيل الكهرباء والغاز والبخار وتكييف الهواء,7,2,1,1,13,13,0,15,2022-1
4,منطقة نجران,الرعاية مع الإقامة,1,11,4,7,4,0,4,15,2022-10
3,منطقة الحدود الشمالية,صُنع المشروبات,2,3,2,1,12,12,0,15,2022-7
3,منطقة الباحة,أنشطة الخدمات المالية ، فيما عدا تمويل التأمين وصناديق المعاشات,6,5,4,1,10,10,0,15,2022-7
4,منطقة نجران,صنع الحواسيب والمنتجات الإلكترونية والبصرية,6,1,0,1,14,14,0,15,2022-10
4,منطقة الجوف,صنع الحواسيب والمنتجات الإلكترونية والبصرية,5,1,0,1,14,14,0,15,2022-10
4,منطقة عسير,أنشطة خدمات المعلومات,8,5,2,3,10,9,1,15,2022-10
4,منطقة الباحة,الاتصالات,4,4,2,2,11,11,0,15,2022-10
3,منطقة الباحة,صنع الحواسيب والمنتجات الإلكترونية والبصرية,7,6,6,0,9,9,0,15,2022-7
3,منطقة تبوك,أنشطة المكتبات والمحفوظات والمتاحف والأنشطة الثقافية الأخرى,6,4,4,0,10,10,0,14,2022-7
1,المنطقة الشرقية,الأنشطة غير المتميزة لإنتاج السلع والخدمات التي تقوم بها الأسر المعيشية الخاصة لإستعمالها الخاص,3,0,0,0,14,14,0,14,2022-1
3,منطقة الحدود الشمالية,أنشطة البرمجة الحاسوبية والخبرة الاستشارية وما يتصل بها من أنشطة,7,1,1,0,13,13,0,14,2022-7
2,منطقة الجوف,صنع الحواسيب والمنتجات الإلكترونية والبصرية,4,1,0,1,13,13,0,14,2022-4
4,منطقة الجوف,استخراج النفط الخام والغاز الطبيعي,7,0,0,0,14,14,0,14,2022-10
3,منطقة الباحة,الصرف الصحي,4,0,0,0,14,14,0,14,2022-7
4,منطقة نجران,صناعة المركبات ذات المحركات والمركبات المقطورة ونصف المقطورة,8,1,0,1,13,13,0,14,2022-10
3,منطقة الجوف,صنع الحواسيب والمنتجات الإلكترونية والبصرية,4,1,0,1,13,13,0,14,2022-7
3,منطقة الباحة,الأنشطة المساعدة لأنشطة الخدمات المالية وأنشطة التأمين,1,14,10,4,0,0,0,14,2022-7
4,منطقة الجوف,الصرف الصحي,8,0,0,0,14,14,0,14,2022-10
4,منطقة عسير,أنشطة البرمجة والإذاعة,7,2,1,1,12,12,0,14,2022-10
3,منطقة نجران,أنشطة المكتبات والمحفوظات والمتاحف والأنشطة الثقافية الأخرى,6,1,1,0,13,13,0,14,2022-7
3,المنطقة الشرقية,الأنشطة غير المتميزة لإنتاج السلع والخدمات التي تقوم بها الأسر المعيشية الخاصة لإستعمالها الخاص,3,0,0,0,14,14,0,14,2022-7
2,منطقة الجوف,الصرف الصحي,7,1,0,1,13,13,0,14,2022-4
2,المنطقة الشرقية,الأنشطة غير المتميزة لإنتاج السلع والخدمات التي تقوم بها الأسر المعيشية الخاصة لإستعمالها الخاص,3,0,0,0,14,14,0,14,2022-4
1,منطقة تبوك,الأنشطة البيطرية,7,3,3,0,11,11,0,14,2022-1
2,منطقة حائل,الأنشطة البيطرية,7,1,0,1,13,13,0,14,2022-4
3,منطقة تبوك,أنشطة خدمات المعلومات,9,3,1,2,11,11,0,14,2022-7
1,منطقة الجوف,أنشطة خدمات دعم التعدين,5,0,0,0,14,14,0,14,2022-1
1,منطقة الحدود الشمالية,صُنع المشروبات,1,3,2,1,11,11,0,14,2022-1
1,منطقة الجوف,الصرف الصحي,7,1,0,1,13,13,0,14,2022-1
4,المنطقة الشرقية,الأنشطة غير المتميزة لإنتاج السلع والخدمات التي تقوم بها الأسر المعيشية الخاصة لإستعمالها الخاص,3,0,0,0,14,14,0,14,2022-10
4,منطقة حائل,أنشطة المكاتب الرئيسية، والأنشطة الاستشارية في مجال الإدارة,6,2,2,0,12,12,0,14,2022-10
3,منطقة القصيم,صنع الحواسيب والمنتجات الإلكترونية والبصرية,9,1,1,0,12,12,0,13,2022-7
2,منطقة الحدود الشمالية,الأنشطة القانونية وأنشطة المحاسبة,6,8,4,4,5,5,0,13,2022-4
2,منطقة حائل,صنع المنتجات الصيدلانية الأساسية والمستحضرات الصيدلانية,5,0,0,0,13,13,0,13,2022-4
4,منطقة تبوك,أنشطة المكتبات والمحفوظات والمتاحف والأنشطة الثقافية الأخرى,6,3,3,0,10,10,0,13,2022-10
1,منطقة القصيم,أنشطة خدمات دعم التعدين,3,1,0,1,12,12,0,13,2022-1
4,منطقة الجوف,أنشطة خدمات دعم التعدين,6,0,0,0,13,13,0,13,2022-10
3,منطقة جازان,صنع المنتجات الصيدلانية الأساسية والمستحضرات الصيدلانية,6,0,0,0,13,11,2,13,2022-7
4,منطقة الحدود الشمالية,صُنع المشروبات,1,2,2,0,11,11,0,13,2022-10
4,منطقة حائل,أنشطة البريد ونقل الرسائل والطرود بواسطة مندوبين,4,0,0,0,13,13,0,13,2022-10
2,منطقة الجوف,أنشطة خدمات دعم التعدين,5,0,0,0,13,13,0,13,2022-4
3,منطقة الجوف,أنشطة خدمات دعم التعدين,6,0,0,0,13,13,0,13,2022-7
3,منطقة حائل,أنشطة البريد ونقل الرسائل والطرود بواسطة مندوبين,4,0,0,0,13,13,0,13,2022-7
4,منطقة الرياض,أنشطة الاسر المعيشية التي تستخدم أفراداً للعمل المنزلي,9,1,1,0,12,11,1,13,2022-10
2,منطقة الرياض,الحراجة وقطع الأخشاب,5,4,2,2,9,9,0,13,2022-4
3,منطقة الجوف,توصيل الكهرباء والغاز والبخار وتكييف الهواء,5,2,1,1,11,11,0,13,2022-7
2,منطقة الحدود الشمالية,صُنع المشروبات,1,3,2,1,10,10,0,13,2022-4
4,منطقة القصيم,الأنشطة الإبداعية والفنون وأنشطة الترفيه,4,2,1,1,11,11,0,13,2022-10
1,منطقة حائل,الأنشطة البيطرية,5,0,0,0,13,13,0,13,2022-1
4,منطقة القصيم,أنشطة خدمات دعم التعدين,3,2,1,1,11,11,0,13,2022-10
3,منطقة الحدود الشمالية,الأنشطة البيطرية,5,4,3,1,9,9,0,13,2022-7
4,منطقة القصيم,صنع الحواسيب والمنتجات الإلكترونية والبصرية,9,1,1,0,12,12,0,13,2022-10
3,منطقة تبوك,أنشطة الأمن والتحقيقات,8,6,6,0,7,7,0,13,2022-7
1,منطقة تبوك,أنشطة البريد ونقل الرسائل والطرود بواسطة مندوبين,7,1,0,1,12,11,1,13,2022-1
3,منطقة القصيم,أنشطة خدمات دعم التعدين,3,3,2,1,10,10,0,13,2022-7
4,منطقة جازان,صنع المنتجات الصيدلانية الأساسية والمستحضرات الصيدلانية,6,0,0,0,13,11,2,13,2022-10
4,منطقة نجران,أنشطة المكتبات والمحفوظات والمتاحف والأنشطة الثقافية الأخرى,6,0,0,0,13,13,0,13,2022-10
3,منطقة عسير,أنشطة خدمات المعلومات,7,5,3,2,8,8,0,13,2022-7
3,منطقة تبوك,صناعة الآلات والمعدات غير المصنفة في موضع أخر,5,0,0,0,12,12,0,12,2022-7
3,منطقة عسير,أنشطة البرمجة والإذاعة,7,0,0,0,12,12,0,12,2022-7
3,منطقة جازان,أنشطة خدمات المعلومات,4,2,0,2,10,10,0,12,2022-7
2,منطقة الحدود الشمالية,صناعة الآلات والمعدات غير المصنفة في موضع أخر,4,0,0,0,12,12,0,12,2022-4
4,منطقة الجوف,توصيل الكهرباء والغاز والبخار وتكييف الهواء,6,1,1,0,11,11,0,12,2022-10
4,منطقة تبوك,أنشطة الأمن والتحقيقات,7,5,4,1,7,7,0,12,2022-10
1,منطقة عسير,صناعة معدات النقل الأخرى,5,0,0,0,12,12,0,12,2022-1
4,منطقة تبوك,صناعة الآلات والمعدات غير المصنفة في موضع أخر,5,0,0,0,12,12,0,12,2022-10
4,منطقة الحدود الشمالية,الأنشطة البيطرية,5,2,2,0,10,10,0,12,2022-10
3,منطقة القصيم,الأنشطة الإبداعية والفنون وأنشطة الترفيه,4,1,0,1,11,11,0,12,2022-7
4,منطقة نجران,أنشطة المكاتب الرئيسية، والأنشطة الاستشارية في مجال الإدارة,4,0,0,0,12,12,0,12,2022-10
3,منطقة الجوف,استخراج النفط الخام والغاز الطبيعي,6,2,2,0,10,10,0,12,2022-7
1,منطقة الحدود الشمالية,صناعة الآلات والمعدات غير المصنفة في موضع أخر,4,0,0,0,12,12,0,12,2022-1
1,منطقة الحدود الشمالية,الصرف الصحي,3,0,0,0,12,12,0,12,2022-1
1,منطقة الباحة,أنشطة المكاتب الرئيسية، والأنشطة الاستشارية في مجال الإدارة,3,3,2,1,9,9,0,12,2022-1
1,منطقة نجران,الرعاية مع الإقامة,1,8,0,8,4,0,4,12,2022-1
2,منطقة الباحة,أنشطة المكاتب الرئيسية، والأنشطة الاستشارية في مجال الإدارة,3,3,2,1,9,9,0,12,2022-4
1,منطقة الجوف,صنع الحواسيب والمنتجات الإلكترونية والبصرية,4,0,0,0,11,11,0,11,2022-1
3,منطقة الحدود الشمالية,صناعة الآلات والمعدات غير المصنفة في موضع أخر,4,0,0,0,11,11,0,11,2022-7
3,منطقة الحدود الشمالية,توصيل الكهرباء والغاز والبخار وتكييف الهواء,4,2,1,1,9,9,0,11,2022-7
4,المنطقة الشرقية,الحراجة وقطع الأخشاب,4,2,2,0,9,9,0,11,2022-10
1,منطقة الحدود الشمالية,صنع الحواسيب والمنتجات الإلكترونية والبصرية,5,0,0,0,11,11,0,11,2022-1
1,منطقة حائل,أنشطة المكتبات والمحفوظات والمتاحف والأنشطة الثقافية الأخرى,6,3,1,2,8,8,0,11,2022-1
3,منطقة المدينة المنورة,أنشطة خدمات دعم التعدين,6,3,2,1,8,8,0,11,2022-7
2,منطقة القصيم,الأنشطة الإبداعية والفنون وأنشطة الترفيه,4,1,1,0,10,10,0,11,2022-4
1,منطقة الجوف,استخراج النفط الخام والغاز الطبيعي,4,0,0,0,11,11,0,11,2022-1
3,منطقة نجران,أنشطة المكاتب الرئيسية، والأنشطة الاستشارية في مجال الإدارة,4,0,0,0,11,11,0,11,2022-7
3,منطقة الباحة,وكالات السفر ومشغّلو الجولات السياحية وخدمات الحجز والأنشطة المتصلة بها,4,2,1,1,9,9,0,11,2022-7
2,منطقة جازان,البحث والتطوير في المجال العلمي,3,8,4,4,3,3,0,11,2022-4
1,منطقة الباحة,أنشطة المكتبات والمحفوظات والمتاحف والأنشطة الثقافية الأخرى,5,2,1,1,9,9,0,11,2022-1
2,منطقة الباحة,صناعة الآلات والمعدات غير المصنفة في موضع أخر,3,3,2,1,8,8,0,11,2022-4
1,منطقة تبوك,البحث والتطوير في المجال العلمي,3,1,1,0,10,10,0,11,2022-1
4,منطقة جازان,البحث والتطوير في المجال العلمي,2,9,6,3,2,2,0,11,2022-10
4,منطقة الحدود الشمالية,الإدارة العامة والدفاع ؛ والضمان الاجتماعي الإلزامي,3,1,0,1,10,10,0,11,2022-10
2,منطقة الحدود الشمالية,الصرف الصحي,3,0,0,0,11,11,0,11,2022-4
4,منطقة الحدود الشمالية,صناعة الآلات والمعدات غير المصنفة في موضع أخر,4,0,0,0,11,11,0,11,2022-10
2,منطقة الجوف,صنع المنتجات الصيدلانية الأساسية والمستحضرات الصيدلانية,4,0,0,0,10,10,0,10,2022-4
1,منطقة القصيم,الأنشطة الإبداعية والفنون وأنشطة الترفيه,4,1,1,0,9,9,0,10,2022-1
4,منطقة جازان,أنشطة خدمات المعلومات,4,1,0,1,9,9,0,10,2022-10
3,منطقة جازان,البحث والتطوير في المجال العلمي,2,8,6,2,2,2,0,10,2022-7
1,منطقة الحدود الشمالية,توصيل الكهرباء والغاز والبخار وتكييف الهواء,3,1,0,1,9,9,0,10,2022-1
3,منطقة الباحة,صنع المعدات الكهربائية,5,0,0,0,10,10,0,10,2022-7
4,منطقة الباحة,توصيل الكهرباء والغاز والبخار وتكييف الهواء,3,3,3,0,7,7,0,10,2022-10
4,منطقة تبوك,أنشطة جمع النفايات ومعالجتها وتصريفها ، واسترجاع المواد,4,3,2,1,7,7,0,10,2022-10
4,منطقة المدينة المنورة,أنشطة البرمجة والإذاعة,4,1,0,1,9,9,0,10,2022-10
1,منطقة جازان,أنشطة النشر,7,1,0,1,9,9,0,10,2022-1
4,منطقة الباحة,وكالات السفر ومشغّلو الجولات السياحية وخدمات الحجز والأنشطة المتصلة بها,5,1,1,0,9,9,0,10,2022-10
3,منطقة المدينة المنورة,أنشطة البرمجة والإذاعة,4,1,0,1,9,9,0,10,2022-7
4,منطقة الباحة,أنشطة البرمجة الحاسوبية والخبرة الاستشارية وما يتصل بها من أنشطة,5,3,2,1,7,7,0,10,2022-10
3,منطقة الحدود الشمالية,الصرف الصحي,3,1,1,0,9,9,0,10,2022-7
4,منطقة المدينة المنورة,تمويل التأمين وإعادة التأمين وصناديق المعاشات التقاعدية باستثناء الضمان الاجتماعي الإلزامي,4,3,1,2,7,6,1,10,2022-10
2,منطقة نجران,الرعاية مع الإقامة,1,6,0,6,4,0,4,10,2022-4
4,منطقة الحدود الشمالية,أنشطة المكاتب الرئيسية، والأنشطة الاستشارية في مجال الإدارة,3,1,1,0,9,9,0,10,2022-10
2,منطقة المدينة المنورة,أنشطة البرمجة والإذاعة,3,1,0,1,9,9,0,10,2022-4
3,منطقة الحدود الشمالية,أنشطة المكاتب الرئيسية، والأنشطة الاستشارية في مجال الإدارة,3,1,0,1,9,9,0,10,2022-7
3,منطقة نجران,الرعاية مع الإقامة,1,6,0,6,4,0,4,10,2022-7
2,منطقة نجران,النقل الجوي,2,0,0,0,10,10,0,10,2022-4
4,منطقة الحدود الشمالية,توصيل الكهرباء والغاز والبخار وتكييف الهواء,4,2,1,1,8,8,0,10,2022-10
3,منطقة الباحة,توصيل الكهرباء والغاز والبخار وتكييف الهواء,4,2,2,0,8,8,0,10,2022-7
3,منطقة حائل,أنشطة المكتبات والمحفوظات والمتاحف والأنشطة الثقافية الأخرى,5,0,0,0,10,10,0,10,2022-7
1,منطقة الباحة,تعدين ركازات الفلزات,4,1,1,0,9,9,0,10,2022-1
2,منطقة عسير,البحث والتطوير في المجال العلمي,4,7,0,7,3,3,0,10,2022-4
2,منطقة الجوف,استخراج النفط الخام والغاز الطبيعي,5,1,1,0,9,9,0,10,2022-4
3,منطقة تبوك,الأنشطة الإبداعية والفنون وأنشطة الترفيه,3,3,1,2,7,7,0,10,2022-7
1,منطقة حائل,أنشطة البريد ونقل الرسائل والطرود بواسطة مندوبين,2,1,0,1,8,8,0,9,2022-1
1,منطقة تبوك,أنشطة البرمجة والإذاعة,2,1,0,1,8,8,0,9,2022-1
2,منطقة الرياض,الأنشطة غير المتميزة لإنتاج السلع والخدمات التي تقوم بها الأسر المعيشية الخاصة لإستعمالها الخاص,3,1,0,1,8,8,0,9,2022-4
1,منطقة تبوك,تعدين ركازات الفلزات,2,1,1,0,8,8,0,9,2022-1
1,منطقة تبوك,صناعة معدات النقل الأخرى,3,0,0,0,9,9,0,9,2022-1
2,منطقة الجوف,الرعاية مع الإقامة,4,6,1,5,3,3,0,9,2022-4
2,منطقة الجوف,صُنع المنتجات الجلدية والمنتجات ذات الصلة,2,1,1,0,8,8,0,9,2022-4
2,منطقة الحدود الشمالية,صنع الحواسيب والمنتجات الإلكترونية والبصرية,5,0,0,0,9,9,0,9,2022-4
1,منطقة جازان,البحث والتطوير في المجال العلمي,3,6,3,3,3,3,0,9,2022-1
2,منطقة الباحة,أنشطة المكتبات والمحفوظات والمتاحف والأنشطة الثقافية الأخرى,4,1,0,1,8,8,0,9,2022-4
3,منطقة جازان,أنشطة النشر,5,1,0,1,8,8,0,9,2022-7
1,منطقة المدينة المنورة,أنشطة البرمجة والإذاعة,2,0,0,0,9,9,0,9,2022-1
3,منطقة الحدود الشمالية,الصناعة التحويلية الأخرى,4,1,1,0,8,8,0,9,2022-7
3,منطقة جازان,الأنشطة المساعدة لأنشطة الخدمات المالية وأنشطة التأمين,2,5,3,2,4,4,0,9,2022-7
1,منطقة حائل,صنع المنتجات الصيدلانية الأساسية والمستحضرات الصيدلانية,5,0,0,0,9,9,0,9,2022-1
3,منطقة حائل,أنشطة الاسر المعيشية التي تستخدم أفراداً للعمل المنزلي,6,0,0,0,9,9,0,9,2022-7
2,منطقة الباحة,تعدين ركازات الفلزات,4,0,0,0,9,9,0,9,2022-4
1,منطقة مكة المكرمة,الحراجة وقطع الأخشاب,3,0,0,0,9,9,0,9,2022-1
4,منطقة الحدود الشمالية,صنع منتجات المطاط واللدائن,1,3,1,2,6,6,0,9,2022-10
3,منطقة نجران,النقل الجوي,2,1,1,0,8,8,0,9,2022-7
4,منطقة الباحة,صنع المعدات الكهربائية,5,0,0,0,9,9,0,9,2022-10
2,منطقة الحدود الشمالية,توصيل الكهرباء والغاز والبخار وتكييف الهواء,3,1,0,1,8,8,0,9,2022-4
3,منطقة الحدود الشمالية,صنع الحواسيب والمنتجات الإلكترونية والبصرية,3,3,2,1,6,6,0,9,2022-7
2,منطقة تبوك,تعدين ركازات الفلزات,2,1,1,0,8,8,0,9,2022-4
2,منطقة مكة المكرمة,الحراجة وقطع الأخشاب,3,0,0,0,9,9,0,9,2022-4
4,منطقة جازان,أنشطة النشر,5,1,0,1,8,8,0,9,2022-10
2,منطقة حائل,أنشطة البريد ونقل الرسائل والطرود بواسطة مندوبين,3,0,0,0,9,9,0,9,2022-4
1,منطقة الرياض,الأنشطة غير المتميزة لإنتاج السلع والخدمات التي تقوم بها الأسر المعيشية الخاصة لإستعمالها الخاص,3,1,0,1,8,8,0,9,2022-1
2,منطقة جازان,أنشطة النشر,6,1,0,1,8,8,0,9,2022-4
3,منطقة تبوك,تعدين ركازات الفلزات,2,1,1,0,8,8,0,9,2022-7
4,منطقة الحدود الشمالية,الصرف الصحي,3,0,0,0,8,8,0,8,2022-10
3,منطقة المدينة المنورة,تمويل التأمين وإعادة التأمين وصناديق المعاشات التقاعدية باستثناء الضمان الاجتماعي الإلزامي,3,1,0,1,7,6,1,8,2022-7
2,منطقة نجران,تمويل التأمين وإعادة التأمين وصناديق المعاشات التقاعدية باستثناء الضمان الاجتماعي الإلزامي,2,1,1,0,7,7,0,8,2022-4
1,منطقة نجران,النقل الجوي,2,0,0,0,8,8,0,8,2022-1
1,منطقة نجران,تمويل التأمين وإعادة التأمين وصناديق المعاشات التقاعدية باستثناء الضمان الاجتماعي الإلزامي,2,0,0,0,8,8,0,8,2022-1
3,منطقة تبوك,أنشطة جمع النفايات ومعالجتها وتصريفها ، واسترجاع المواد,3,3,2,1,5,5,0,8,2022-7
2,منطقة تبوك,أنشطة البرمجة والإذاعة,2,0,0,0,8,8,0,8,2022-4
2,منطقة نجران,صُنع المنتجات الجلدية والمنتجات ذات الصلة,4,3,0,3,5,5,0,8,2022-4
2,منطقة تبوك,البحث والتطوير في المجال العلمي,2,1,1,0,7,7,0,8,2022-4
3,منطقة الباحة,أنشطة البرمجة الحاسوبية والخبرة الاستشارية وما يتصل بها من أنشطة,3,2,1,1,6,6,0,8,2022-7
3,منطقة الجوف,الصرف الصحي,6,0,0,0,8,8,0,8,2022-7
4,منطقة عسير,الأنشطة المساعدة لأنشطة الخدمات المالية وأنشطة التأمين,6,2,1,1,6,6,0,8,2022-10
2,منطقة نجران,صنع المنتجات الصيدلانية الأساسية والمستحضرات الصيدلانية,1,0,0,0,8,8,0,8,2022-4
1,منطقة الباحة,صناعة الآلات والمعدات غير المصنفة في موضع أخر,2,1,0,1,7,7,0,8,2022-1
3,منطقة حائل,أنشطة خدمات دعم التعدين,4,0,0,0,8,8,0,8,2022-7
4,منطقة الحدود الشمالية,الصناعة التحويلية الأخرى,4,0,0,0,8,8,0,8,2022-10
2,منطقة جازان,استخراج النفط الخام والغاز الطبيعي,1,3,3,0,5,5,0,8,2022-4
1,منطقة الجوف,الصناعة التحويلية الأخرى,5,2,2,0,6,6,0,8,2022-1
3,منطقة الرياض,الأنشطة غير المتميزة لإنتاج السلع والخدمات التي تقوم بها الأسر المعيشية الخاصة لإستعمالها الخاص,2,1,0,1,7,7,0,8,2022-7
2,منطقة عسير,أنشطة الاسر المعيشية التي تستخدم أفراداً للعمل المنزلي,2,0,0,0,8,8,0,8,2022-4
1,منطقة الرياض,الحراجة وقطع الأخشاب,4,1,0,1,7,7,0,8,2022-1
4,منطقة المدينة المنورة,أنشطة خدمات دعم التعدين,6,2,1,1,6,6,0,8,2022-10
1,منطقة جازان,استخراج النفط الخام والغاز الطبيعي,1,3,3,0,5,5,0,8,2022-1
1,منطقة عسير,أنشطة الاسر المعيشية التي تستخدم أفراداً للعمل المنزلي,2,0,0,0,8,8,0,8,2022-1
1,منطقة الحدود الشمالية,أنشطة المكتبات والمحفوظات والمتاحف والأنشطة الثقافية الأخرى,4,0,0,0,8,8,0,8,2022-1
4,منطقة حائل,أنشطة خدمات دعم التعدين,4,0,0,0,8,8,0,8,2022-10
4,منطقة الجوف,صُنع المنتجات الجلدية والمنتجات ذات الصلة,2,1,1,0,7,7,0,8,2022-10
3,منطقة نجران,أنشطة البرمجة والإذاعة,2,2,1,1,5,5,0,7,2022-7
1,منطقة نجران,صُنع المنتجات الجلدية والمنتجات ذات الصلة,3,1,0,1,6,6,0,7,2022-1
4,منطقة تبوك,تعدين ركازات الفلزات,1,1,1,0,6,6,0,7,2022-10
1,منطقة الجوف,تعدين ركازات الفلزات,3,0,0,0,7,7,0,7,2022-1
3,منطقة حائل,أنشطة البرمجة والإذاعة,1,2,1,1,5,5,0,7,2022-7
1,منطقة تبوك,الأنشطة المساعدة لأنشطة الخدمات المالية وأنشطة التأمين,3,1,1,0,6,6,0,7,2022-1
2,منطقة تبوك,أنشطة الأمن والتحقيقات,6,2,2,0,5,5,0,7,2022-4
3,منطقة تبوك,أنشطة البرمجة والإذاعة,3,1,1,0,6,6,0,7,2022-7
4,منطقة عسير,أنشطة الاسر المعيشية التي تستخدم أفراداً للعمل المنزلي,1,0,0,0,7,7,0,7,2022-10
4,منطقة الباحة,أنشطة خدمات دعم التعدين,3,0,0,0,7,7,0,7,2022-10
4,منطقة حائل,أنشطة البرمجة والإذاعة,1,2,1,1,5,5,0,7,2022-10
3,منطقة الجوف,صُنع المنتجات الجلدية والمنتجات ذات الصلة,2,1,1,0,6,6,0,7,2022-7
4,منطقة تبوك,الأنشطة الإبداعية والفنون وأنشطة الترفيه,3,1,1,0,6,6,0,7,2022-10
2,منطقة الباحة,أنشطة خدمات دعم التعدين,3,0,0,0,7,7,0,7,2022-4
4,منطقة مكة المكرمة,الحراجة وقطع الأخشاب,3,1,0,1,6,6,0,7,2022-10
3,منطقة عسير,أنشطة الاسر المعيشية التي تستخدم أفراداً للعمل المنزلي,1,0,0,0,7,7,0,7,2022-7
4,منطقة الحدود الشمالية,تعدين ركازات الفلزات,3,0,0,0,7,7,0,7,2022-10
3,منطقة الحدود الشمالية,تعدين ركازات الفلزات,3,0,0,0,7,7,0,7,2022-7
1,منطقة الجوف,صنع المنتجات الصيدلانية الأساسية والمستحضرات الصيدلانية,3,0,0,0,7,7,0,7,2022-1
2,منطقة حائل,أنشطة البرمجة والإذاعة,1,2,1,1,5,5,0,7,2022-4
4,منطقة تبوك,أنشطة النشر,2,1,1,0,6,6,0,7,2022-10
1,منطقة الباحة,أنشطة خدمات دعم التعدين,3,0,0,0,7,7,0,7,2022-1
2,منطقة القصيم,البحث والتطوير في المجال العلمي,4,1,0,1,6,6,0,7,2022-4
4,منطقة جازان,الأنشطة المساعدة لأنشطة الخدمات المالية وأنشطة التأمين,1,2,2,0,5,5,0,7,2022-10
4,منطقة حائل,أنشطة الاسر المعيشية التي تستخدم أفراداً للعمل المنزلي,4,0,0,0,7,7,0,7,2022-10
3,منطقة الباحة,أنشطة خدمات دعم التعدين,3,0,0,0,7,7,0,7,2022-7
1,منطقة القصيم,صناعة معدات النقل الأخرى,4,0,0,0,7,6,1,7,2022-1
1,منطقة القصيم,البحث والتطوير في المجال العلمي,4,1,0,1,6,6,0,7,2022-1
1,منطقة الباحة,توصيل الكهرباء والغاز والبخار وتكييف الهواء,2,2,2,0,4,4,0,6,2022-1
4,منطقة نجران,صُنع المنتجات الجلدية والمنتجات ذات الصلة,3,1,0,1,5,5,0,6,2022-10
1,منطقة عسير,استخراج النفط الخام والغاز الطبيعي,3,3,1,2,3,3,0,6,2022-1
2,منطقة الباحة,النقل الجوي,1,1,1,0,5,5,0,6,2022-4
2,منطقة عسير,الأنشطة المساعدة لأنشطة الخدمات المالية وأنشطة التأمين,5,1,1,0,5,5,0,6,2022-4
2,منطقة الحدود الشمالية,صناعة معدات النقل الأخرى,2,0,0,0,6,6,0,6,2022-4
2,منطقة تبوك,صناعة معدات النقل الأخرى,1,1,0,1,5,5,0,6,2022-4
1,منطقة الباحة,النقل الجوي,1,1,1,0,5,5,0,6,2022-1
2,منطقة الباحة,توصيل الكهرباء والغاز والبخار وتكييف الهواء,2,2,2,0,4,4,0,6,2022-4
4,منطقة الباحة,أنشطة المكتبات والمحفوظات والمتاحف والأنشطة الثقافية الأخرى,2,1,0,1,5,5,0,6,2022-10
4,منطقة نجران,النقل الجوي,2,0,0,0,6,6,0,6,2022-10
2,منطقة الحدود الشمالية,أنشطة خدمات المعلومات,2,1,1,0,5,5,0,6,2022-4
4,منطقة تبوك,أنشطة البرمجة والإذاعة,3,0,0,0,6,6,0,6,2022-10
4,منطقة الباحة,الأنشطة الإبداعية والفنون وأنشطة الترفيه,2,1,0,1,5,5,0,6,2022-10
3,منطقة الباحة,الأنشطة الإبداعية والفنون وأنشطة الترفيه,2,1,0,1,5,5,0,6,2022-7
2,منطقة الحدود الشمالية,أنشطة المكتبات والمحفوظات والمتاحف والأنشطة الثقافية الأخرى,4,0,0,0,6,6,0,6,2022-4
3,منطقة القصيم,البحث والتطوير في المجال العلمي,3,1,1,0,5,5,0,6,2022-7
3,منطقة الباحة,أنشطة المكتبات والمحفوظات والمتاحف والأنشطة الثقافية الأخرى,2,1,0,1,5,5,0,6,2022-7
2,منطقة الباحة,وكالات السفر ومشغّلو الجولات السياحية وخدمات الحجز والأنشطة المتصلة بها,2,0,0,0,6,6,0,6,2022-4
3,منطقة مكة المكرمة,الحراجة وقطع الأخشاب,2,0,0,0,6,6,0,6,2022-7
4,منطقة الحدود الشمالية,صنع الحواسيب والمنتجات الإلكترونية والبصرية,3,1,1,0,5,5,0,6,2022-10
3,منطقة جازان,استخراج النفط الخام والغاز الطبيعي,2,2,2,0,4,4,0,6,2022-7
4,منطقة حائل,تعدين ركازات الفلزات,2,0,0,0,6,6,0,6,2022-10
2,منطقة جازان,أنشطة البريد ونقل الرسائل والطرود بواسطة مندوبين,3,0,0,0,6,6,0,6,2022-4
1,منطقة الباحة,وكالات السفر ومشغّلو الجولات السياحية وخدمات الحجز والأنشطة المتصلة بها,2,0,0,0,6,6,0,6,2022-1
3,منطقة الحدود الشمالية,صنع المنتجات الصيدلانية الأساسية والمستحضرات الصيدلانية,1,1,0,1,5,5,0,6,2022-7
2,منطقة الجوف,تعدين ركازات الفلزات,3,0,0,0,6,6,0,6,2022-4
4,منطقة الباحة,تمويل التأمين وإعادة التأمين وصناديق المعاشات التقاعدية باستثناء الضمان الاجتماعي الإلزامي,1,0,0,0,6,6,0,6,2022-10
3,منطقة الباحة,تمويل التأمين وإعادة التأمين وصناديق المعاشات التقاعدية باستثناء الضمان الاجتماعي الإلزامي,1,0,0,0,6,6,0,6,2022-7
2,منطقة حائل,أنشطة الاسر المعيشية التي تستخدم أفراداً للعمل المنزلي,4,0,0,0,6,6,0,6,2022-4
4,منطقة الرياض,الأنشطة غير المتميزة لإنتاج السلع والخدمات التي تقوم بها الأسر المعيشية الخاصة لإستعمالها الخاص,1,0,0,0,6,6,0,6,2022-10
1,منطقة الحدود الشمالية,صناعة معدات النقل الأخرى,2,1,1,0,5,5,0,6,2022-1
2,منطقة القصيم,صناعة معدات النقل الأخرى,4,0,0,0,6,5,1,6,2022-4
2,منطقة الباحة,أنشطة البرمجة الحاسوبية والخبرة الاستشارية وما يتصل بها من أنشطة,2,3,1,2,2,2,0,5,2022-4
2,منطقة القصيم,استخراج النفط الخام والغاز الطبيعي,1,1,0,1,4,4,0,5,2022-4
2,المنطقة الشرقية,الحراجة وقطع الأخشاب,3,1,0,1,4,4,0,5,2022-4
4,منطقة نجران,تمويل التأمين وإعادة التأمين وصناديق المعاشات التقاعدية باستثناء الضمان الاجتماعي الإلزامي,2,0,0,0,5,5,0,5,2022-10
2,منطقة الحدود الشمالية,الصناعة التحويلية الأخرى,2,0,0,0,5,5,0,5,2022-4
4,منطقة القصيم,البحث والتطوير في المجال العلمي,3,0,0,0,5,5,0,5,2022-10
3,منطقة نجران,أنشطة البريد ونقل الرسائل والطرود بواسطة مندوبين,3,0,0,0,5,5,0,5,2022-7
1,منطقة حائل,أنشطة الاسر المعيشية التي تستخدم أفراداً للعمل المنزلي,3,0,0,0,5,5,0,5,2022-1
3,منطقة عسير,استخراج النفط الخام والغاز الطبيعي,3,1,0,1,4,4,0,5,2022-7
4,منطقة الحدود الشمالية,صنع المنتجات الصيدلانية الأساسية والمستحضرات الصيدلانية,2,1,0,1,4,4,0,5,2022-10
4,منطقة عسير,استخراج النفط الخام والغاز الطبيعي,3,1,0,1,4,4,0,5,2022-10
2,منطقة حائل,أنشطة المكتبات والمحفوظات والمتاحف والأنشطة الثقافية الأخرى,4,0,0,0,5,5,0,5,2022-4
2,منطقة الباحة,الأنشطة الإبداعية والفنون وأنشطة الترفيه,2,1,1,0,4,4,0,5,2022-4
4,منطقة نجران,أنشطة البرمجة والإذاعة,2,2,1,1,3,3,0,5,2022-10
4,منطقة نجران,أنشطة البريد ونقل الرسائل والطرود بواسطة مندوبين,3,0,0,0,5,5,0,5,2022-10
1,منطقة الجوف,أنشطة البريد ونقل الرسائل والطرود بواسطة مندوبين,2,2,2,0,3,3,0,5,2022-1
2,منطقة تبوك,أنشطة جمع النفايات ومعالجتها وتصريفها ، واسترجاع المواد,3,2,1,1,3,3,0,5,2022-4
2,منطقة نجران,أنشطة البرمجة والإذاعة,2,2,1,1,3,3,0,5,2022-4
1,منطقة الحدود الشمالية,الصناعة التحويلية الأخرى,3,1,1,0,4,4,0,5,2022-1
3,منطقة الجوف,تعدين ركازات الفلزات,2,0,0,0,5,5,0,5,2022-7
3,منطقة الحدود الشمالية,أنشطة البريد ونقل الرسائل والطرود بواسطة مندوبين,1,0,0,0,5,5,0,5,2022-7
1,منطقة الحدود الشمالية,أنشطة النشر,2,2,0,2,3,3,0,5,2022-1
2,منطقة نجران,الصرف الصحي,2,0,0,0,5,5,0,5,2022-4
3,منطقة حائل,تعدين ركازات الفلزات,2,0,0,0,5,5,0,5,2022-7
3,منطقة الحدود الشمالية,أنشطة المكتبات والمحفوظات والمتاحف والأنشطة الثقافية الأخرى,3,0,0,0,5,5,0,5,2022-7
2,منطقة نجران,الأنشطة الإبداعية والفنون وأنشطة الترفيه,3,1,1,0,4,4,0,5,2022-4
4,منطقة الحدود الشمالية,أنشطة المكتبات والمحفوظات والمتاحف والأنشطة الثقافية الأخرى,3,0,0,0,5,5,0,5,2022-10
1,منطقة الباحة,الأنشطة الإبداعية والفنون وأنشطة الترفيه,2,1,1,0,4,4,0,5,2022-1
4,منطقة تبوك,الأنشطة المساعدة لأنشطة الخدمات المالية وأنشطة التأمين,2,2,2,0,3,3,0,5,2022-10
2,منطقة جازان,أنشطة البرمجة والإذاعة,1,1,0,1,4,4,0,5,2022-4
1,منطقة نجران,أنشطة البرمجة والإذاعة,1,1,1,0,4,4,0,5,2022-1
1,منطقة جازان,أنشطة البرمجة والإذاعة,1,1,0,1,4,4,0,5,2022-1
2,منطقة حائل,تعدين ركازات الفلزات,3,0,0,0,5,5,0,5,2022-4
3,منطقة القصيم,استخراج النفط الخام والغاز الطبيعي,1,1,0,1,4,4,0,5,2022-7
1,منطقة نجران,الأنشطة الإبداعية والفنون وأنشطة الترفيه,2,0,0,0,5,5,0,5,2022-1
4,منطقة نجران,الأنشطة الإبداعية والفنون وأنشطة الترفيه,2,0,0,0,5,5,0,5,2022-10
4,منطقة الجوف,صناعة الآلات والمعدات غير المصنفة في موضع أخر,2,1,1,0,4,4,0,5,2022-10
1,منطقة القصيم,أنشطة البرمجة والإذاعة,2,0,0,0,5,5,0,5,2022-1
1,منطقة نجران,الصرف الصحي,2,0,0,0,5,5,0,5,2022-1
1,منطقة حائل,أنشطة البرمجة والإذاعة,1,2,1,1,3,3,0,5,2022-1
4,منطقة القصيم,استخراج النفط الخام والغاز الطبيعي,1,1,0,1,4,4,0,5,2022-10
1,منطقة القصيم,استخراج النفط الخام والغاز الطبيعي,1,1,0,1,4,4,0,5,2022-1
3,منطقة تبوك,صنع المنتجات الصيدلانية الأساسية والمستحضرات الصيدلانية,2,0,0,0,5,5,0,5,2022-7
2,منطقة الباحة,صُنع المنتجات الجلدية والمنتجات ذات الصلة,2,0,0,0,5,5,0,5,2022-4
4,منطقة حائل,أنشطة المكتبات والمحفوظات والمتاحف والأنشطة الثقافية الأخرى,4,0,0,0,5,5,0,5,2022-10
1,منطقة الجوف,الأنشطة الإبداعية والفنون وأنشطة الترفيه,3,1,0,1,4,4,0,5,2022-1
3,المنطقة الشرقية,الحراجة وقطع الأخشاب,2,0,0,0,5,5,0,5,2022-7
2,منطقة الجوف,أنشطة البريد ونقل الرسائل والطرود بواسطة مندوبين,2,1,1,0,4,4,0,5,2022-4
4,منطقة تبوك,صنع المنتجات الصيدلانية الأساسية والمستحضرات الصيدلانية,2,0,0,0,5,5,0,5,2022-10
3,منطقة الباحة,تعدين ركازات الفلزات,4,0,0,0,5,5,0,5,2022-7
4,منطقة تبوك,صنع فحم الكوك والمنتجات النفطية المكررة,1,1,1,0,4,4,0,5,2022-10
1,منطقة الباحة,صُنع الورق ومنتجات الورق,1,1,1,0,4,4,0,5,2022-1
4,منطقة الباحة,تعدين ركازات الفلزات,4,0,0,0,5,5,0,5,2022-10
1,منطقة نجران,تعدين الفحم والليغنيت,1,0,0,0,4,4,0,4,2022-1
2,منطقة تبوك,صنع المنتجات الصيدلانية الأساسية والمستحضرات الصيدلانية,1,0,0,0,4,4,0,4,2022-4
3,منطقة جازان,تمويل التأمين وإعادة التأمين وصناديق المعاشات التقاعدية باستثناء الضمان الاجتماعي الإلزامي,2,0,0,0,4,4,0,4,2022-7
4,منطقة الجوف,الأنشطة البيطرية,1,0,0,0,4,4,0,4,2022-10
4,منطقة الجوف,أنشطة البريد ونقل الرسائل والطرود بواسطة مندوبين,1,0,0,0,4,4,0,4,2022-10
1,منطقة تبوك,صنع المنتجات الصيدلانية الأساسية والمستحضرات الصيدلانية,1,0,0,0,4,4,0,4,2022-1
3,منطقة تبوك,أنشطة النشر,2,0,0,0,4,4,0,4,2022-7
2,منطقة الجوف,الأنشطة المساعدة لأنشطة الخدمات المالية وأنشطة التأمين,2,0,0,0,4,4,0,4,2022-4
1,منطقة الباحة,أنشطة جمع النفايات ومعالجتها وتصريفها ، واسترجاع المواد,2,1,1,0,3,3,0,4,2022-1
4,منطقة حائل,تعدين الفحم والليغنيت,1,0,0,0,4,4,0,4,2022-10
2,منطقة حائل,تعدين الفحم والليغنيت,1,0,0,0,4,4,0,4,2022-4
3,منطقة نجران,الصرف الصحي,3,0,0,0,4,4,0,4,2022-7
4,منطقة الباحة,أنشطة المكاتب الرئيسية، والأنشطة الاستشارية في مجال الإدارة,2,1,0,1,3,3,0,4,2022-10
3,منطقة القصيم,أنشطة البرمجة والإذاعة,3,1,0,1,3,3,0,4,2022-7
4,منطقة نجران,الصرف الصحي,3,0,0,0,4,4,0,4,2022-10
2,منطقة عسير,استخراج النفط الخام والغاز الطبيعي,2,1,0,1,3,3,0,4,2022-4
2,منطقة نجران,تعدين الفحم والليغنيت,1,0,0,0,4,4,0,4,2022-4
3,منطقة الحدود الشمالية,أنشطة خدمات المعلومات,2,1,1,0,3,3,0,4,2022-7
3,منطقة نجران,صُنع المنتجات الجلدية والمنتجات ذات الصلة,3,0,0,0,4,4,0,4,2022-7
3,منطقة حائل,تعدين الفحم والليغنيت,1,0,0,0,4,4,0,4,2022-7
4,منطقة الحدود الشمالية,أنشطة البريد ونقل الرسائل والطرود بواسطة مندوبين,1,0,0,0,4,4,0,4,2022-10
1,منطقة جازان,الأنشطة المساعدة لأنشطة الخدمات المالية وأنشطة التأمين,2,2,2,0,2,2,0,4,2022-1
1,منطقة تبوك,أنشطة المكاتب الرئيسية، والأنشطة الاستشارية في مجال الإدارة,4,2,1,1,2,2,0,4,2022-1
3,منطقة الحدود الشمالية,صناعة معدات النقل الأخرى,1,0,0,0,4,4,0,4,2022-7
1,منطقة تبوك,أنشطة الأمن والتحقيقات,3,1,1,0,3,3,0,4,2022-1
2,منطقة الجوف,صنع فحم الكوك والمنتجات النفطية المكررة,2,0,0,0,4,4,0,4,2022-4
3,منطقة جازان,أنشطة البرمجة والإذاعة,1,1,0,1,3,3,0,4,2022-7
4,منطقة الجوف,تعدين ركازات الفلزات,1,0,0,0,4,4,0,4,2022-10
2,منطقة المدينة المنورة,أنشطة الاسر المعيشية التي تستخدم أفراداً للعمل المنزلي,2,1,0,1,3,3,0,4,2022-4
2,منطقة جازان,تمويل التأمين وإعادة التأمين وصناديق المعاشات التقاعدية باستثناء الضمان الاجتماعي الإلزامي,1,0,0,0,4,4,0,4,2022-4
1,منطقة حائل,البحث والتطوير في المجال العلمي,1,4,0,4,0,0,0,4,2022-1
1,منطقة تبوك,أنشطة النشر,1,0,0,0,4,4,0,4,2022-1
3,منطقة الباحة,صناعة المركبات ذات المحركات والمركبات المقطورة ونصف المقطورة,2,0,0,0,4,4,0,4,2022-7
4,منطقة حائل,البحث والتطوير في المجال العلمي,1,4,0,4,0,0,0,4,2022-10
3,منطقة الحدود الشمالية,الأنشطة الإبداعية والفنون وأنشطة الترفيه,1,0,0,0,4,4,0,4,2022-7
1,منطقة عسير,الأنشطة المساعدة لأنشطة الخدمات المالية وأنشطة التأمين,3,1,1,0,3,3,0,4,2022-1
3,منطقة الباحة,أنشطة المكاتب الرئيسية، والأنشطة الاستشارية في مجال الإدارة,2,1,0,1,3,3,0,4,2022-7
4,منطقة الجوف,أنشطة النشر,2,0,0,0,4,4,0,4,2022-10
3,منطقة الجوف,صناعة معدات النقل الأخرى,2,0,0,0,4,4,0,4,2022-7
1,منطقة المدينة المنورة,أنشطة الاسر المعيشية التي تستخدم أفراداً للعمل المنزلي,2,1,0,1,3,3,0,4,2022-1
2,منطقة تبوك,الأنشطة المساعدة لأنشطة الخدمات المالية وأنشطة التأمين,2,0,0,0,4,4,0,4,2022-4
2,منطقة تبوك,أنشطة النشر,2,0,0,0,4,4,0,4,2022-4
2,منطقة تبوك,الأنشطة الإبداعية والفنون وأنشطة الترفيه,2,0,0,0,4,4,0,4,2022-4
3,منطقة نجران,تمويل التأمين وإعادة التأمين وصناديق المعاشات التقاعدية باستثناء الضمان الاجتماعي الإلزامي,2,0,0,0,4,4,0,4,2022-7
1,منطقة الحدود الشمالية,البحث والتطوير في المجال العلمي,1,1,1,0,3,3,0,4,2022-1
4,منطقة الباحة,صناعة المركبات ذات المحركات والمركبات المقطورة ونصف المقطورة,2,0,0,0,4,4,0,4,2022-10
2,منطقة الحدود الشمالية,أنشطة النشر,3,1,0,1,3,3,0,4,2022-4
3,منطقة نجران,تعدين الفحم والليغنيت,1,0,0,0,4,4,0,4,2022-7
1,منطقة المدينة المنورة,استخراج النفط الخام والغاز الطبيعي,2,0,0,0,4,4,0,4,2022-1
4,منطقة نجران,تعدين الفحم والليغنيت,1,0,0,0,4,4,0,4,2022-10
1,المنطقة الشرقية,الحراجة وقطع الأخشاب,3,0,0,0,4,4,0,4,2022-1
4,منطقة الحدود الشمالية,صناعة معدات النقل الأخرى,1,0,0,0,4,4,0,4,2022-10
4,منطقة جازان,أنشطة البرمجة والإذاعة,1,1,0,1,3,3,0,4,2022-10
3,منطقة الجوف,أنشطة البريد ونقل الرسائل والطرود بواسطة مندوبين,1,0,0,0,4,4,0,4,2022-7
1,منطقة القصيم,الأنشطة غير المتميزة لإنتاج السلع والخدمات التي تقوم بها الأسر المعيشية الخاصة لإستعمالها الخاص,2,0,0,0,3,3,0,3,2022-1
3,منطقة نجران,الأنشطة الإبداعية والفنون وأنشطة الترفيه,2,0,0,0,3,3,0,3,2022-7
1,منطقة حائل,تعدين ركازات الفلزات,2,0,0,0,3,3,0,3,2022-1
4,منطقة القصيم,أنشطة البرمجة والإذاعة,2,0,0,0,3,3,0,3,2022-10
3,منطقة عسير,تمويل التأمين وإعادة التأمين وصناديق المعاشات التقاعدية باستثناء الضمان الاجتماعي الإلزامي,2,1,0,1,2,2,0,3,2022-7
1,منطقة الباحة,أنشطة البرمجة الحاسوبية والخبرة الاستشارية وما يتصل بها من أنشطة,1,1,0,1,2,2,0,3,2022-1
3,منطقة حائل,صناعة معدات النقل الأخرى,1,0,0,0,3,3,0,3,2022-7
1,منطقة الجوف,صناعة الآلات والمعدات غير المصنفة في موضع أخر,3,0,0,0,3,3,0,3,2022-1
1,منطقة حائل,صناعة معدات النقل الأخرى,1,0,0,0,3,3,0,3,2022-1
2,منطقة الباحة,أنشطة جمع النفايات ومعالجتها وتصريفها ، واسترجاع المواد,2,0,0,0,3,3,0,3,2022-4
4,منطقة جازان,أنشطة المعالجة وخدمات إدارة النفايات الأخرى,1,1,1,0,2,2,0,3,2022-10
1,منطقة جازان,أنشطة البريد ونقل الرسائل والطرود بواسطة مندوبين,2,0,0,0,3,3,0,3,2022-1
3,منطقة الحدود الشمالية,أنشطة النشر,2,0,0,0,3,3,0,3,2022-7
2,منطقة القصيم,الأنشطة غير المتميزة لإنتاج السلع والخدمات التي تقوم بها الأسر المعيشية الخاصة لإستعمالها الخاص,2,0,0,0,3,3,0,3,2022-4
1,منطقة جازان,الأنشطة الإبداعية والفنون وأنشطة الترفيه,1,1,1,0,2,2,0,3,2022-1
2,منطقة تبوك,أنشطة المكاتب الرئيسية، والأنشطة الاستشارية في مجال الإدارة,3,2,1,1,1,1,0,3,2022-4
1,منطقة الباحة,الأنشطة البيطرية,2,0,0,0,3,3,0,3,2022-1
1,منطقة الجوف,أنشطة المكتبات والمحفوظات والمتاحف والأنشطة الثقافية الأخرى,3,0,0,0,3,3,0,3,2022-1
4,منطقة جازان,استخراج النفط الخام والغاز الطبيعي,1,0,0,0,3,3,0,3,2022-10
3,منطقة الجوف,الأنشطة البيطرية,1,0,0,0,3,3,0,3,2022-7
3,منطقة الجوف,الأنشطة المساعدة لأنشطة الخدمات المالية وأنشطة التأمين,2,0,0,0,3,3,0,3,2022-7
1,منطقة الحدود الشمالية,أنشطة خدمات المعلومات,1,1,1,0,2,2,0,3,2022-1
3,منطقة جازان,الأنشطة الإبداعية والفنون وأنشطة الترفيه,1,1,1,0,2,2,0,3,2022-7
4,منطقة جازان,الأنشطة الإبداعية والفنون وأنشطة الترفيه,1,1,1,0,2,2,0,3,2022-10
4,منطقة المدينة المنورة,أنشطة الاسر المعيشية التي تستخدم أفراداً للعمل المنزلي,1,0,0,0,3,3,0,3,2022-10
2,منطقة الجوف,صناعة الآلات والمعدات غير المصنفة في موضع أخر,3,0,0,0,3,3,0,3,2022-4
2,منطقة الحدود الشمالية,البحث والتطوير في المجال العلمي,1,1,1,0,2,2,0,3,2022-4
1,منطقة الجوف,صنع فحم الكوك والمنتجات النفطية المكررة,1,0,0,0,3,3,0,3,2022-1
2,منطقة حائل,البحث والتطوير في المجال العلمي,1,3,0,3,0,0,0,3,2022-4
2,منطقة جازان,الأنشطة الإبداعية والفنون وأنشطة الترفيه,1,1,1,0,2,2,0,3,2022-4
3,منطقة حائل,البحث والتطوير في المجال العلمي,1,3,0,3,0,0,0,3,2022-7
1,منطقة المدينة المنورة,تمويل التأمين وإعادة التأمين وصناديق المعاشات التقاعدية باستثناء الضمان الاجتماعي الإلزامي,2,0,0,0,3,3,0,3,2022-1
2,منطقة المدينة المنورة,استخراج النفط الخام والغاز الطبيعي,2,0,0,0,3,3,0,3,2022-4
2,منطقة الجوف,الأنشطة الإبداعية والفنون وأنشطة الترفيه,2,1,0,1,2,2,0,3,2022-4
2,منطقة الجوف,أنشطة النشر,2,0,0,0,3,3,0,3,2022-4
4,منطقة الحدود الشمالية,الأنشطة الإبداعية والفنون وأنشطة الترفيه,1,0,0,0,3,3,0,3,2022-10
2,منطقة الجوف,الأنشطة البيطرية,2,0,0,0,3,3,0,3,2022-4
4,منطقة حائل,النقل المائي,2,1,0,1,2,2,0,3,2022-10
3,منطقة الجوف,صنع فحم الكوك والمنتجات النفطية المكررة,1,1,0,1,2,2,0,3,2022-7
2,منطقة المدينة المنورة,تمويل التأمين وإعادة التأمين وصناديق المعاشات التقاعدية باستثناء الضمان الاجتماعي الإلزامي,2,0,0,0,3,3,0,3,2022-4
2,منطقة القصيم,أنشطة البرمجة والإذاعة,2,0,0,0,3,3,0,3,2022-4
4,منطقة الحدود الشمالية,أنشطة النشر,2,0,0,0,3,3,0,3,2022-10
2,منطقة حائل,صناعة معدات النقل الأخرى,1,0,0,0,3,3,0,3,2022-4
4,منطقة حائل,صنع فحم الكوك والمنتجات النفطية المكررة,1,0,0,0,3,3,0,3,2022-10
4,منطقة حائل,صناعة معدات النقل الأخرى,1,0,0,0,3,3,0,3,2022-10
1,منطقة الحدود الشمالية,صناعة المركبات ذات المحركات والمركبات المقطورة ونصف المقطورة,1,0,0,0,2,2,0,2,2022-1
1,منطقة الباحة,صُنع المنتجات الجلدية والمنتجات ذات الصلة,1,0,0,0,2,2,0,2,2022-1
3,منطقة جازان,أنشطة الاسر المعيشية التي تستخدم أفراداً للعمل المنزلي,1,1,0,1,1,0,1,2,2022-7
1,منطقة الجوف,الأنشطة المساعدة لأنشطة الخدمات المالية وأنشطة التأمين,2,0,0,0,2,2,0,2,2022-1
4,منطقة المدينة المنورة,الحراجة وقطع الأخشاب,1,1,0,1,1,1,0,2,2022-10
2,منطقة الحدود الشمالية,صناعة المركبات ذات المحركات والمركبات المقطورة ونصف المقطورة,1,0,0,0,2,2,0,2,2022-4
4,منطقة الباحة,الأنشطة البيطرية,1,0,0,0,2,2,0,2,2022-10
4,منطقة حائل,الأنشطة الإبداعية والفنون وأنشطة الترفيه,2,0,0,0,2,2,0,2,2022-10
2,منطقة مكة المكرمة,أنشطة الاسر المعيشية التي تستخدم أفراداً للعمل المنزلي,2,0,0,0,2,2,0,2,2022-4
2,منطقة الباحة,الأنشطة البيطرية,1,0,0,0,2,2,0,2,2022-4
4,منطقة نجران,أنشطة المعالجة وخدمات إدارة النفايات الأخرى,1,1,0,1,1,1,0,2,2022-10
2,منطقة نجران,أنشطة البريد ونقل الرسائل والطرود بواسطة مندوبين,2,0,0,0,2,2,0,2,2022-4
3,منطقة مكة المكرمة,الأنشطة غير المتميزة لإنتاج السلع والخدمات التي تقوم بها الأسر المعيشية الخاصة لإستعمالها الخاص,2,0,0,0,2,0,2,2,2022-7
1,منطقة الجوف,صُنع المنتجات الجلدية والمنتجات ذات الصلة,1,0,0,0,2,2,0,2,2022-1
3,منطقة تبوك,صناعة معدات النقل الأخرى,1,1,0,1,1,1,0,2,2022-7
3,منطقة الباحة,النقل المائي,1,0,0,0,2,2,0,2,2022-7
4,منطقة الجوف,الحراجة وقطع الأخشاب,1,0,0,0,2,2,0,2,2022-10
3,منطقة الباحة,أنشطة جمع النفايات ومعالجتها وتصريفها ، واسترجاع المواد,1,0,0,0,2,2,0,2,2022-7
1,منطقة الباحة,النقل المائي,1,0,0,0,2,2,0,2,2022-1
3,منطقة المدينة المنورة,أنشطة الاسر المعيشية التي تستخدم أفراداً للعمل المنزلي,1,0,0,0,2,2,0,2,2022-7
1,منطقة نجران,صنع المنتجات الصيدلانية الأساسية والمستحضرات الصيدلانية,1,0,0,0,2,2,0,2,2022-1
3,منطقة الباحة,صُنع المنتجات الجلدية والمنتجات ذات الصلة,1,0,0,0,2,2,0,2,2022-7
1,منطقة القصيم,الحراجة وقطع الأخشاب,1,0,0,0,2,2,0,2,2022-1
3,منطقة الباحة,الأنشطة البيطرية,1,0,0,0,2,2,0,2,2022-7
3,منطقة الحدود الشمالية,صناعة المركبات ذات المحركات والمركبات المقطورة ونصف المقطورة,1,0,0,0,2,2,0,2,2022-7
1,منطقة مكة المكرمة,أنشطة الاسر المعيشية التي تستخدم أفراداً للعمل المنزلي,2,0,0,0,2,2,0,2,2022-1
2,منطقة الباحة,النقل المائي,1,0,0,0,2,2,0,2,2022-4
1,منطقة عسير,البحث والتطوير في المجال العلمي,2,0,0,0,2,2,0,2,2022-1
3,منطقة تبوك,أنشطة المكاتب الرئيسية، والأنشطة الاستشارية في مجال الإدارة,2,1,1,0,1,1,0,2,2022-7
4,منطقة مكة المكرمة,الأنشطة غير المتميزة لإنتاج السلع والخدمات التي تقوم بها الأسر المعيشية الخاصة لإستعمالها الخاص,2,0,0,0,2,0,2,2,2022-10
4,منطقة جازان,أنشطة الاسر المعيشية التي تستخدم أفراداً للعمل المنزلي,1,1,0,1,1,0,1,2,2022-10
4,منطقة عسير,تمويل التأمين وإعادة التأمين وصناديق المعاشات التقاعدية باستثناء الضمان الاجتماعي الإلزامي,1,0,0,0,2,2,0,2,2022-10
2,منطقة جازان,الأنشطة المساعدة لأنشطة الخدمات المالية وأنشطة التأمين,1,0,0,0,2,2,0,2,2022-4
3,منطقة الجوف,أنشطة النشر,2,0,0,0,2,2,0,2,2022-7
4,منطقة الباحة,أنشطة جمع النفايات ومعالجتها وتصريفها ، واسترجاع المواد,1,0,0,0,2,2,0,2,2022-10
4,منطقة الجوف,الأنشطة المساعدة لأنشطة الخدمات المالية وأنشطة التأمين,1,0,0,0,2,2,0,2,2022-10
1,منطقة تبوك,أنشطة جمع النفايات ومعالجتها وتصريفها ، واسترجاع المواد,1,2,1,1,0,0,0,2,2022-1
3,منطقة حائل,الحراجة وقطع الأخشاب,1,0,0,0,2,2,0,2,2022-7
4,منطقة الحدود الشمالية,صناعة المركبات ذات المحركات والمركبات المقطورة ونصف المقطورة,1,0,0,0,2,2,0,2,2022-10
4,منطقة تبوك,أنشطة المكاتب الرئيسية، والأنشطة الاستشارية في مجال الإدارة,2,1,1,0,1,1,0,2,2022-10
1,منطقة الجوف,أنشطة النشر,1,0,0,0,2,2,0,2,2022-1
4,منطقة حائل,الأنشطة المساعدة لأنشطة الخدمات المالية وأنشطة التأمين,1,1,0,1,1,1,0,2,2022-10
4,منطقة جازان,تمويل التأمين وإعادة التأمين وصناديق المعاشات التقاعدية باستثناء الضمان الاجتماعي الإلزامي,1,0,0,0,2,2,0,2,2022-10
2,منطقة الجوف,تمويل التأمين وإعادة التأمين وصناديق المعاشات التقاعدية باستثناء الضمان الاجتماعي الإلزامي,1,2,1,1,0,0,0,2,2022-4
4,منطقة تبوك,صناعة معدات النقل الأخرى,1,1,0,1,1,1,0,2,2022-10
1,منطقة تبوك,صُنع المنتجات الجلدية والمنتجات ذات الصلة,1,0,0,0,2,2,0,2,2022-1
4,منطقة الباحة,النقل المائي,1,0,0,0,2,2,0,2,2022-10
4,منطقة حائل,الحراجة وقطع الأخشاب,1,0,0,0,2,2,0,2,2022-10
4,منطقة جازان,الحراجة وقطع الأخشاب,1,1,0,1,0,0,0,1,2022-10
3,منطقة القصيم,صناعة معدات النقل الأخرى,1,0,0,0,1,1,0,1,2022-7
2,منطقة مكة المكرمة,الأنشطة غير المتميزة لإنتاج السلع والخدمات التي تقوم بها الأسر المعيشية الخاصة لإستعمالها الخاص,1,0,0,0,1,0,1,1,2022-4
3,منطقة تبوك,صُنع المنتجات الجلدية والمنتجات ذات الصلة,1,0,0,0,1,1,0,1,2022-7
1,منطقة تبوك,الأنشطة الإبداعية والفنون وأنشطة الترفيه,1,1,0,1,0,0,0,1,2022-1
1,منطقة الحدود الشمالية,النقل المائي,1,0,0,0,1,1,0,1,2022-1
4,منطقة نجران,أنشطة خدمات دعم التعدين,1,1,1,0,0,0,0,1,2022-10
4,منطقة الجوف,أنشطة البرمجة والإذاعة,1,0,0,0,1,1,0,1,2022-10
3,منطقة مكة المكرمة,أنشطة الاسر المعيشية التي تستخدم أفراداً للعمل المنزلي,1,0,0,0,1,1,0,1,2022-7
4,منطقة القصيم,صناعة معدات النقل الأخرى,1,0,0,0,1,1,0,1,2022-10
2,منطقة حائل,الأنشطة الإبداعية والفنون وأنشطة الترفيه,1,0,0,0,1,1,0,1,2022-4
1,منطقة الجوف,الأنشطة البيطرية,1,0,0,0,1,1,0,1,2022-1
4,منطقة نجران,أنشطة خدمات المعلومات,1,0,0,0,1,1,0,1,2022-10
1,منطقة نجران,أنشطة البريد ونقل الرسائل والطرود بواسطة مندوبين,1,0,0,0,1,1,0,1,2022-1
4,منطقة القصيم,تمويل التأمين وإعادة التأمين وصناديق المعاشات التقاعدية باستثناء الضمان الاجتماعي الإلزامي,1,1,1,0,0,0,0,1,2022-10
3,منطقة حائل,الأنشطة الإبداعية والفنون وأنشطة الترفيه,1,0,0,0,1,1,0,1,2022-7
3,منطقة الجوف,صناعة الآلات والمعدات غير المصنفة في موضع أخر,1,0,0,0,1,1,0,1,2022-7
2,منطقة الحدود الشمالية,النقل المائي,1,0,0,0,1,1,0,1,2022-4
4,منطقة الباحة,صنع منتجات المطاط واللدائن,1,0,0,0,1,1,0,1,2022-10
4,منطقة الحدود الشمالية,النقل المائي,1,0,0,0,1,1,0,1,2022-10
1,منطقة الباحة,أنشطة الاسر المعيشية التي تستخدم أفراداً للعمل المنزلي,1,0,0,0,1,1,0,1,2022-1
1,منطقة الجوف,أنشطة البرمجة والإذاعة,1,0,0,0,1,1,0,1,2022-1
3,منطقة القصيم,الحراجة وقطع الأخشاب,1,0,0,0,1,1,0,1,2022-7
3,منطقة تبوك,تمويل التأمين وإعادة التأمين وصناديق المعاشات التقاعدية باستثناء الضمان الاجتماعي الإلزامي,1,1,1,0,0,0,0,1,2022-7
2,منطقة الباحة,أنشطة الاسر المعيشية التي تستخدم أفراداً للعمل المنزلي,1,0,0,0,1,1,0,1,2022-4
3,منطقة الجوف,الحراجة وقطع الأخشاب,1,0,0,0,1,1,0,1,2022-7
1,منطقة الباحة,صناعة معدات النقل الأخرى,1,0,0,0,1,1,0,1,2022-1
3,منطقة القصيم,الأنشطة غير المتميزة لإنتاج السلع والخدمات التي تقوم بها الأسر المعيشية الخاصة لإستعمالها الخاص,1,0,0,0,1,1,0,1,2022-7
2,منطقة القصيم,الحراجة وقطع الأخشاب,1,0,0,0,1,1,0,1,2022-4
4,منطقة تبوك,البحث والتطوير في المجال العلمي,1,0,0,0,1,1,0,1,2022-10
2,منطقة الباحة,صناعة معدات النقل الأخرى,1,0,0,0,1,1,0,1,2022-4
2,منطقة الباحة,صُنع الورق ومنتجات الورق,1,0,0,0,1,1,0,1,2022-4
4,منطقة الباحة,صناعة معدات النقل الأخرى,1,0,0,0,1,1,0,1,2022-10
2,منطقة الجوف,أنشطة البرمجة والإذاعة,1,0,0,0,1,1,0,1,2022-4
3,منطقة الجوف,أنشطة البرمجة والإذاعة,1,0,0,0,1,1,0,1,2022-7
2,منطقة الجوف,أنشطة المكتبات والمحفوظات والمتاحف والأنشطة الثقافية الأخرى,1,0,0,0,1,1,0,1,2022-4
2,منطقة المدينة المنورة,تعدين الفحم والليغنيت,1,0,0,0,1,1,0,1,2022-4
1,منطقة الحدود الشمالية,صنع المنتجات الصيدلانية الأساسية والمستحضرات الصيدلانية,1,1,0,1,0,0,0,1,2022-1
3,منطقة الباحة,صنع منتجات المطاط واللدائن,1,0,0,0,1,1,0,1,2022-7
3,منطقة تبوك,البحث والتطوير في المجال العلمي,1,0,0,0,1,1,0,1,2022-7
4,منطقة تبوك,تمويل التأمين وإعادة التأمين وصناديق المعاشات التقاعدية باستثناء الضمان الاجتماعي الإلزامي,1,1,1,0,0,0,0,1,2022-10
3,منطقة الباحة,صناعة معدات النقل الأخرى,1,0,0,0,1,1,0,1,2022-7
2,منطقة الجوف,النقل المائي,1,1,0,1,0,0,0,1,2022-4
3,منطقة جازان,الحراجة وقطع الأخشاب,1,1,0,1,0,0,0,1,2022-7
4,منطقة تبوك,صُنع المنتجات الجلدية والمنتجات ذات الصلة,1,0,0,0,1,1,0,1,2022-10
4,منطقة الحدود الشمالية,البحث والتطوير في المجال العلمي,1,1,1,0,0,0,0,1,2022-10
3,منطقة حائل,الأنشطة المساعدة لأنشطة الخدمات المالية وأنشطة التأمين,1,1,0,1,0,0,0,1,2022-7
1,منطقة جازان,الحراجة وقطع الأخشاب,1,1,0,1,0,0,0,1,2022-1
3,منطقة الباحة,أنشطة الاسر المعيشية التي تستخدم أفراداً للعمل المنزلي,1,0,0,0,1,1,0,1,2022-7
2,منطقة نجران,أنشطة الاسر المعيشية التي تستخدم أفراداً للعمل المنزلي,1,0,0,0,1,1,0,1,2022-4
4,منطقة نجران,أنشطة الاسر المعيشية التي تستخدم أفراداً للعمل المنزلي,1,0,0,0,1,1,0,1,2022-10
3,منطقة نجران,أنشطة الاسر المعيشية التي تستخدم أفراداً للعمل المنزلي,1,0,0,0,1,1,0,1,2022-7
1,منطقة جازان,تمويل التأمين وإعادة التأمين وصناديق المعاشات التقاعدية باستثناء الضمان الاجتماعي الإلزامي,1,1,0,1,0,0,0,1,2022-1
4,منطقة الباحة,أنشطة الاسر المعيشية التي تستخدم أفراداً للعمل المنزلي,1,0,0,0,1,1,0,1,2022-10
3,منطقة نجران,أنشطة المعالجة وخدمات إدارة النفايات الأخرى,1,1,0,1,0,0,0,1,2022-7
4,منطقة الجوف,صناعة معدات النقل الأخرى,1,0,0,0,1,1,0,1,2022-10
1,منطقة حائل,الأنشطة الإبداعية والفنون وأنشطة الترفيه,1,0,0,0,1,1,0,1,2022-1
2,منطقة نجران,أنشطة خدمات المعلومات,1,0,0,0,1,1,0,1,2022-4
2,منطقة نجران,أنشطة خدمات دعم التعدين,1,1,1,0,0,0,0,1,2022-4
4,منطقة القصيم,الحراجة وقطع الأخشاب,1,0,0,0,1,1,0,1,2022-10
3,منطقة الحدود الشمالية,النقل المائي,1,0,0,0,1,1,0,1,2022-7
1,منطقة حائل,تعدين الفحم والليغنيت,1,0,0,0,1,1,0,1,2022-1
3,منطقة نجران,أنشطة خدمات المعلومات,1,0,0,0,1,1,0,1,2022-7
3,منطقة نجران,أنشطة خدمات دعم التعدين,1,1,1,0,0,0,0,1,2022-7
2,منطقة جازان,الحراجة وقطع الأخشاب,1,1,0,1,0,0,0,1,2022-4
3,منطقة الحدود الشمالية,البحث والتطوير في المجال العلمي,1,1,1,0,0,0,0,1,2022-7
2,منطقة الحدود الشمالية,صنع المنتجات الصيدلانية الأساسية والمستحضرات الصيدلانية,1,1,0,1,0,0,0,1,2022-4
4,منطقة القصيم,الأنشطة غير المتميزة لإنتاج السلع والخدمات التي تقوم بها الأسر المعيشية الخاصة لإستعمالها الخاص,1,0,0,0,1,1,0,1,2022-10
3,منطقة المدينة المنورة,تعدين الفحم والليغنيت,1,0,0,0,1,1,0,1,2022-7
1,منطقة الجوف,النقل المائي,1,1,0,1,0,0,0,1,2022-1
3,منطقة حائل,النقل المائي,1,0,0,0,1,1,0,1,2022-7
1,منطقة مكة المكرمة,الأنشطة غير المتميزة لإنتاج السلع والخدمات التي تقوم بها الأسر المعيشية الخاصة لإستعمالها الخاص,1,0,0,0,1,0,1,1,2022-1
4,منطقة الحدود الشمالية,أنشطة جمع النفايات ومعالجتها وتصريفها ، واسترجاع المواد,1,1,1,0,0,0,0,1,2022-10
1,منطقة نجران,أنشطة الاسر المعيشية التي تستخدم أفراداً للعمل المنزلي,1,0,0,0,1,1,0,1,2022-1
3,منطقة الباحة,النقل الجوي,1,1,1,0,0,0,0,1,2022-7
4,منطقة مكة المكرمة,أنشطة الاسر المعيشية التي تستخدم أفراداً للعمل المنزلي,1,0,0,0,1,1,0,1,2022-10
4,منطقة الحدود الشمالية,أنشطة خدمات المعلومات,1,0,0,0,1,1,0,1,2022-10
1,منطقة نجران,أنشطة خدمات دعم التعدين,1,1,1,0,0,0,0,1,2022-1
3,منطقة القصيم,تمويل التأمين وإعادة التأمين وصناديق المعاشات التقاعدية باستثناء الضمان الاجتماعي الإلزامي,1,1,1,0,0,0,0,1,2022-7
4,منطقة الرياض,تشييد المباني,36658,80262,41826,38436,550045,540905,9140,630307,2023-10
3,منطقة الرياض,تشييد المباني,33696,73211,36788,36423,505171,499050,6121,578382,2023-7
2,منطقة الرياض,تشييد المباني,33168,66465,33032,33433,493029,487894,5135,559494,2023-4
1,منطقة الرياض,تشييد المباني,32980,62050,30810,31240,477411,472746,4665,539461,2023-1
4,المنطقة الشرقية,تشييد المباني,20305,64159,41744,22415,355569,354013,1556,419728,2023-10
3,المنطقة الشرقية,تشييد المباني,19041,58705,37733,20972,333353,332064,1289,392058,2023-7
2,المنطقة الشرقية,تشييد المباني,18765,57199,36427,20772,319798,318611,1187,376997,2023-4
2,منطقة الرياض,صيد الأسماك وتربية المائيات,111405,6875,3275,3600,342897,340864,2033,349772,2023-4
1,المنطقة الشرقية,تشييد المباني,18710,50893,31337,19556,287832,286725,1107,338725,2023-1
1,منطقة الرياض,صيد الأسماك وتربية المائيات,108280,9251,4461,4790,326348,324404,1944,335599,2023-1
1,منطقة الرياض,تجارة التجزئة، باستثناء المركبات ذات المحركات والدراجات النارية,41513,94289,45276,49013,225177,221820,3357,319466,2023-1
2,منطقة الرياض,تجارة التجزئة، باستثناء المركبات ذات المحركات والدراجات النارية,41313,87272,40016,47256,215296,211330,3966,302568,2023-4
4,منطقة الرياض,تجارة التجزئة، باستثناء المركبات ذات المحركات والدراجات النارية,46845,80077,35894,44183,218477,214138,4339,298554,2023-10
4,منطقة مكة المكرمة,تشييد المباني,29950,37211,21594,15617,259844,257173,2671,297055,2023-10
3,منطقة الرياض,تجارة التجزئة، باستثناء المركبات ذات المحركات والدراجات النارية,41882,83851,38127,45724,209580,205461,4119,293431,2023-7
3,منطقة الرياض,أنشطة التشييد المتخصصة,16869,56941,36194,20747,231188,226928,4260,288129,2023-7
3,منطقة مكة المكرمة,تشييد المباني,28657,35082,20327,14755,249251,246863,2388,284333,2023-7
1,منطقة الرياض,أنشطة التشييد المتخصصة,16122,54254,34907,19347,228171,225399,2772,282425,2023-1
1,منطقة الرياض,أنشطة تقديم الخدمات للمباني وتجميل المواقع,5508,51950,28782,23168,228414,214607,13807,280364,2023-1
4,منطقة الرياض,أنشطة التشييد المتخصصة,17767,48388,28190,20198,230206,226757,3449,278594,2023-10
2,منطقة الرياض,أنشطة التشييد المتخصصة,16238,53837,34636,19201,224133,221031,3102,277970,2023-4
1,منطقة مكة المكرمة,تشييد المباني,28221,34047,19883,14164,243810,241741,2069,277857,2023-1
2,منطقة مكة المكرمة,تشييد المباني,28306,33266,19465,13801,243065,240929,2136,276331,2023-4
2,منطقة الرياض,أنشطة تقديم الخدمات للمباني وتجميل المواقع,5475,49842,27534,22308,220073,206338,13735,269915,2023-4
3,منطقة الرياض,أنشطة تقديم الخدمات للمباني وتجميل المواقع,5423,45406,24571,20835,197759,187062,10697,243165,2023-7
4,منطقة الرياض,أنشطة تقديم الخدمات للمباني وتجميل المواقع,5381,42846,22964,19882,189757,178997,10760,232603,2023-10
4,منطقة الرياض,أنشطة الاستخدام,1084,13788,3163,10625,210429,124564,85865,224217,2023-10
1,منطقة مكة المكرمة,تجارة التجزئة، باستثناء المركبات ذات المحركات والدراجات النارية,40585,59096,28024,31072,162495,159795,2700,221591,2023-1
1,منطقة الرياض,أنشطة الاستخدام,1020,13950,3102,10848,205964,119245,86719,219914,2023-1
2,منطقة مكة المكرمة,تجارة التجزئة، باستثناء المركبات ذات المحركات والدراجات النارية,40453,59239,28049,31190,160568,157726,2842,219807,2023-4
2,منطقة الرياض,أنشطة الاستخدام,1031,14184,3146,11038,204373,118670,85703,218557,2023-4
3,منطقة مكة المكرمة,تجارة التجزئة، باستثناء المركبات ذات المحركات والدراجات النارية,40424,57158,26607,30551,159871,155929,3942,217029,2023-7
3,منطقة الرياض,أنشطة الاستخدام,1068,12881,3038,9843,202002,118785,83217,214883,2023-7
4,منطقة مكة المكرمة,تجارة التجزئة، باستثناء المركبات ذات المحركات والدراجات النارية,41120,52956,24272,28684,157461,153360,4101,210417,2023-10
1,منطقة الرياض,أنشطة خدمات الأطعمة والمشروبات,19068,48847,24145,24702,159388,157192,2196,208235,2023-1
2,منطقة الرياض,أنشطة خدمات الأطعمة والمشروبات,18967,49068,23981,25087,157510,155241,2269,206578,2023-4
3,منطقة الرياض,أنشطة خدمات الأطعمة والمشروبات,19148,49319,23904,25415,155896,153516,2380,205215,2023-7
4,منطقة الرياض,تجارة الجملة ، باستثناء المركبات ذات المحركات والدراجات النارية,22776,69556,35630,33926,135273,132520,2753,204829,2023-10
2,منطقة الرياض,تجارة الجملة ، باستثناء المركبات ذات المحركات والدراجات النارية,22698,66919,34622,32297,134114,132140,1974,201033,2023-4
3,منطقة الرياض,تجارة الجملة ، باستثناء المركبات ذات المحركات والدراجات النارية,22644,67959,34974,32985,132913,130766,2147,200872,2023-7
4,منطقة الرياض,أنشطة خدمات الأطعمة والمشروبات,19609,47179,22466,24713,151759,149497,2262,198938,2023-10
1,منطقة الرياض,تجارة الجملة ، باستثناء المركبات ذات المحركات والدراجات النارية,22906,63463,32641,30822,132834,130867,1967,196297,2023-1
1,منطقة الرياض,الهندسة المدنية,2328,35256,22904,12352,160935,160113,822,196191,2023-1
4,منطقة الرياض,الهندسة المدنية,2591,39959,27102,12857,153267,152144,1123,193226,2023-10
3,منطقة الرياض,الهندسة المدنية,2417,36160,23907,12253,156083,155070,1013,192243,2023-7
2,منطقة الرياض,الهندسة المدنية,2332,34543,22562,11981,154661,153741,920,189204,2023-4
1,المنطقة الشرقية,الهندسة المدنية,1283,31520,24772,6748,137312,137082,230,168832,2023-1
1,المنطقة الشرقية,أنشطة التشييد المتخصصة,9430,29385,20848,8537,135032,134639,393,164417,2023-1
4,المنطقة الشرقية,أنشطة التشييد المتخصصة,9920,30163,21626,8537,133280,132912,368,163443,2023-10
4,منطقة الرياض,النقل البري و النقل عبر الأنابيب,20735,35112,24255,10857,126323,125492,831,161435,2023-10
3,المنطقة الشرقية,أنشطة التشييد المتخصصة,9645,29737,21032,8705,130518,130181,337,160255,2023-7
2,المنطقة الشرقية,أنشطة التشييد المتخصصة,9463,28218,20154,8064,128518,128200,318,156736,2023-4
1,منطقة مكة المكرمة,تجارة الجملة ، باستثناء المركبات ذات المحركات والدراجات النارية,20388,44552,23813,20739,109851,108122,1729,154403,2023-1
2,منطقة مكة المكرمة,تجارة الجملة ، باستثناء المركبات ذات المحركات والدراجات النارية,20203,44233,23207,21026,106845,105084,1761,151078,2023-4
3,منطقة مكة المكرمة,تجارة الجملة ، باستثناء المركبات ذات المحركات والدراجات النارية,20245,44796,22899,21897,106200,104347,1853,150996,2023-7
4,منطقة مكة المكرمة,تجارة الجملة ، باستثناء المركبات ذات المحركات والدراجات النارية,20508,43601,21172,22429,107240,105156,2084,150841,2023-10
1,منطقة مكة المكرمة,أنشطة خدمات الأطعمة والمشروبات,22270,30321,15351,14970,120108,118495,1613,150429,2023-1
4,منطقة مكة المكرمة,أنشطة خدمات الأطعمة والمشروبات,22845,30208,15048,15160,120126,118412,1714,150334,2023-10
3,منطقة مكة المكرمة,أنشطة خدمات الأطعمة والمشروبات,22344,30777,15394,15383,119087,117413,1674,149864,2023-7
2,منطقة مكة المكرمة,أنشطة خدمات الأطعمة والمشروبات,22256,30813,15578,15235,119042,117387,1655,149855,2023-4
3,منطقة الرياض,النقل البري و النقل عبر الأنابيب,18739,34536,24329,10207,115201,114644,557,149737,2023-7
1,منطقة الرياض,الأنشطة الإيجارية,49995,7412,4635,2777,138055,137413,642,145467,2023-1
2,منطقة الرياض,الأنشطة الإيجارية,48937,7047,4461,2586,133968,133346,622,141015,2023-4
4,المنطقة الشرقية,الهندسة المدنية,1413,25669,19912,5757,114904,114309,595,140573,2023-10
2,المنطقة الشرقية,الهندسة المدنية,1307,26017,19870,6147,114335,114089,246,140352,2023-4
2,منطقة الرياض,النقل البري و النقل عبر الأنابيب,16083,32264,23401,8863,106221,105897,324,138485,2023-4
3,المنطقة الشرقية,الهندسة المدنية,1340,25725,19563,6162,112515,112157,358,138240,2023-7
3,منطقة الرياض,الأنشطة الإيجارية,47596,7021,4283,2738,129874,129236,638,136895,2023-7
4,منطقة الرياض,الأنشطة الإيجارية,46530,5940,3530,2410,127525,126843,682,133465,2023-10
1,منطقة الرياض,النقل البري و النقل عبر الأنابيب,15284,29271,21095,8176,103878,103604,274,133149,2023-1
1,المنطقة الشرقية,تجارة التجزئة، باستثناء المركبات ذات المحركات والدراجات النارية,21278,34578,17226,17352,89189,87922,1267,123767,2023-1
1,منطقة الرياض,الصحة البشرية,1962,28683,9654,19029,90202,61476,28726,118885,2023-1
2,المنطقة الشرقية,تجارة التجزئة، باستثناء المركبات ذات المحركات والدراجات النارية,21261,31818,15608,16210,85558,84272,1286,117376,2023-4
4,المنطقة الشرقية,تجارة التجزئة، باستثناء المركبات ذات المحركات والدراجات النارية,21647,31275,14814,16461,85138,82809,2329,116413,2023-10
3,المنطقة الشرقية,تجارة التجزئة، باستثناء المركبات ذات المحركات والدراجات النارية,21310,31135,14989,16146,83346,82013,1333,114481,2023-7
1,منطقة مكة المكرمة,أنشطة التشييد المتخصصة,13746,17392,9990,7402,96421,95703,718,113813,2023-1
2,منطقة الرياض,الصحة البشرية,1997,28656,9589,19067,84171,56023,28148,112827,2023-4
1,المنطقة الشرقية,أنشطة تقديم الخدمات للمباني وتجميل المواقع,1916,20493,13864,6629,92113,90158,1955,112606,2023-1
3,منطقة الرياض,الصحة البشرية,2039,29494,9802,19692,81430,52455,28975,110924,2023-7
2,منطقة مكة المكرمة,أنشطة التشييد المتخصصة,13821,16471,9683,6788,91584,90889,695,108055,2023-4
4,منطقة الرياض,الصحة البشرية,2080,29369,9709,19660,78382,48872,29510,107751,2023-10
3,منطقة مكة المكرمة,أنشطة التشييد المتخصصة,14027,16061,9320,6741,90342,89660,682,106403,2023-7
4,منطقة مكة المكرمة,أنشطة التشييد المتخصصة,14509,15586,9034,6552,90224,89485,739,105810,2023-10
1,منطقة مكة المكرمة,أنشطة تقديم الخدمات للمباني وتجميل المواقع,3921,20346,11786,8560,83599,81057,2542,103945,2023-1
1,المنطقة الشرقية,أنشطة خدمات الأطعمة والمشروبات,13488,21525,10213,11312,80870,80457,413,102395,2023-1
2,المنطقة الشرقية,أنشطة خدمات الأطعمة والمشروبات,13506,21389,9898,11491,80084,79625,459,101473,2023-4
3,المنطقة الشرقية,أنشطة خدمات الأطعمة والمشروبات,13630,21439,9795,11644,79684,79217,467,101123,2023-7
4,منطقة الرياض,إصلاح وتركيب الآلات والمعدات,2280,44122,33366,10756,56389,51606,4783,100511,2023-10
4,المنطقة الشرقية,أنشطة خدمات الأطعمة والمشروبات,13856,21037,9489,11548,79371,78842,529,100408,2023-10
2,منطقة مكة المكرمة,أنشطة تقديم الخدمات للمباني وتجميل المواقع,3853,20315,11816,8499,79561,77023,2538,99876,2023-4
3,منطقة مكة المكرمة,أنشطة تقديم الخدمات للمباني وتجميل المواقع,3803,19597,11372,8225,77641,75024,2617,97238,2023-7
2,المنطقة الشرقية,أنشطة تقديم الخدمات للمباني وتجميل المواقع,1892,16556,10710,5846,78826,77541,1285,95382,2023-4
4,منطقة الرياض,تجارة الجملة والتجزئة ، وإصلاح المركبات ذات المحركات والدراجات النارية,17725,17248,10352,6896,76923,76652,271,94171,2023-10
4,المنطقة الشرقية,أنشطة تقديم الخدمات للمباني وتجميل المواقع,1780,14406,9244,5162,79591,78387,1204,93997,2023-10
4,منطقة مكة المكرمة,أنشطة تقديم الخدمات للمباني وتجميل المواقع,3720,19085,11190,7895,74585,72003,2582,93670,2023-10
3,المنطقة الشرقية,أنشطة تقديم الخدمات للمباني وتجميل المواقع,1841,15152,9708,5444,75587,74207,1380,90739,2023-7
3,منطقة الرياض,تجارة الجملة والتجزئة ، وإصلاح المركبات ذات المحركات والدراجات النارية,17348,16409,9558,6851,74322,74053,269,90731,2023-7
2,منطقة الرياض,تجارة الجملة والتجزئة ، وإصلاح المركبات ذات المحركات والدراجات النارية,17209,15918,9308,6610,73579,73313,266,89497,2023-4
1,منطقة الرياض,تجارة الجملة والتجزئة ، وإصلاح المركبات ذات المحركات والدراجات النارية,17144,15068,8981,6087,73215,72952,263,88283,2023-1
4,منطقة الرياض,التعليم,8297,37495,13128,24367,44886,39740,5146,82381,2023-10
1,منطقة الرياض,صنع منتجات المعادن اللافلزية الأخرى,3582,13173,7291,5882,68691,68461,230,81864,2023-1
4,منطقة الرياض,صُنع المنتجات الغذائية,3205,18423,10292,8131,61737,61299,438,80160,2023-10
3,منطقة الرياض,التعليم,7806,37574,13292,24282,41645,36980,4665,79219,2023-7
2,منطقة الرياض,صنع منتجات المعادن اللافلزية الأخرى,3560,13764,7485,6279,65176,64931,245,78940,2023-4
4,المنطقة الشرقية,تجارة الجملة ، باستثناء المركبات ذات المحركات والدراجات النارية,9146,25756,14528,11228,52109,51732,377,77865,2023-10
3,المنطقة الشرقية,تجارة الجملة ، باستثناء المركبات ذات المحركات والدراجات النارية,9126,25858,14793,11065,51809,51469,340,77667,2023-7
4,المنطقة الشرقية,استخراج النفط الخام والغاز الطبيعي,56,68857,64308,4549,8686,8023,663,77543,2023-10
3,المنطقة الشرقية,استخراج النفط الخام والغاز الطبيعي,59,68356,63990,4366,8675,8032,643,77031,2023-7
4,منطقة الرياض,صنع منتجات المعادن اللافلزية الأخرى,3669,14745,7753,6992,62165,61827,338,76910,2023-10
2,المنطقة الشرقية,تجارة الجملة ، باستثناء المركبات ذات المحركات والدراجات النارية,9075,25436,14802,10634,51431,51140,291,76867,2023-4
3,منطقة الرياض,صُنع المنتجات الغذائية,2991,17257,9850,7407,59497,59143,354,76754,2023-7
1,منطقة الرياض,التعليم,6678,37780,13906,23874,38468,33940,4528,76248,2023-1
2,المنطقة الشرقية,استخراج النفط الخام والغاز الطبيعي,63,67631,63488,4143,8486,7851,635,76117,2023-4
3,منطقة الرياض,صنع منتجات المعادن اللافلزية الأخرى,3571,14130,7659,6471,61724,61482,242,75854,2023-7
3,المنطقة الشرقية,النقل البري و النقل عبر الأنابيب,3265,17842,12340,5502,57712,57658,54,75554,2023-7
1,المنطقة الشرقية,استخراج النفط الخام والغاز الطبيعي,63,67129,63115,4014,8388,7754,634,75517,2023-1
2,منطقة القصيم,تشييد المباني,10916,5123,3121,2002,70237,69979,258,75360,2023-4
2,المنطقة الشرقية,النقل البري و النقل عبر الأنابيب,3149,17681,12426,5255,56949,56896,53,74630,2023-4
1,منطقة القصيم,تشييد المباني,11032,4515,2653,1862,69341,69040,301,73856,2023-1
1,المنطقة الشرقية,تجارة الجملة ، باستثناء المركبات ذات المحركات والدراجات النارية,9162,23435,13859,9576,50331,50058,273,73766,2023-1
1,المنطقة الشرقية,النقل البري و النقل عبر الأنابيب,3107,17503,12468,5035,56121,56066,55,73624,2023-1
3,منطقة القصيم,تشييد المباني,10830,5261,3198,2063,68252,68002,250,73513,2023-7
4,منطقة القصيم,تشييد المباني,11110,5478,3394,2084,67764,67478,286,73242,2023-10
4,المنطقة الشرقية,النقل البري و النقل عبر الأنابيب,3361,16479,10981,5498,56337,56279,58,72816,2023-10
2,منطقة الرياض,التعليم,6829,34388,12965,21423,38353,33935,4418,72741,2023-4
4,منطقة مكة المكرمة,تجارة الجملة والتجزئة ، وإصلاح المركبات ذات المحركات والدراجات النارية,13722,13902,9838,4064,54467,54117,350,68369,2023-10
3,منطقة مكة المكرمة,تجارة الجملة والتجزئة ، وإصلاح المركبات ذات المحركات والدراجات النارية,13395,13801,9828,3973,53326,53069,257,67127,2023-7
2,منطقة الرياض,صُنع المنتجات الغذائية,2829,14998,8668,6330,52117,51793,324,67115,2023-4
2,منطقة مكة المكرمة,تجارة الجملة والتجزئة ، وإصلاح المركبات ذات المحركات والدراجات النارية,13266,13383,9585,3798,53206,52965,241,66589,2023-4
1,منطقة مكة المكرمة,تجارة الجملة والتجزئة ، وإصلاح المركبات ذات المحركات والدراجات النارية,13218,12996,9454,3542,53388,53151,237,66384,2023-1
1,منطقة الرياض,صُنع المنتجات الغذائية,2724,14669,8664,6005,51646,51359,287,66315,2023-1
4,منطقة الرياض,التخزين وأنشطة الدعم للنقل,4974,19841,11314,8527,42364,41689,675,62205,2023-10
4,منطقة الرياض,أنشطة زراعة المحاصيل والإنتاج الحيواني والصيد والخدمات المتصلة,7674,7402,4624,2778,54390,54158,232,61792,2023-10
4,المنطقة الشرقية,أنشطة الاستخدام,396,1317,870,447,59952,44980,14972,61269,2023-10
1,منطقة مكة المكرمة,الهندسة المدنية,1163,10798,7381,3417,49580,49403,177,60378,2023-1
3,منطقة مكة المكرمة,الهندسة المدنية,1200,10440,7009,3431,49869,49669,200,60309,2023-7
2,منطقة مكة المكرمة,الهندسة المدنية,1174,10655,7288,3367,49239,49045,194,59894,2023-4
4,منطقة مكة المكرمة,الهندسة المدنية,1279,10547,7033,3514,49314,49102,212,59861,2023-10
3,المنطقة الشرقية,أنشطة الاستخدام,386,1356,917,439,57396,42887,14509,58752,2023-7
2,المنطقة الشرقية,أنشطة الاستخدام,374,1194,771,423,56392,41628,14764,57586,2023-4
4,منطقة مكة المكرمة,النقل البري و النقل عبر الأنابيب,5534,11954,6745,5209,45402,45066,336,57356,2023-10
1,المنطقة الشرقية,أنشطة الاستخدام,372,1170,736,434,55296,40716,14580,56466,2023-1
4,منطقة المدينة المنورة,تشييد المباني,8100,5922,3164,2758,50295,49743,552,56217,2023-10
1,منطقة المدينة المنورة,تشييد المباني,7554,5925,3099,2826,49744,49129,615,55669,2023-1
2,منطقة مكة المكرمة,النقل البري و النقل عبر الأنابيب,5000,11423,6679,4744,44144,43878,266,55567,2023-4
2,منطقة المدينة المنورة,تشييد المباني,7546,5691,2954,2737,49073,48424,649,54764,2023-4
3,منطقة مكة المكرمة,النقل البري و النقل عبر الأنابيب,5283,11528,6623,4905,42972,42679,293,54500,2023-7
1,منطقة مكة المكرمة,النقل البري و النقل عبر الأنابيب,4902,10881,6506,4375,43512,43264,248,54393,2023-1
3,منطقة المدينة المنورة,تشييد المباني,7724,5696,2824,2872,48459,47723,736,54155,2023-7
3,منطقة الرياض,التخزين وأنشطة الدعم للنقل,3934,19272,12087,7185,34448,33945,503,53720,2023-7
1,منطقة مكة المكرمة,الصحة البشرية,1378,19005,5777,13228,34069,16836,17233,53074,2023-1
3,منطقة الرياض,أنشطة زراعة المحاصيل والإنتاج الحيواني والصيد والخدمات المتصلة,7629,6624,4185,2439,46187,46008,179,52811,2023-7
2,منطقة مكة المكرمة,الصحة البشرية,1394,19022,5793,13229,33777,16714,17063,52799,2023-4
4,منطقة مكة المكرمة,صُنع المنتجات الغذائية,2462,13710,6954,6756,38593,38004,589,52303,2023-10
2,منطقة الرياض,أنشطة زراعة المحاصيل والإنتاج الحيواني والصيد والخدمات المتصلة,7713,4955,3192,1763,47268,47098,170,52223,2023-4
3,منطقة الرياض,إصلاح وتركيب الآلات والمعدات,1912,26231,20699,5532,25434,25004,430,51665,2023-7
3,منطقة مكة المكرمة,الصحة البشرية,1393,18765,5743,13022,32256,16006,16250,51021,2023-7
4,المنطقة الشرقية,تجارة الجملة والتجزئة ، وإصلاح المركبات ذات المحركات والدراجات النارية,9501,9971,6762,3209,40974,40900,74,50945,2023-10
4,منطقة مكة المكرمة,الصحة البشرية,1400,18512,5661,12851,32405,15980,16425,50917,2023-10
4,منطقة الرياض,أنشطة المعمارية والهندسية ، والاختبارات الفنية والتحليل,5918,16121,9665,6456,34053,33351,702,50174,2023-10
3,منطقة الرياض,أنشطة جمع النفايات ومعالجتها وتصريفها ، واسترجاع المواد,335,6044,3865,2179,43833,41673,2160,49877,2023-7
3,المنطقة الشرقية,تجارة الجملة والتجزئة ، وإصلاح المركبات ذات المحركات والدراجات النارية,9332,9780,6700,3080,40011,39947,64,49791,2023-7
2,منطقة الرياض,أنشطة جمع النفايات ومعالجتها وتصريفها ، واسترجاع المواد,234,6103,3804,2299,43418,41560,1858,49521,2023-4
2,المنطقة الشرقية,تجارة الجملة والتجزئة ، وإصلاح المركبات ذات المحركات والدراجات النارية,9246,9622,6675,2947,39801,39747,54,49423,2023-4
3,منطقة مكة المكرمة,صُنع المنتجات الغذائية,2271,12533,6238,6295,36780,36188,592,49313,2023-7
1,المنطقة الشرقية,تجارة الجملة والتجزئة ، وإصلاح المركبات ذات المحركات والدراجات النارية,9246,9341,6597,2744,39972,39924,48,49313,2023-1
4,المنطقة الشرقية,أنشطة خدمات دعم التعدين,200,33603,31996,1607,15298,15232,66,48901,2023-10
1,منطقة الرياض,أنشطة زراعة المحاصيل والإنتاج الحيواني والصيد والخدمات المتصلة,7905,4584,2884,1700,44134,43963,171,48718,2023-1
4,منطقة الرياض,أنشطة الخدمات الشخصية الأخرى,12749,7670,2113,5557,41012,32334,8678,48682,2023-10
1,منطقة الرياض,صنع منتجات المعادن المشكلة ( باستثناء الآلات والمعدات ),3821,10127,5067,5060,38088,37960,128,48215,2023-1
1,منطقة الرياض,أنشطة جمع النفايات ومعالجتها وتصريفها ، واسترجاع المواد,203,6052,3846,2206,42049,40393,1656,48101,2023-1
2,منطقة مكة المكرمة,صُنع المنتجات الغذائية,2166,11933,6023,5910,35911,35364,547,47844,2023-4
3,منطقة الرياض,أنشطة الخدمات الشخصية الأخرى,12285,7702,2162,5540,39412,31207,8205,47114,2023-7
2,منطقة الرياض,أنشطة الخدمات الشخصية الأخرى,12111,7666,2158,5508,39406,31292,8114,47072,2023-4
2,منطقة الرياض,التخزين وأنشطة الدعم للنقل,2831,17260,11408,5852,29799,29513,286,47059,2023-4
2,منطقة الرياض,صنع منتجات المعادن المشكلة ( باستثناء الآلات والمعدات ),3878,10028,5047,4981,37029,36918,111,47057,2023-4
4,منطقة الرياض,صنع منتجات المعادن المشكلة ( باستثناء الآلات والمعدات ),4126,10111,4500,5611,36694,36558,136,46805,2023-10
3,المنطقة الشرقية,أنشطة خدمات دعم التعدين,194,32354,30871,1483,14250,14198,52,46604,2023-7
1,منطقة الرياض,أنشطة الخدمات الشخصية الأخرى,12073,7425,2146,5279,39156,31146,8010,46581,2023-1
1,منطقة الرياض,أنشطة البرمجة الحاسوبية والخبرة الاستشارية وما يتصل بها من أنشطة,2227,26472,15397,11075,19867,18949,918,46339,2023-1
4,منطقة الرياض,أنشطة البرمجة الحاسوبية والخبرة الاستشارية وما يتصل بها من أنشطة,2501,25437,13394,12043,20076,18992,1084,45513,2023-10
3,منطقة الرياض,أنشطة المعمارية والهندسية ، والاختبارات الفنية والتحليل,4139,16284,9974,6310,29155,28524,631,45439,2023-7
1,منطقة مكة المكرمة,صُنع المنتجات الغذائية,2076,11065,5597,5468,34336,33838,498,45401,2023-1
3,منطقة الرياض,صنع منتجات المعادن المشكلة ( باستثناء الآلات والمعدات ),4013,9583,4290,5293,35698,35580,118,45281,2023-7
1,منطقة المدينة المنورة,تجارة التجزئة، باستثناء المركبات ذات المحركات والدراجات النارية,11765,9554,5210,4344,35501,35185,316,45055,2023-1
1,منطقة الرياض,التخزين وأنشطة الدعم للنقل,2478,16912,11293,5619,28124,27882,242,45036,2023-1
2,منطقة المدينة المنورة,تجارة التجزئة، باستثناء المركبات ذات المحركات والدراجات النارية,11786,9698,5180,4518,35121,34812,309,44819,2023-4
2,المنطقة الشرقية,أنشطة خدمات دعم التعدين,187,31278,29818,1460,13357,13319,38,44635,2023-4
3,منطقة المدينة المنورة,تجارة التجزئة، باستثناء المركبات ذات المحركات والدراجات النارية,11894,9290,4980,4310,35061,34721,340,44351,2023-7
4,منطقة المدينة المنورة,تجارة التجزئة، باستثناء المركبات ذات المحركات والدراجات النارية,12166,8809,4641,4168,35535,35153,382,44344,2023-10
2,منطقة الرياض,أنشطة المعمارية والهندسية ، والاختبارات الفنية والتحليل,4068,15991,9875,6116,28162,27613,549,44153,2023-4
3,المنطقة الشرقية,الصحة البشرية,713,17296,5317,11979,26843,12820,14023,44139,2023-7
1,منطقة الرياض,أنشطة المعمارية والهندسية ، والاختبارات الفنية والتحليل,4002,15930,10034,5896,27917,27400,517,43847,2023-1
1,المنطقة الشرقية,الصحة البشرية,687,16637,5126,11511,27008,12986,14022,43645,2023-1
1,المنطقة الشرقية,أنشطة خدمات دعم التعدين,184,30325,28973,1352,13260,13225,35,43585,2023-1
2,المنطقة الشرقية,الصحة البشرية,700,16797,5153,11644,26666,12758,13908,43463,2023-4
4,المنطقة الشرقية,إصلاح وتركيب الآلات والمعدات,1641,11943,8566,3377,30587,29682,905,42530,2023-10
4,المنطقة الشرقية,الصحة البشرية,719,16467,5011,11456,25632,12374,13258,42099,2023-10
2,منطقة القصيم,أنشطة تقديم الخدمات للمباني وتجميل المواقع,1394,4011,1938,2073,37510,36916,594,41521,2023-4
3,منطقة الرياض,أنشطة البرمجة الحاسوبية والخبرة الاستشارية وما يتصل بها من أنشطة,2352,23208,12938,10270,18049,17092,957,41257,2023-7
3,منطقة القصيم,أنشطة تقديم الخدمات للمباني وتجميل المواقع,1381,4036,1928,2108,37142,36541,601,41178,2023-7
2,منطقة الرياض,أنشطة البرمجة الحاسوبية والخبرة الاستشارية وما يتصل بها من أنشطة,2287,23356,13053,10303,17711,16784,927,41067,2023-4
1,منطقة القصيم,أنشطة تقديم الخدمات للمباني وتجميل المواقع,1420,3927,2005,1922,36858,36342,516,40785,2023-1
4,منطقة القصيم,أنشطة تقديم الخدمات للمباني وتجميل المواقع,1399,4105,2008,2097,36528,35844,684,40633,2023-10
4,منطقة عسير,تشييد المباني,9403,4296,2721,1575,36020,35882,138,40316,2023-10
3,المنطقة الشرقية,إصلاح وتركيب الآلات والمعدات,1495,11208,8083,3125,28943,28079,864,40151,2023-7
4,منطقة الرياض,أنشطة جمع النفايات ومعالجتها وتصريفها ، واسترجاع المواد,373,4982,3141,1841,34901,34028,873,39883,2023-10
4,منطقة مكة المكرمة,التخزين وأنشطة الدعم للنقل,2050,13489,9736,3753,25734,25322,412,39223,2023-10
1,منطقة عسير,تجارة التجزئة، باستثناء المركبات ذات المحركات والدراجات النارية,10786,8492,4720,3772,30728,30558,170,39220,2023-1
2,المنطقة الشرقية,صنع منتجات المعادن المشكلة ( باستثناء الآلات والمعدات ),2320,12932,10021,2911,26014,25981,33,38946,2023-4
2,منطقة الرياض,إصلاح وتركيب الآلات والمعدات,1713,15452,11491,3961,23373,22999,374,38825,2023-4
2,المنطقة الشرقية,إصلاح وتركيب الآلات والمعدات,1395,10588,7783,2805,28217,27407,810,38805,2023-4
2,منطقة عسير,تجارة التجزئة، باستثناء المركبات ذات المحركات والدراجات النارية,10779,8440,4605,3835,30274,30104,170,38714,2023-4
3,المنطقة الشرقية,صنع منتجات المعادن المشكلة ( باستثناء الآلات والمعدات ),2328,12895,9880,3015,25707,25670,37,38602,2023-7
4,المنطقة الشرقية,صنع منتجات المعادن المشكلة ( باستثناء الآلات والمعدات ),2374,12744,9964,2780,25838,25800,38,38582,2023-10
1,المنطقة الشرقية,صنع منتجات المعادن المشكلة ( باستثناء الآلات والمعدات ),2287,12497,9920,2577,25819,25787,32,38316,2023-1
4,منطقة عسير,تجارة التجزئة، باستثناء المركبات ذات المحركات والدراجات النارية,11096,8040,4263,3777,30266,30100,166,38306,2023-10
3,منطقة عسير,تجارة التجزئة، باستثناء المركبات ذات المحركات والدراجات النارية,10833,8285,4442,3843,29930,29780,150,38215,2023-7
3,منطقة مكة المكرمة,التخزين وأنشطة الدعم للنقل,1854,12906,9550,3356,24928,24740,188,37834,2023-7
1,منطقة عسير,تشييد المباني,9317,3652,2300,1352,33948,33871,77,37600,2023-1
2,منطقة عسير,تشييد المباني,9229,3544,2154,1390,33143,33060,83,36687,2023-4
3,منطقة عسير,تشييد المباني,9167,3612,2180,1432,32505,32412,93,36117,2023-7
1,منطقة عسير,أنشطة خدمات الأطعمة والمشروبات,7749,5684,3043,2641,30263,30147,116,35947,2023-1
1,منطقة القصيم,تجارة التجزئة، باستثناء المركبات ذات المحركات والدراجات النارية,8004,7774,4664,3110,27699,27577,122,35473,2023-1
2,منطقة عسير,أنشطة خدمات الأطعمة والمشروبات,7718,5615,2989,2626,29738,29614,124,35353,2023-4
1,منطقة الرياض,إصلاح أجهزة الحاسوب والسلع الشخصية والمنزلية,2374,1075,553,522,34166,34022,144,35241,2023-1
2,منطقة مكة المكرمة,التخزين وأنشطة الدعم للنقل,1666,12395,9284,3111,22808,22641,167,35203,2023-4
1,منطقة مكة المكرمة,التخزين وأنشطة الدعم للنقل,1561,12276,9332,2944,22912,22758,154,35188,2023-1
4,منطقة الرياض,الأنشطة المساعدة لأنشطة الخدمات المالية وأنشطة التأمين,391,31572,23824,7748,3232,3056,176,34804,2023-10
2,منطقة القصيم,تجارة التجزئة، باستثناء المركبات ذات المحركات والدراجات النارية,7934,7782,4580,3202,26945,26814,131,34727,2023-4
3,منطقة عسير,أنشطة خدمات الأطعمة والمشروبات,7750,5545,2929,2616,29174,29046,128,34719,2023-7
4,منطقة عسير,أنشطة خدمات الأطعمة والمشروبات,7941,5328,2791,2537,29159,29028,131,34487,2023-10
3,منطقة الرياض,الأنشطة المساعدة لأنشطة الخدمات المالية وأنشطة التأمين,385,30940,23422,7518,3241,3076,165,34181,2023-7
3,منطقة القصيم,تجارة التجزئة، باستثناء المركبات ذات المحركات والدراجات النارية,7948,7434,4358,3076,26536,26370,166,33970,2023-7
2,منطقة الرياض,الأنشطة المساعدة لأنشطة الخدمات المالية وأنشطة التأمين,387,30698,23276,7422,3194,3050,144,33892,2023-4
1,منطقة الرياض,الأنشطة المساعدة لأنشطة الخدمات المالية وأنشطة التأمين,381,30154,23015,7139,3203,3069,134,33357,2023-1
4,منطقة مكة المكرمة,التعليم,1231,19874,7042,12832,13445,10199,3246,33319,2023-10
4,منطقة القصيم,تجارة التجزئة، باستثناء المركبات ذات المحركات والدراجات النارية,8075,7086,4143,2943,26187,25986,201,33273,2023-10
2,منطقة الرياض,إصلاح أجهزة الحاسوب والسلع الشخصية والمنزلية,2338,943,473,470,31197,31067,130,32140,2023-4
1,منطقة المدينة المنورة,أنشطة خدمات الأطعمة والمشروبات,6891,5302,2967,2335,26724,26563,161,32026,2023-1
4,منطقة الرياض,صُنع المواد الكيميائية والمنتجات الكيميائية,1110,10785,6580,4205,21212,21086,126,31997,2023-10
2,منطقة الرياض,صُنع المواد الكيميائية والمنتجات الكيميائية,1040,10915,6852,4063,21044,20943,101,31959,2023-4
3,منطقة مكة المكرمة,التعليم,1225,19133,6707,12426,12666,9671,2995,31799,2023-7
4,منطقة المدينة المنورة,أنشطة خدمات الأطعمة والمشروبات,6991,5200,2780,2420,26521,26348,173,31721,2023-10
4,منطقة الرياض,أنشطة الخدمات المالية ، فيما عدا تمويل التأمين وصناديق المعاشات,771,26575,20227,6348,5145,4887,258,31720,2023-10
2,منطقة المدينة المنورة,أنشطة خدمات الأطعمة والمشروبات,6874,5225,2851,2374,26453,26288,165,31678,2023-4
4,منطقة مكة المكرمة,أنشطة الخدمات الشخصية الأخرى,10463,3716,1052,2664,27906,22761,5145,31622,2023-10
3,منطقة الرياض,صُنع المواد الكيميائية والمنتجات الكيميائية,1069,10593,6448,4145,20984,20870,114,31577,2023-7
3,منطقة الرياض,أنشطة الخدمات المالية ، فيما عدا تمويل التأمين وصناديق المعاشات,749,26509,20346,6163,4998,4743,255,31507,2023-7
3,منطقة المدينة المنورة,أنشطة خدمات الأطعمة والمشروبات,6873,5304,2832,2472,26137,25964,173,31441,2023-7
1,منطقة مكة المكرمة,التعليم,1180,18772,6550,12222,12417,9459,2958,31189,2023-1
2,منطقة الرياض,أنشطة الخدمات المالية ، فيما عدا تمويل التأمين وصناديق المعاشات,734,26259,20318,5941,4854,4611,243,31113,2023-4
2,منطقة مكة المكرمة,أنشطة الخدمات الشخصية الأخرى,10087,3794,1111,2683,27260,22230,5030,31054,2023-4
3,منطقة مكة المكرمة,أنشطة الخدمات الشخصية الأخرى,10156,3813,1101,2712,27239,22213,5026,31052,2023-7
1,منطقة الرياض,أنشطة الخدمات المالية ، فيما عدا تمويل التأمين وصناديق المعاشات,719,26148,20336,5812,4871,4669,202,31019,2023-1
1,منطقة مكة المكرمة,أنشطة الخدمات الشخصية الأخرى,10121,3688,1033,2655,27306,22216,5090,30994,2023-1
4,منطقة الرياض,أنشطة المكاتب الرئيسية، والأنشطة الاستشارية في مجال الإدارة,1296,19607,10985,8622,10115,9305,810,29722,2023-10
4,المنطقة الشرقية,صُنع المواد الكيميائية والمنتجات الكيميائية,472,16319,14729,1590,13107,13070,37,29426,2023-10
3,منطقة الرياض,إصلاح أجهزة الحاسوب والسلع الشخصية والمنزلية,2318,946,487,459,28436,28314,122,29382,2023-7
1,منطقة الرياض,إصلاح وتركيب الآلات والمعدات,1589,10118,7945,2173,19232,18962,270,29350,2023-1
3,المنطقة الشرقية,أنشطة زراعة المحاصيل والإنتاج الحيواني والصيد والخدمات المتصلة,2114,4794,3416,1378,24130,23998,132,28924,2023-7
3,المنطقة الشرقية,صُنع المواد الكيميائية والمنتجات الكيميائية,465,16097,14678,1419,12805,12772,33,28902,2023-7
4,منطقة الرياض,أنشطة الأمن والتحقيقات,203,28372,25753,2619,489,482,7,28861,2023-10
1,منطقة الرياض,الاتصالات,518,22827,17036,5791,6006,5841,165,28833,2023-1
2,المنطقة الشرقية,صُنع المواد الكيميائية والمنتجات الكيميائية,451,15919,14552,1367,12831,12803,28,28750,2023-4
3,منطقة الرياض,أنشطة الأمن والتحقيقات,203,28234,25478,2756,474,468,6,28708,2023-7
1,منطقة الرياض,صُنع المواد الكيميائية والمنتجات الكيميائية,1033,8872,5094,3778,19704,19617,87,28576,2023-1
1,المنطقة الشرقية,صُنع المواد الكيميائية والمنتجات الكيميائية,439,15646,14425,1221,12925,12900,25,28571,2023-1
2,منطقة مكة المكرمة,التعليم,1189,16173,6149,10024,12298,9420,2878,28471,2023-4
2,منطقة الرياض,أنشطة المكاتب الرئيسية، والأنشطة الاستشارية في مجال الإدارة,1065,19353,10356,8997,9065,8309,756,28418,2023-4
2,منطقة الرياض,الاتصالات,515,22325,16660,5665,5908,5744,164,28233,2023-4
3,منطقة الرياض,أنشطة المكاتب الرئيسية، والأنشطة الاستشارية في مجال الإدارة,1163,18888,10497,8391,9215,8492,723,28103,2023-7
1,المنطقة الشرقية,صنع منتجات المعادن اللافلزية الأخرى,828,6619,4377,2242,21374,21303,71,27993,2023-1
2,منطقة الرياض,الأنشطة العقارية,3163,13121,8495,4626,14434,14114,320,27555,2023-4
4,المنطقة الشرقية,صنع منتجات المعادن اللافلزية الأخرى,836,7157,4557,2600,20310,20224,86,27467,2023-10
2,المنطقة الشرقية,صنع منتجات المعادن اللافلزية الأخرى,818,6848,4413,2435,20562,20493,69,27410,2023-4
4,المنطقة الشرقية,أنشطة الخدمات الشخصية الأخرى,7848,3143,885,2258,24096,20529,3567,27239,2023-10
1,منطقة الرياض,الأنشطة العقارية,3110,12968,8388,4580,14263,13960,303,27231,2023-1
1,منطقة جازان,تجارة التجزئة، باستثناء المركبات ذات المحركات والدراجات النارية,8116,4880,2549,2331,22140,22000,140,27020,2023-1
3,المنطقة الشرقية,صنع منتجات المعادن اللافلزية الأخرى,829,7135,4501,2634,19804,19732,72,26939,2023-7
4,منطقة الرياض,إصلاح أجهزة الحاسوب والسلع الشخصية والمنزلية,2302,987,499,488,25940,25846,94,26927,2023-10
2,منطقة جازان,تجارة التجزئة، باستثناء المركبات ذات المحركات والدراجات النارية,8113,4886,2506,2380,22021,21878,143,26907,2023-4
4,منطقة مكة المكرمة,الإقامة,2100,9714,6114,3600,17144,16812,332,26858,2023-10
4,منطقة جازان,تجارة التجزئة، باستثناء المركبات ذات المحركات والدراجات النارية,8361,4560,2295,2265,22290,22119,171,26850,2023-10
3,المنطقة الشرقية,أنشطة الخدمات الشخصية الأخرى,7533,3396,1004,2392,23421,19981,3440,26817,2023-7
2,المنطقة الشرقية,أنشطة الخدمات الشخصية الأخرى,7444,3361,987,2374,23376,19999,3377,26737,2023-4
1,المنطقة الشرقية,أنشطة الخدمات الشخصية الأخرى,7407,3295,985,2310,23335,20024,3311,26630,2023-1
3,منطقة جازان,تجارة التجزئة، باستثناء المركبات ذات المحركات والدراجات النارية,8156,4619,2356,2263,22005,21857,148,26624,2023-7
2,منطقة الرياض,أنشطة الأمن والتحقيقات,201,25792,23316,2476,742,734,8,26534,2023-4
3,منطقة الرياض,الأنشطة العقارية,3275,12801,8256,4545,13599,13255,344,26400,2023-7
1,منطقة الرياض,أنشطة المكاتب الرئيسية، والأنشطة الاستشارية في مجال الإدارة,1001,17428,9898,7530,8285,7727,558,25713,2023-1
2,منطقة الرياض,أبحاث الإعلان والسوق,2755,14624,9280,5344,11080,10158,922,25704,2023-4
1,منطقة الرياض,أبحاث الإعلان والسوق,2707,14417,9290,5127,11272,10369,903,25689,2023-1
1,منطقة القصيم,أنشطة خدمات الأطعمة والمشروبات,5246,3711,2258,1453,21905,21856,49,25616,2023-1
3,منطقة الرياض,أبحاث الإعلان والسوق,2831,14579,9235,5344,10966,10025,941,25545,2023-7
3,المنطقة الشرقية,أنشطة المعمارية والهندسية ، والاختبارات الفنية والتحليل,892,10666,7700,2966,14826,14712,114,25492,2023-7
4,المنطقة الشرقية,صُنع المنتجات الغذائية,1307,6144,3198,2946,19204,19117,87,25348,2023-10
4,المنطقة الشرقية,أنشطة المعمارية والهندسية ، والاختبارات الفنية والتحليل,939,10561,7526,3035,14750,14619,131,25311,2023-10
1,منطقة مكة المكرمة,الإقامة,1923,9748,6253,3495,15414,15021,393,25162,2023-1
1,منطقة الرياض,الأنشطة الإدارية للمكاتب ، وأنشطة الدعم للمكاتب وغير ذلك من أنشطة الدعم للأعمال,2918,11682,5670,6012,13469,12592,877,25151,2023-1
2,منطقة مكة المكرمة,الإقامة,1968,9685,6115,3570,15437,15031,406,25122,2023-4
3,منطقة مكة المكرمة,الإقامة,2018,9627,6095,3532,15471,15071,400,25098,2023-7
1,منطقة الرياض,أنشطة الأمن والتحقيقات,204,24470,22156,2314,606,598,8,25076,2023-1
1,منطقة مكة المكرمة,صنع منتجات المعادن اللافلزية الأخرى,896,6190,3813,2377,18865,18824,41,25055,2023-1
3,منطقة مكة المكرمة,صنع منتجات المعادن اللافلزية الأخرى,915,6620,3897,2723,18421,18374,47,25041,2023-7
2,منطقة مكة المكرمة,صنع منتجات المعادن اللافلزية الأخرى,903,6491,3868,2623,18500,18458,42,24991,2023-4
2,منطقة القصيم,أنشطة خدمات الأطعمة والمشروبات,5198,3766,2257,1509,21186,21136,50,24952,2023-4
1,منطقة القصيم,أنشطة التشييد المتخصصة,3329,2181,1336,845,22573,22254,319,24754,2023-1
1,المنطقة الشرقية,إصلاح وتركيب الآلات والمعدات,1314,6961,5130,1831,17748,17717,31,24709,2023-1
4,منطقة الرياض,أبحاث الإعلان والسوق,2846,13760,9130,4630,10885,9886,999,24645,2023-10
4,منطقة الرياض,الأنشطة العقارية,3325,11595,7649,3946,12991,12680,311,24586,2023-10
2,المنطقة الشرقية,أنشطة المعمارية والهندسية ، والاختبارات الفنية والتحليل,866,10324,7544,2780,14007,13900,107,24331,2023-4
4,منطقة مكة المكرمة,صنع منتجات المعادن اللافلزية الأخرى,907,6415,3652,2763,17813,17769,44,24228,2023-10
4,المنطقة الشرقية,التخزين وأنشطة الدعم للنقل,1359,8603,6508,2095,15571,15474,97,24174,2023-10
3,منطقة القصيم,أنشطة خدمات الأطعمة والمشروبات,5137,3694,2168,1526,20462,20409,53,24156,2023-7
1,منطقة الرياض,صنع الأثاث,1989,4426,1744,2682,19270,19199,71,23696,2023-1
2,منطقة مكة المكرمة,صنع منتجات المعادن المشكلة ( باستثناء الآلات والمعدات ),2650,4817,3032,1785,18840,18766,74,23657,2023-4
4,المنطقة الشرقية,التعليم,829,14550,4929,9621,9090,7634,1456,23640,2023-10
3,منطقة مكة المكرمة,صنع منتجات المعادن المشكلة ( باستثناء الآلات والمعدات ),2676,4905,3065,1840,18704,18626,78,23609,2023-7
1,المنطقة الشرقية,أنشطة المعمارية والهندسية ، والاختبارات الفنية والتحليل,825,10025,7427,2598,13564,13471,93,23589,2023-1
3,المنطقة الشرقية,صُنع المنتجات الغذائية,1232,5680,2953,2727,17887,17818,69,23567,2023-7
2,منطقة الرياض,صنع الأثاث,1957,4644,1794,2850,18860,18786,74,23504,2023-4
3,منطقة الرياض,صنع الأثاث,1971,4881,1856,3025,18609,18527,82,23490,2023-7
4,منطقة القصيم,أنشطة خدمات الأطعمة والمشروبات,5178,3471,2014,1457,19946,19893,53,23417,2023-10
4,منطقة مكة المكرمة,إصلاح وتركيب الآلات والمعدات,1589,8818,6657,2161,14535,14343,192,23353,2023-10
4,منطقة الرياض,صنع الأثاث,1977,4820,1769,3051,18404,18311,93,23224,2023-10
3,المنطقة الشرقية,التخزين وأنشطة الدعم للنقل,1250,8481,6465,2016,14717,14621,96,23198,2023-7
1,منطقة مكة المكرمة,صنع منتجات المعادن المشكلة ( باستثناء الآلات والمعدات ),2633,4545,2934,1611,18536,18464,72,23081,2023-1
4,المنطقة الشرقية,أنشطة زراعة المحاصيل والإنتاج الحيواني والصيد والخدمات المتصلة,2065,4145,3066,1079,18918,18707,211,23063,2023-10
2,منطقة الرياض,الأنشطة الإدارية للمكاتب ، وأنشطة الدعم للمكاتب وغير ذلك من أنشطة الدعم للأعمال,2926,10513,5396,5117,12511,11790,721,23024,2023-4
4,منطقة مكة المكرمة,صنع منتجات المعادن المشكلة ( باستثناء الآلات والمعدات ),2728,4920,3078,1842,17891,17812,79,22811,2023-10
3,المنطقة الشرقية,التعليم,821,14338,4890,9448,8455,7151,1304,22793,2023-7
2,المنطقة الشرقية,صُنع المنتجات الغذائية,1183,5397,2869,2528,17254,17194,60,22651,2023-4
3,منطقة الرياض,الأنشطة الإدارية للمكاتب ، وأنشطة الدعم للمكاتب وغير ذلك من أنشطة الدعم للأعمال,2943,10535,5378,5157,12095,11379,716,22630,2023-7
1,المنطقة الشرقية,التعليم,784,14316,4892,9424,8287,7038,1249,22603,2023-1
4,منطقة الرياض,صنع منتجات المطاط واللدائن,895,5307,2475,2832,17047,16975,72,22354,2023-10
2,المنطقة الشرقية,التخزين وأنشطة الدعم للنقل,1177,8192,6320,1872,14087,14001,86,22279,2023-4
1,منطقة المدينة المنورة,أنشطة التشييد المتخصصة,3677,3042,1745,1297,19228,19017,211,22270,2023-1
4,منطقة الرياض,الأنشطة الإدارية للمكاتب ، وأنشطة الدعم للمكاتب وغير ذلك من أنشطة الدعم للأعمال,3014,10240,5272,4968,11913,11231,682,22153,2023-10
2,منطقة القصيم,أنشطة التشييد المتخصصة,3284,1800,1101,699,20332,20027,305,22132,2023-4
2,منطقة المدينة المنورة,أنشطة التشييد المتخصصة,3691,3010,1711,1299,19122,18911,211,22132,2023-4
1,المنطقة الشرقية,صُنع المنتجات الغذائية,1170,5036,2647,2389,17077,17021,56,22113,2023-1
1,المنطقة الشرقية,التخزين وأنشطة الدعم للنقل,1150,8140,6382,1758,13942,13859,83,22082,2023-1
4,منطقة المدينة المنورة,أنشطة التشييد المتخصصة,3887,2880,1555,1325,18838,18634,204,21718,2023-10
2,المنطقة الشرقية,أنشطة زراعة المحاصيل والإنتاج الحيواني والصيد والخدمات المتصلة,2119,3161,2166,995,18414,18379,35,21575,2023-4
3,منطقة الرياض,صنع منتجات المطاط واللدائن,761,5074,2422,2652,16377,16325,52,21451,2023-7
3,منطقة المدينة المنورة,أنشطة التشييد المتخصصة,3737,2965,1619,1346,18448,18238,210,21413,2023-7
2,المنطقة الشرقية,التعليم,782,12914,4604,8310,8182,6960,1222,21096,2023-4
4,منطقة الرياض,صُنع الملبوسات,4494,3566,1099,2467,17400,16416,984,20966,2023-10
3,منطقة القصيم,أنشطة التشييد المتخصصة,3289,1727,1056,671,19141,18842,299,20868,2023-7
2,منطقة الرياض,صُنع الملبوسات,4360,3346,995,2351,17234,15991,1243,20580,2023-4
2,منطقة مكة المكرمة,صيد الأسماك وتربية المائيات,6500,769,492,277,19795,19232,563,20564,2023-4
3,منطقة مكة المكرمة,إصلاح وتركيب الآلات والمعدات,1417,7997,6172,1825,12433,12298,135,20430,2023-7
3,منطقة الرياض,صُنع الملبوسات,4415,3390,1021,2369,17006,15931,1075,20396,2023-7
1,منطقة جازان,أنشطة خدمات الأطعمة والمشروبات,5389,2761,1438,1323,17560,17498,62,20321,2023-1
1,المنطقة الشرقية,أنشطة زراعة المحاصيل والإنتاج الحيواني والصيد والخدمات المتصلة,2172,2856,1876,980,17422,17389,33,20278,2023-1
1,منطقة مكة المكرمة,صيد الأسماك وتربية المائيات,6379,876,576,300,19173,18630,543,20049,2023-1
4,منطقة نجران,تشييد المباني,3252,2510,1176,1334,17467,17399,68,19977,2023-10
1,منطقة الرياض,صُنع الملبوسات,4341,3094,923,2171,16867,15581,1286,19961,2023-1
1,منطقة نجران,تشييد المباني,3153,2453,1315,1138,17475,17424,51,19928,2023-1
2,منطقة جازان,أنشطة خدمات الأطعمة والمشروبات,5350,2607,1314,1293,17319,17261,58,19926,2023-4
4,منطقة جازان,أنشطة خدمات الأطعمة والمشروبات,5438,2523,1249,1274,17305,17230,75,19828,2023-10
3,منطقة جازان,أنشطة خدمات الأطعمة والمشروبات,5343,2592,1304,1288,17106,17037,69,19698,2023-7
2,منطقة الرياض,صنع منتجات المطاط واللدائن,552,4640,2267,2373,15010,14969,41,19650,2023-4
3,منطقة نجران,تشييد المباني,3097,2492,1186,1306,16960,16898,62,19452,2023-7
2,منطقة نجران,تشييد المباني,3096,2375,1122,1253,16828,16774,54,19203,2023-4
4,منطقة القصيم,أنشطة التشييد المتخصصة,3312,1474,858,616,17719,17672,47,19193,2023-10
4,منطقة الرياض,صُنع الخشب ومنتجات الخشب والفلين ، باستثناء الأثاث ، صُنع أصناف من القش ومواد الضفر,1672,4314,1674,2640,14228,14127,101,18542,2023-10
3,منطقة الرياض,الإقامة,1300,7159,4016,3143,11346,11093,253,18505,2023-7
4,منطقة الرياض,الإقامة,1344,7178,4010,3168,11272,11024,248,18450,2023-10
3,منطقة الرياض,تجميع المياه ومعالجتها وتوصيلها,364,3427,1809,1618,15005,12933,2072,18432,2023-7
2,منطقة الرياض,الإقامة,1277,6933,3951,2982,11491,11239,252,18424,2023-4
1,منطقة الرياض,الإقامة,1246,6810,3928,2882,11591,11335,256,18401,2023-1
1,منطقة الرياض,صنع منتجات المطاط واللدائن,468,4221,2105,2116,14156,14115,41,18377,2023-1
4,منطقة جازان,تشييد المباني,4955,1366,673,693,16777,16712,65,18143,2023-10
4,منطقة عسير,أنشطة الاستخدام,149,223,102,121,17696,11391,6305,17919,2023-10
4,المنطقة الشرقية,صنع الفلزات القاعدية,284,5900,4601,1299,12008,11992,16,17908,2023-10
3,منطقة الرياض,أنشطة خدمات المعلومات,450,10578,5728,4850,7169,6909,260,17747,2023-7
4,منطقة مكة المكرمة,أنشطة الاستخدام,551,829,347,482,16895,13604,3291,17724,2023-10
3,المنطقة الشرقية,صنع الفلزات القاعدية,291,5755,4491,1264,11858,11846,12,17613,2023-7
2,منطقة الرياض,أنشطة خدمات المعلومات,448,10279,5517,4762,7326,7069,257,17605,2023-4
4,منطقة الرياض,أنشطة العمل الاجتماعي، دون إقامة,2823,8357,3012,5345,9176,8422,754,17533,2023-10
3,منطقة جازان,تشييد المباني,4685,1451,695,756,16030,15976,54,17481,2023-7
4,منطقة المدينة المنورة,تجارة الجملة ، باستثناء المركبات ذات المحركات والدراجات النارية,3842,4175,2484,1691,13291,13150,141,17466,2023-10
1,منطقة جازان,تشييد المباني,4622,1351,707,644,16080,16032,48,17431,2023-1
2,منطقة جازان,تشييد المباني,4608,1315,685,630,16094,16045,49,17409,2023-4
3,منطقة عسير,أنشطة الاستخدام,144,247,109,138,17029,11196,5833,17276,2023-7
2,المنطقة الشرقية,صنع الفلزات القاعدية,289,5496,4371,1125,11760,11752,8,17256,2023-4
1,منطقة مكة المكرمة,أنشطة الاستخدام,452,719,310,409,16458,13010,3448,17177,2023-1
1,المنطقة الشرقية,صنع الفلزات القاعدية,285,5435,4390,1045,11729,11725,4,17164,2023-1
1,المنطقة الشرقية,الأنشطة الإيجارية,2334,3615,2375,1240,13482,13446,36,17097,2023-1
1,منطقة الرياض,أنشطة خدمات المعلومات,457,10343,5571,4772,6637,6383,254,16980,2023-1
2,منطقة مكة المكرمة,أنشطة الاستخدام,471,783,343,440,16085,12948,3137,16868,2023-4
2,منطقة عسير,أنشطة الاستخدام,142,248,104,144,16609,10974,5635,16857,2023-4
1,منطقة عسير,تجارة الجملة والتجزئة ، وإصلاح المركبات ذات المحركات والدراجات النارية,4724,2094,1485,609,14759,14733,26,16853,2023-1
2,منطقة عسير,تجارة الجملة والتجزئة ، وإصلاح المركبات ذات المحركات والدراجات النارية,4722,2173,1502,671,14619,14591,28,16792,2023-4
3,منطقة الرياض,الاتصالات,513,11833,7267,4566,4958,4796,162,16791,2023-7
4,منطقة عسير,تجارة الجملة والتجزئة ، وإصلاح المركبات ذات المحركات والدراجات النارية,4872,2070,1383,687,14644,14621,23,16714,2023-10
3,منطقة المدينة المنورة,تجارة الجملة ، باستثناء المركبات ذات المحركات والدراجات النارية,3747,3926,2304,1622,12783,12657,126,16709,2023-7
3,منطقة مكة المكرمة,أنشطة الاستخدام,484,785,326,459,15818,12812,3006,16603,2023-7
3,منطقة عسير,تجارة الجملة والتجزئة ، وإصلاح المركبات ذات المحركات والدراجات النارية,4760,2169,1455,714,14411,14384,27,16580,2023-7
1,منطقة عسير,أنشطة الاستخدام,141,234,97,137,16344,10695,5649,16578,2023-1
2,منطقة المدينة المنورة,تجارة الجملة ، باستثناء المركبات ذات المحركات والدراجات النارية,3756,3807,2307,1500,12759,12652,107,16566,2023-4
1,منطقة المدينة المنورة,تجارة الجملة ، باستثناء المركبات ذات المحركات والدراجات النارية,3767,3730,2263,1467,12783,12684,99,16513,2023-1
1,منطقة حائل,تشييد المباني,3594,1250,655,595,15139,15100,39,16389,2023-1
4,منطقة مكة المكرمة,صُنع المواد الكيميائية والمنتجات الكيميائية,583,4803,2658,2145,11487,11341,146,16290,2023-10
2,المنطقة الشرقية,الأنشطة الإيجارية,2269,3536,2326,1210,12719,12675,44,16255,2023-4
4,منطقة الرياض,الأنشطة الأخرى للتعدين واستغلال المحاجر,528,3320,2170,1150,12929,12909,20,16249,2023-10
3,المنطقة الشرقية,الأنشطة الإيجارية,2212,3514,2293,1221,12726,12675,51,16240,2023-7
1,منطقة الرياض,أنشطة المعالجة وخدمات إدارة النفايات الأخرى,8,1412,1137,275,14824,14495,329,16236,2023-1
2,منطقة حائل,صيد الأسماك وتربية المائيات,5239,238,118,120,15958,15924,34,16196,2023-4
4,منطقة الرياض,الاتصالات,500,11609,7232,4377,4454,4295,159,16063,2023-10
3,منطقة مكة المكرمة,الأنشطة العقارية,2543,5931,3555,2376,10101,9760,341,16032,2023-7
2,منطقة الرياض,أنشطة المعالجة وخدمات إدارة النفايات الأخرى,8,1311,1054,257,14673,14351,322,15984,2023-4
2,منطقة حائل,تشييد المباني,3537,1250,644,606,14717,14680,37,15967,2023-4
3,منطقة مكة المكرمة,صُنع المواد الكيميائية والمنتجات الكيميائية,572,4711,2645,2066,11205,11089,116,15916,2023-7
1,منطقة مكة المكرمة,الأنشطة العقارية,2451,6011,3661,2350,9882,9591,291,15893,2023-1
2,منطقة مكة المكرمة,صُنع المواد الكيميائية والمنتجات الكيميائية,548,4613,2602,2011,11206,11103,103,15819,2023-4
4,المنطقة الشرقية,الأنشطة الإيجارية,2145,3444,2251,1193,12346,12296,50,15790,2023-10
2,منطقة القصيم,تجارة الجملة والتجزئة ، وإصلاح المركبات ذات المحركات والدراجات النارية,4180,1989,1381,608,13799,13789,10,15788,2023-4
1,منطقة عسير,أنشطة التشييد المتخصصة,3495,1807,899,908,13923,13891,32,15730,2023-1
4,منطقة الرياض,الأنشطة القانونية وأنشطة المحاسبة,2366,8550,5211,3339,7165,6855,310,15715,2023-10
1,منطقة القصيم,تجارة الجملة والتجزئة ، وإصلاح المركبات ذات المحركات والدراجات النارية,4184,1913,1362,551,13796,13787,9,15709,2023-1
2,منطقة مكة المكرمة,الأنشطة العقارية,2480,5859,3608,2251,9831,9540,291,15690,2023-4
4,منطقة مكة المكرمة,الأنشطة العقارية,2601,5781,3497,2284,9863,9527,336,15644,2023-10
4,منطقة القصيم,تجارة الجملة والتجزئة ، وإصلاح المركبات ذات المحركات والدراجات النارية,4264,1948,1359,589,13691,13679,12,15639,2023-10
3,منطقة الرياض,أنشطة المعالجة وخدمات إدارة النفايات الأخرى,14,1270,1003,267,14307,14001,306,15577,2023-7
3,منطقة القصيم,تجارة الجملة والتجزئة ، وإصلاح المركبات ذات المحركات والدراجات النارية,4200,1982,1383,599,13548,13536,12,15530,2023-7
4,منطقة الرياض,صنع الفلزات القاعدية,567,4113,2352,1761,11324,11273,51,15437,2023-10
3,منطقة الرياض,صنع الفلزات القاعدية,582,4041,2328,1713,11367,11269,98,15408,2023-7
2,منطقة مكة المكرمة,إصلاح وتركيب الآلات والمعدات,1312,6417,4874,1543,8953,8886,67,15370,2023-4
1,منطقة حائل,صيد الأسماك وتربية المائيات,5067,332,151,181,14888,14854,34,15220,2023-1
2,منطقة عسير,أنشطة التشييد المتخصصة,3478,1603,800,803,13516,13480,36,15119,2023-4
4,منطقة حائل,تشييد المباني,3679,1219,603,616,13836,13710,126,15055,2023-10
3,منطقة حائل,تشييد المباني,3496,1176,596,580,13876,13844,32,15052,2023-7
4,منطقة القصيم,صُنع المنتجات الغذائية,714,3201,1796,1405,11808,11715,93,15009,2023-10
3,منطقة الرياض,الأنشطة القانونية وأنشطة المحاسبة,2218,8103,4947,3156,6827,6545,282,14930,2023-7
2,منطقة تبوك,تجارة التجزئة، باستثناء المركبات ذات المحركات والدراجات النارية,4413,3099,1562,1537,11820,11765,55,14919,2023-4
4,منطقة الرياض,أنشطة المعالجة وخدمات إدارة النفايات الأخرى,18,1168,915,253,13734,13437,297,14902,2023-10
3,منطقة القصيم,صُنع المنتجات الغذائية,658,3248,1925,1323,11577,11473,104,14825,2023-7
4,منطقة تبوك,تجارة التجزئة، باستثناء المركبات ذات المحركات والدراجات النارية,4568,2799,1358,1441,12021,11949,72,14820,2023-10
4,منطقة عسير,أنشطة التشييد المتخصصة,3547,1570,740,830,13248,13173,75,14818,2023-10
3,منطقة عسير,أنشطة التشييد المتخصصة,3488,1534,717,817,13209,13147,62,14743,2023-7
1,منطقة تبوك,تجارة التجزئة، باستثناء المركبات ذات المحركات والدراجات النارية,4403,2988,1521,1467,11751,11700,51,14739,2023-1
1,منطقة مكة المكرمة,صُنع المواد الكيميائية والمنتجات الكيميائية,537,4060,2441,1619,10630,10544,86,14690,2023-1
3,منطقة تبوك,تجارة التجزئة، باستثناء المركبات ذات المحركات والدراجات النارية,4433,2916,1403,1513,11705,11648,57,14621,2023-7
1,منطقة الرياض,صنع الفلزات القاعدية,590,3423,1986,1437,11144,11088,56,14567,2023-1
1,منطقة مكة المكرمة,إصلاح وتركيب الآلات والمعدات,1258,6162,4710,1452,8392,8343,49,14554,2023-1
2,منطقة الرياض,الأنشطة القانونية وأنشطة المحاسبة,2157,7778,4750,3028,6705,6441,264,14483,2023-4
1,منطقة مكة المكرمة,الأنشطة الإيجارية,3434,2627,1855,772,11738,11621,117,14365,2023-1
2,منطقة الرياض,صنع الفلزات القاعدية,587,3592,2052,1540,10770,10713,57,14362,2023-4
3,منطقة الرياض,صُنع الخشب ومنتجات الخشب والفلين ، باستثناء الأثاث ، صُنع أصناف من القش ومواد الضفر,1441,3444,1393,2051,10909,10848,61,14353,2023-7
1,منطقة الرياض,الأنشطة القانونية وأنشطة المحاسبة,2132,7561,4574,2987,6789,6513,276,14350,2023-1
2,منطقة مكة المكرمة,الأنشطة الإيجارية,3348,2716,1911,805,11629,11518,111,14345,2023-4
4,منطقة الرياض,الصرف الصحي,228,2747,1890,857,11556,11508,48,14303,2023-10
1,منطقة القصيم,الهندسة المدنية,261,2230,1482,748,11954,11944,10,14184,2023-1
1,منطقة القصيم,صُنع المنتجات الغذائية,607,3015,1837,1178,11069,10948,121,14084,2023-1
2,منطقة القصيم,صُنع المنتجات الغذائية,613,3036,1814,1222,11013,10919,94,14049,2023-4
4,منطقة مكة المكرمة,أنشطة المعمارية والهندسية ، والاختبارات الفنية والتحليل,1490,5082,2956,2126,8966,8820,146,14048,2023-10
1,منطقة حائل,تجارة التجزئة، باستثناء المركبات ذات المحركات والدراجات النارية,3866,2715,1293,1422,11261,11193,68,13976,2023-1
4,منطقة الرياض,توصيل الكهرباء والغاز والبخار وتكييف الهواء,260,10984,10183,801,2989,2970,19,13973,2023-10
1,منطقة مكة المكرمة,الأنشطة الإدارية للمكاتب ، وأنشطة الدعم للمكاتب وغير ذلك من أنشطة الدعم للأعمال,1871,6368,3634,2734,7584,7166,418,13952,2023-1
3,منطقة مكة المكرمة,الأنشطة الإيجارية,3260,2682,1868,814,11258,11144,114,13940,2023-7
4,منطقة مكة المكرمة,صُنع الخشب ومنتجات الخشب والفلين ، باستثناء الأثاث ، صُنع أصناف من القش ومواد الضفر,984,2640,1318,1322,11265,11209,56,13905,2023-10
4,منطقة حائل,تجارة التجزئة، باستثناء المركبات ذات المحركات والدراجات النارية,3988,2629,1214,1415,11270,11205,65,13899,2023-10
2,منطقة حائل,تجارة التجزئة، باستثناء المركبات ذات المحركات والدراجات النارية,3864,2760,1276,1484,11120,11053,67,13880,2023-4
4,منطقة القصيم,النقل البري و النقل عبر الأنابيب,1680,2316,1436,880,11495,11467,28,13811,2023-10
4,منطقة مكة المكرمة,الأنشطة الإيجارية,3160,2634,1847,787,11152,11033,119,13786,2023-10
3,منطقة حائل,تجارة التجزئة، باستثناء المركبات ذات المحركات والدراجات النارية,3874,2658,1231,1427,11087,11017,70,13745,2023-7
1,منطقة عسير,تجارة الجملة ، باستثناء المركبات ذات المحركات والدراجات النارية,2824,3277,2094,1183,10459,10421,38,13736,2023-1
3,منطقة الرياض,أنشطة العمل الاجتماعي، دون إقامة,1592,8154,2946,5208,5509,4860,649,13663,2023-7
4,منطقة تبوك,تشييد المباني,3370,1247,661,586,12366,12324,42,13613,2023-10
3,منطقة مكة المكرمة,أنشطة المعمارية والهندسية ، والاختبارات الفنية والتحليل,1411,4955,2913,2042,8642,8516,126,13597,2023-7
2,منطقة عسير,تجارة الجملة ، باستثناء المركبات ذات المحركات والدراجات النارية,2814,3266,2061,1205,10317,10273,44,13583,2023-4
1,منطقة تبوك,أنشطة خدمات الأطعمة والمشروبات,2936,2022,908,1114,11542,11449,93,13564,2023-1
3,منطقة عسير,تجارة الجملة ، باستثناء المركبات ذات المحركات والدراجات النارية,2839,3250,2007,1243,10279,10231,48,13529,2023-7
4,منطقة القصيم,أنشطة زراعة المحاصيل والإنتاج الحيواني والصيد والخدمات المتصلة,1282,2058,1506,552,11422,11400,22,13480,2023-10
1,منطقة الرياض,توصيل الكهرباء والغاز والبخار وتكييف الهواء,189,11252,10597,655,2201,2191,10,13453,2023-1
4,منطقة تبوك,أنشطة خدمات الأطعمة والمشروبات,3026,1954,791,1163,11467,11358,109,13421,2023-10
3,منطقة الرياض,توصيل الكهرباء والغاز والبخار وتكييف الهواء,218,10914,10218,696,2414,2404,10,13328,2023-7
2,منطقة مكة المكرمة,أنشطة المعمارية والهندسية ، والاختبارات الفنية والتحليل,1405,4911,2984,1927,8416,8301,115,13327,2023-4
4,منطقة عسير,تجارة الجملة ، باستثناء المركبات ذات المحركات والدراجات النارية,2878,3149,1935,1214,10161,10108,53,13310,2023-10
3,منطقة الرياض,الأنشطة الأخرى للتعدين واستغلال المحاجر,504,2695,1625,1070,10482,10459,23,13177,2023-7
1,منطقة مكة المكرمة,أنشطة المعمارية والهندسية ، والاختبارات الفنية والتحليل,1392,4762,2925,1837,8397,8280,117,13159,2023-1
2,منطقة الرياض,توصيل الكهرباء والغاز والبخار وتكييف الهواء,203,10905,10293,612,2239,2229,10,13144,2023-4
1,منطقة القصيم,تجارة الجملة ، باستثناء المركبات ذات المحركات والدراجات النارية,2699,3020,1798,1222,10111,10049,62,13131,2023-1
2,منطقة تبوك,أنشطة خدمات الأطعمة والمشروبات,2913,1938,828,1110,11189,11094,95,13127,2023-4
4,منطقة الرياض,صُنع المشروبات,175,3722,2016,1706,9375,9355,20,13097,2023-10
3,منطقة تبوك,أنشطة خدمات الأطعمة والمشروبات,2934,1916,811,1105,11122,11028,94,13038,2023-7
4,منطقة المدينة المنورة,تجارة الجملة والتجزئة ، وإصلاح المركبات ذات المحركات والدراجات النارية,3948,1598,1060,538,11435,11401,34,13033,2023-10
3,منطقة القصيم,النقل البري و النقل عبر الأنابيب,1590,2186,1354,832,10686,10661,25,12872,2023-7
3,منطقة المدينة المنورة,تجارة الجملة والتجزئة ، وإصلاح المركبات ذات المحركات والدراجات النارية,3850,1633,1090,543,11221,11191,30,12854,2023-7
2,منطقة المدينة المنورة,تجارة الجملة والتجزئة ، وإصلاح المركبات ذات المحركات والدراجات النارية,3828,1574,1064,510,11265,11238,27,12839,2023-4
1,منطقة عسير,الصحة البشرية,359,4063,1309,2754,8770,4782,3988,12833,2023-1
3,منطقة الرياض,الصناعة التحويلية الأخرى,466,3200,1537,1663,9630,9444,186,12830,2023-7
1,منطقة المدينة المنورة,تجارة الجملة والتجزئة ، وإصلاح المركبات ذات المحركات والدراجات النارية,3827,1501,1047,454,11314,11294,20,12815,2023-1
1,منطقة الرياض,الصناعة التحويلية الأخرى,440,3014,1487,1527,9794,9555,239,12808,2023-1
3,منطقة القصيم,أنشطة زراعة المحاصيل والإنتاج الحيواني والصيد والخدمات المتصلة,1317,2004,1460,544,10803,10780,23,12807,2023-7
3,منطقة عسير,الصحة البشرية,348,4238,1308,2930,8549,4584,3965,12787,2023-7
2,منطقة الرياض,الصناعة التحويلية الأخرى,443,3096,1506,1590,9691,9443,248,12787,2023-4
2,منطقة عسير,الصحة البشرية,356,4177,1330,2847,8584,4665,3919,12761,2023-4
3,منطقة الرياض,صُنع المشروبات,175,3595,2013,1582,9144,9124,20,12739,2023-7
2,منطقة القصيم,تجارة الجملة ، باستثناء المركبات ذات المحركات والدراجات النارية,2664,3033,1774,1259,9671,9612,59,12704,2023-4
2,منطقة القصيم,أنشطة زراعة المحاصيل والإنتاج الحيواني والصيد والخدمات المتصلة,1330,1997,1451,546,10694,10670,24,12691,2023-4
2,منطقة القصيم,النقل البري و النقل عبر الأنابيب,1495,2202,1415,787,10467,10445,22,12669,2023-4
1,منطقة القصيم,أنشطة زراعة المحاصيل والإنتاج الحيواني والصيد والخدمات المتصلة,1385,2015,1448,567,10624,10608,16,12639,2023-1
1,منطقة القصيم,النقل البري و النقل عبر الأنابيب,1465,2235,1445,790,10397,10376,21,12632,2023-1
2,منطقة الرياض,صُنع المشروبات,165,3514,2030,1484,9047,9031,16,12561,2023-4
4,منطقة الرياض,الصناعة التحويلية الأخرى,479,3121,1511,1610,9399,9166,233,12520,2023-10
1,منطقة تبوك,تشييد المباني,3128,1059,569,490,11346,11319,27,12405,2023-1
3,منطقة القصيم,تجارة الجملة ، باستثناء المركبات ذات المحركات والدراجات النارية,2649,3055,1842,1213,9348,9290,58,12403,2023-7
4,منطقة القصيم,تجارة الجملة ، باستثناء المركبات ذات المحركات والدراجات النارية,2688,3045,1837,1208,9345,9291,54,12390,2023-10
2,منطقة تبوك,تشييد المباني,3128,1087,576,511,11214,11180,34,12301,2023-4
4,منطقة مكة المكرمة,الأنشطة الإدارية للمكاتب ، وأنشطة الدعم للمكاتب وغير ذلك من أنشطة الدعم للأعمال,1964,5492,2994,2498,6802,6400,402,12294,2023-10
2,منطقة مكة المكرمة,الأنشطة الإدارية للمكاتب ، وأنشطة الدعم للمكاتب وغير ذلك من أنشطة الدعم للأعمال,1869,5475,2957,2518,6797,6423,374,12272,2023-4
4,منطقة الرياض,صنع المعدات الكهربائية,345,3534,2177,1357,8714,8676,38,12248,2023-10
3,المنطقة الشرقية,أنشطة جمع النفايات ومعالجتها وتصريفها ، واسترجاع المواد,145,2482,1527,955,9707,8454,1253,12189,2023-7
3,منطقة الرياض,الصرف الصحي,179,1830,1254,576,10309,10287,22,12139,2023-7
4,منطقة الرياض,صُنع المنسوجات,1197,2660,1441,1219,9467,9400,67,12127,2023-10
4,منطقة مكة المكرمة,صُنع الملبوسات,3255,1772,539,1233,10304,9607,697,12076,2023-10
3,منطقة مكة المكرمة,الأنشطة الإدارية للمكاتب ، وأنشطة الدعم للمكاتب وغير ذلك من أنشطة الدعم للأعمال,1874,5446,2969,2477,6620,6233,387,12066,2023-7
4,منطقة مكة المكرمة,صنع منتجات المطاط واللدائن,287,3201,1987,1214,8847,8766,81,12048,2023-10
1,منطقة الرياض,الأنشطة الرياضية وأنشطة التسلية والترفيه,1081,4654,1988,2666,7388,6250,1138,12042,2023-1
3,منطقة الرياض,صنع المعدات الكهربائية,337,3322,1985,1337,8700,8665,35,12022,2023-7
1,منطقة الرياض,صنع المعدات الكهربائية,317,3108,2068,1040,8870,8846,24,11978,2023-1
3,منطقة تبوك,تشييد المباني,3183,1090,553,537,10879,10842,37,11969,2023-7
2,منطقة الرياض,صنع المعدات الكهربائية,326,3278,2073,1205,8658,8634,24,11936,2023-4
3,منطقة مكة المكرمة,صُنع الخشب ومنتجات الخشب والفلين ، باستثناء الأثاث ، صُنع أصناف من القش ومواد الضفر,897,2430,1177,1253,9491,9446,45,11921,2023-7
2,منطقة مكة المكرمة,صُنع الملبوسات,3207,1775,539,1236,10081,9341,740,11856,2023-4
4,منطقة مكة المكرمة,أنشطة زراعة المحاصيل والإنتاج الحيواني والصيد والخدمات المتصلة,2037,1748,775,973,10083,9920,163,11831,2023-10
3,منطقة مكة المكرمة,صُنع الملبوسات,3205,1761,543,1218,10053,9342,711,11814,2023-7
1,منطقة القصيم,صنع منتجات المعادن اللافلزية الأخرى,492,2344,1571,773,9442,9436,6,11786,2023-1
2,منطقة الرياض,صُنع الخشب ومنتجات الخشب والفلين ، باستثناء الأثاث ، صُنع أصناف من القش ومواد الضفر,1346,2460,829,1631,9269,9160,109,11729,2023-4
1,منطقة الرياض,أنشطة العمل الاجتماعي، دون إقامة,783,7716,2887,4829,3994,3437,557,11710,2023-1
2,منطقة القصيم,صنع منتجات المعادن اللافلزية الأخرى,489,2415,1587,828,9268,9261,7,11683,2023-4
2,منطقة الرياض,الصرف الصحي,161,1845,1336,509,9811,9790,21,11656,2023-4
3,منطقة القصيم,الهندسة المدنية,260,1816,1130,686,9826,9809,17,11642,2023-7
1,منطقة مكة المكرمة,صُنع الملبوسات,3201,1602,486,1116,10027,9242,785,11629,2023-1
2,منطقة القصيم,الهندسة المدنية,262,1864,1156,708,9679,9660,19,11543,2023-4
4,منطقة القصيم,الهندسة المدنية,278,1814,1149,665,9718,9701,17,11532,2023-10
4,منطقة القصيم,صنع منتجات المعادن اللافلزية الأخرى,499,2433,1592,841,9097,9088,9,11530,2023-10
2,منطقة الرياض,الأنشطة الرياضية وأنشطة التسلية والترفيه,1100,4491,1893,2598,7038,5922,1116,11529,2023-4
3,منطقة القصيم,صنع منتجات المعادن اللافلزية الأخرى,484,2459,1598,861,8973,8965,8,11432,2023-7
3,منطقة مكة المكرمة,صنع منتجات المطاط واللدائن,263,2995,1796,1199,8338,8258,80,11333,2023-7
4,منطقة الرياض,الأنشطة الرياضية وأنشطة التسلية والترفيه,1168,4436,1955,2481,6864,5727,1137,11300,2023-10
4,المنطقة الشرقية,أنشطة جمع النفايات ومعالجتها وتصريفها ، واسترجاع المواد,168,1899,1135,764,9380,8091,1289,11279,2023-10
2,منطقة مكة المكرمة,صُنع الخشب ومنتجات الخشب والفلين ، باستثناء الأثاث ، صُنع أصناف من القش ومواد الضفر,866,2310,1071,1239,8923,8884,39,11233,2023-4
4,منطقة عسير,الصحة البشرية,350,4088,1213,2875,7128,3148,3980,11216,2023-10
1,منطقة الرياض,صُنع المشروبات,159,3110,1786,1324,8084,8071,13,11194,2023-1
4,منطقة الرياض,أنشطة خدمات المعلومات,437,5861,3144,2717,5298,5075,223,11159,2023-10
4,منطقة مكة المكرمة,صنع الفلزات القاعدية,318,3288,2064,1224,7867,7843,24,11155,2023-10
4,منطقة مكة المكرمة,توصيل الكهرباء والغاز والبخار وتكييف الهواء,116,9225,9046,179,1918,1914,4,11143,2023-10
1,منطقة مكة المكرمة,توصيل الكهرباء والغاز والبخار وتكييف الهواء,101,9583,9459,124,1521,1520,1,11104,2023-1
3,منطقة الرياض,الأنشطة الرياضية وأنشطة التسلية والترفيه,1122,4237,1816,2421,6863,5765,1098,11100,2023-7
1,منطقة الرياض,الصرف الصحي,148,1770,1306,464,9329,9311,18,11099,2023-1
2,منطقة مكة المكرمة,صنع منتجات المطاط واللدائن,233,2900,1790,1110,8069,8037,32,10969,2023-4
3,منطقة الرياض,صُنع المنسوجات,999,2552,1453,1099,8397,8341,56,10949,2023-7
2,منطقة مكة المكرمة,توصيل الكهرباء والغاز والبخار وتكييف الهواء,103,9424,9295,129,1522,1520,2,10946,2023-4
2,منطقة الرياض,الأنشطة الأخرى للتعدين واستغلال المحاجر,487,2192,1298,894,8725,8712,13,10917,2023-4
4,منطقة مكة المكرمة,تجميع المياه ومعالجتها وتوصيلها,519,2178,1301,877,8716,8683,33,10894,2023-10
2,منطقة الرياض,أنشطة العمل الاجتماعي، دون إقامة,796,6937,2789,4148,3939,3383,556,10876,2023-4
1,منطقة نجران,أنشطة تقديم الخدمات للمباني وتجميل المواقع,231,1724,948,776,9068,8994,74,10792,2023-1
1,منطقة عسير,صنع منتجات المعادن اللافلزية الأخرى,502,2634,1767,867,8153,8138,15,10787,2023-1
3,منطقة مكة المكرمة,صنع الفلزات القاعدية,317,3144,1997,1147,7606,7579,27,10750,2023-7
3,منطقة مكة المكرمة,توصيل الكهرباء والغاز والبخار وتكييف الهواء,101,9210,9064,146,1470,1468,2,10680,2023-7
4,منطقة نجران,تجارة التجزئة، باستثناء المركبات ذات المحركات والدراجات النارية,3142,1579,725,854,9058,8984,74,10637,2023-10
2,منطقة مكة المكرمة,صنع الفلزات القاعدية,310,3025,1913,1112,7609,7585,24,10634,2023-4
1,منطقة نجران,تجارة التجزئة، باستثناء المركبات ذات المحركات والدراجات النارية,2995,1710,772,938,8917,8854,63,10627,2023-1
2,المنطقة الشرقية,أنشطة جمع النفايات ومعالجتها وتصريفها ، واسترجاع المواد,134,2206,1373,833,8407,7145,1262,10613,2023-4
1,منطقة مكة المكرمة,صنع منتجات المطاط واللدائن,209,2750,1733,1017,7854,7826,28,10604,2023-1
4,منطقة المدينة المنورة,صنع منتجات المعادن اللافلزية الأخرى,333,2807,1898,909,7768,7752,16,10575,2023-10
1,منطقة المدينة المنورة,صنع منتجات المعادن اللافلزية الأخرى,324,2500,1742,758,8065,8048,17,10565,2023-1
2,المنطقة الشرقية,الأنشطة الأخرى للتعدين واستغلال المحاجر,176,3175,2481,694,7367,7286,81,10542,2023-4
2,منطقة عسير,صنع منتجات المعادن اللافلزية الأخرى,498,2638,1748,890,7888,7873,15,10526,2023-4
3,منطقة المدينة المنورة,صنع منتجات المعادن اللافلزية الأخرى,328,2743,1852,891,7777,7762,15,10520,2023-7
2,منطقة نجران,تجارة التجزئة، باستثناء المركبات ذات المحركات والدراجات النارية,2990,1680,790,890,8816,8732,84,10496,2023-4
2,منطقة المدينة المنورة,صنع منتجات المعادن اللافلزية الأخرى,326,2658,1833,825,7832,7816,16,10490,2023-4
1,منطقة حائل,أنشطة خدمات الأطعمة والمشروبات,2291,1374,718,656,9066,9010,56,10440,2023-1
1,منطقة مكة المكرمة,صنع الفلزات القاعدية,306,2853,1801,1052,7542,7518,24,10395,2023-1
3,منطقة مكة المكرمة,أنشطة جمع النفايات ومعالجتها وتصريفها ، واسترجاع المواد,199,2289,1311,978,8086,7984,102,10375,2023-7
3,منطقة عسير,صنع منتجات المعادن اللافلزية الأخرى,490,2717,1767,950,7649,7635,14,10366,2023-7
3,منطقة مكة المكرمة,أبحاث الإعلان والسوق,1993,3646,1591,2055,6711,6249,462,10357,2023-7
4,منطقة المدينة المنورة,الصحة البشرية,308,3664,1229,2435,6668,3281,3387,10332,2023-10
1,منطقة المدينة المنورة,الصحة البشرية,300,3631,1267,2364,6694,3256,3438,10325,2023-1
4,منطقة عسير,النقل البري و النقل عبر الأنابيب,2131,1630,1002,628,8689,8677,12,10319,2023-10
1,منطقة مكة المكرمة,أبحاث الإعلان والسوق,1947,3576,1575,2001,6741,6290,451,10317,2023-1
4,منطقة مكة المكرمة,أبحاث الإعلان والسوق,2009,3597,1580,2017,6657,6157,500,10254,2023-10
2,منطقة مكة المكرمة,أبحاث الإعلان والسوق,1965,3531,1533,1998,6711,6263,448,10242,2023-4
2,منطقة مكة المكرمة,أنشطة جمع النفايات ومعالجتها وتصريفها ، واسترجاع المواد,176,2267,1277,990,7953,7865,88,10220,2023-4
3,منطقة نجران,تجارة التجزئة، باستثناء المركبات ذات المحركات والدراجات النارية,3042,1583,745,838,8628,8554,74,10211,2023-7
1,منطقة عسير,أنشطة تقديم الخدمات للمباني وتجميل المواقع,553,2151,1630,521,8034,7913,121,10185,2023-1
3,منطقة المدينة المنورة,الصحة البشرية,299,3600,1213,2387,6577,3246,3331,10177,2023-7
2,منطقة المدينة المنورة,الصحة البشرية,300,3611,1226,2385,6564,3214,3350,10175,2023-4
2,منطقة نجران,أنشطة تقديم الخدمات للمباني وتجميل المواقع,228,1428,839,589,8746,8682,64,10174,2023-4
4,منطقة المدينة المنورة,الهندسة المدنية,307,1964,1390,574,8209,8144,65,10173,2023-10
1,منطقة الرياض,صُنع الخشب ومنتجات الخشب والفلين ، باستثناء الأثاث ، صُنع أصناف من القش ومواد الضفر,1299,1885,664,1221,8226,8116,110,10111,2023-1
1,منطقة الحدود الشمالية,تشييد المباني,1797,910,526,384,9125,9087,38,10035,2023-1
2,منطقة الحدود الشمالية,تشييد المباني,1770,854,489,365,9151,9106,45,10005,2023-4
4,منطقة عسير,صنع منتجات المعادن اللافلزية الأخرى,490,2637,1699,938,7346,7331,15,9983,2023-10
1,منطقة عسير,النقل البري و النقل عبر الأنابيب,2137,1488,915,573,8441,8425,16,9929,2023-1
2,منطقة عسير,أنشطة تقديم الخدمات للمباني وتجميل المواقع,543,2160,1626,534,7741,7612,129,9901,2023-4
2,منطقة عسير,النقل البري و النقل عبر الأنابيب,2102,1482,867,615,8377,8356,21,9859,2023-4
4,المنطقة الشرقية,صناعة الآلات والمعدات غير المصنفة في موضع أخر,191,3999,3345,654,5850,5839,11,9849,2023-10
3,منطقة حائل,أنشطة خدمات الأطعمة والمشروبات,2258,1369,688,681,8476,8434,42,9845,2023-7
2,منطقة حائل,أنشطة خدمات الأطعمة والمشروبات,2248,1335,706,629,8483,8442,41,9818,2023-4
2,منطقة الرياض,صُنع المنسوجات,782,2292,1364,928,7512,7464,48,9804,2023-4
3,منطقة عسير,النقل البري و النقل عبر الأنابيب,2110,1434,825,609,8313,8293,20,9747,2023-7
3,منطقة المدينة المنورة,الهندسة المدنية,306,1922,1336,586,7816,7763,53,9738,2023-7
3,منطقة نجران,أنشطة تقديم الخدمات للمباني وتجميل المواقع,220,1479,863,616,8236,8171,65,9715,2023-7
4,منطقة نجران,أنشطة تقديم الخدمات للمباني وتجميل المواقع,218,1514,895,619,8179,8110,69,9693,2023-10
3,منطقة الحدود الشمالية,تشييد المباني,1762,803,459,344,8876,8832,44,9679,2023-7
4,منطقة المدينة المنورة,أنشطة تقديم الخدمات للمباني وتجميل المواقع,816,1670,999,671,7986,7809,177,9656,2023-10
4,منطقة الحدود الشمالية,تشييد المباني,1831,740,395,345,8914,8869,45,9654,2023-10
1,المنطقة الشرقية,أنشطة جمع النفايات ومعالجتها وتصريفها ، واسترجاع المواد,119,2044,1228,816,7606,6318,1288,9650,2023-1
3,المنطقة الشرقية,صناعة الآلات والمعدات غير المصنفة في موضع أخر,185,3863,3227,636,5778,5767,11,9641,2023-7
4,المنطقة الشرقية,صُنع الملبوسات,2613,1319,462,857,8321,7814,507,9640,2023-10
4,منطقة حائل,أنشطة خدمات الأطعمة والمشروبات,2290,1236,638,598,8355,8315,40,9591,2023-10
1,منطقة المدينة المنورة,أنشطة تقديم الخدمات للمباني وتجميل المواقع,872,1626,922,704,7961,7741,220,9587,2023-1
3,منطقة المدينة المنورة,الإقامة,707,3999,2702,1297,5573,5490,83,9572,2023-7
2,المنطقة الشرقية,صناعة الآلات والمعدات غير المصنفة في موضع أخر,184,3839,3272,567,5695,5685,10,9534,2023-4
1,منطقة الجوف,تجارة التجزئة، باستثناء المركبات ذات المحركات والدراجات النارية,2898,1697,1000,697,7835,7789,46,9532,2023-1
2,المنطقة الشرقية,صُنع الملبوسات,2543,1375,463,912,8133,7594,539,9508,2023-4
1,منطقة مكة المكرمة,أنشطة جمع النفايات ومعالجتها وتصريفها ، واسترجاع المواد,159,2324,1333,991,7180,7110,70,9504,2023-1
3,منطقة المدينة المنورة,أنشطة تقديم الخدمات للمباني وتجميل المواقع,840,1792,1037,755,7707,7539,168,9499,2023-7
4,منطقة المدينة المنورة,الإقامة,741,3846,2605,1241,5641,5534,107,9487,2023-10
1,المنطقة الشرقية,صُنع الملبوسات,2556,1276,417,859,8202,7660,542,9478,2023-1
1,منطقة الرياض,صُنع المنسوجات,681,2166,1332,834,7296,7250,46,9462,2023-1
2,منطقة الجوف,تجارة التجزئة، باستثناء المركبات ذات المحركات والدراجات النارية,2908,1697,957,740,7745,7698,47,9442,2023-4
2,منطقة المدينة المنورة,أنشطة تقديم الخدمات للمباني وتجميل المواقع,859,1640,925,715,7796,7566,230,9436,2023-4
1,المنطقة الشرقية,صناعة الآلات والمعدات غير المصنفة في موضع أخر,183,3674,3147,527,5723,5714,9,9397,2023-1
3,المنطقة الشرقية,صُنع الملبوسات,2568,1291,456,835,8045,7548,497,9336,2023-7
3,منطقة الجوف,تجارة التجزئة، باستثناء المركبات ذات المحركات والدراجات النارية,2898,1704,950,754,7618,7569,49,9322,2023-7
4,منطقة نجران,أنشطة التشييد المتخصصة,1165,809,515,294,8482,8462,20,9291,2023-10
4,منطقة الجوف,تجارة التجزئة، باستثناء المركبات ذات المحركات والدراجات النارية,2948,1629,911,718,7659,7610,49,9288,2023-10
3,منطقة عسير,أنشطة تقديم الخدمات للمباني وتجميل المواقع,522,2006,1561,445,7265,7130,135,9271,2023-7
4,منطقة جازان,تجارة الجملة والتجزئة ، وإصلاح المركبات ذات المحركات والدراجات النارية,3056,896,652,244,8374,8353,21,9270,2023-10
2,منطقة المدينة المنورة,الهندسة المدنية,297,1870,1295,575,7396,7354,42,9266,2023-4
4,المنطقة الشرقية,صُنع الخشب ومنتجات الخشب والفلين ، باستثناء الأثاث ، صُنع أصناف من القش ومواد الضفر,718,2367,1257,1110,6892,6862,30,9259,2023-10
1,منطقة جازان,تجارة الجملة والتجزئة ، وإصلاح المركبات ذات المحركات والدراجات النارية,2924,925,698,227,8322,8309,13,9247,2023-1
2,منطقة جازان,تجارة الجملة والتجزئة ، وإصلاح المركبات ذات المحركات والدراجات النارية,2924,941,691,250,8261,8245,16,9202,2023-4
1,منطقة الرياض,أنشطة البريد ونقل الرسائل والطرود بواسطة مندوبين,392,2299,1199,1100,6897,6805,92,9196,2023-1
2,منطقة المدينة المنورة,الإقامة,668,3791,2589,1202,5382,5314,68,9173,2023-4
3,منطقة جازان,تجارة الجملة والتجزئة ، وإصلاح المركبات ذات المحركات والدراجات النارية,2966,958,715,243,8214,8196,18,9172,2023-7
3,منطقة مكة المكرمة,أنشطة زراعة المحاصيل والإنتاج الحيواني والصيد والخدمات المتصلة,2079,1152,582,570,7977,7838,139,9129,2023-7
3,منطقة الرياض,أنشطة البريد ونقل الرسائل والطرود بواسطة مندوبين,420,2253,1078,1175,6826,6737,89,9079,2023-7
4,منطقة المدينة المنورة,أنشطة الخدمات الشخصية الأخرى,3346,733,214,519,8303,6863,1440,9036,2023-10
1,منطقة القصيم,إصلاح أجهزة الحاسوب والسلع الشخصية والمنزلية,847,127,92,35,8901,8883,18,9028,2023-1
1,منطقة المدينة المنورة,الهندسة المدنية,292,1768,1188,580,7240,7208,32,9008,2023-1
1,منطقة المدينة المنورة,الإقامة,646,3668,2515,1153,5302,5234,68,8970,2023-1
3,منطقة نجران,أنشطة التشييد المتخصصة,1164,776,513,263,8122,8101,21,8898,2023-7
4,منطقة الرياض,صُنع الورق ومنتجات الورق,344,2319,1044,1275,6533,6493,40,8852,2023-10
2,منطقة الرياض,أنشطة البريد ونقل الرسائل والطرود بواسطة مندوبين,386,2182,1098,1084,6666,6581,85,8848,2023-4
3,منطقة مكة المكرمة,تجميع المياه ومعالجتها وتوصيلها,481,2005,1173,832,6755,6733,22,8760,2023-7
4,المنطقة الشرقية,صنع المعدات الكهربائية,214,3712,3169,543,5031,5006,25,8743,2023-10
2,منطقة القصيم,صيد الأسماك وتربية المائيات,2770,175,70,105,8541,8520,21,8716,2023-4
3,المنطقة الشرقية,صنع المعدات الكهربائية,204,3649,3127,522,5057,5036,21,8706,2023-7
1,منطقة القصيم,الصحة البشرية,219,2478,1006,1472,6177,3430,2747,8655,2023-1
1,منطقة الجوف,تشييد المباني,1890,940,624,316,7621,7515,106,8561,2023-1
2,منطقة مكة المكرمة,أنشطة زراعة المحاصيل والإنتاج الحيواني والصيد والخدمات المتصلة,2111,993,501,492,7559,7424,135,8552,2023-4
2,المنطقة الشرقية,صنع المعدات الكهربائية,204,3580,3106,474,4942,4928,14,8522,2023-4
2,منطقة القصيم,الصحة البشرية,223,2542,1027,1515,5976,3249,2727,8518,2023-4
3,منطقة الرياض,صُنع الورق ومنتجات الورق,324,2258,1039,1219,6255,6214,41,8513,2023-7
2,منطقة الجوف,تشييد المباني,1876,961,603,358,7551,7463,88,8512,2023-4
4,منطقة الرياض,أنشطة البريد ونقل الرسائل والطرود بواسطة مندوبين,433,2129,1079,1050,6368,6279,89,8497,2023-10
1,منطقة مكة المكرمة,أنشطة زراعة المحاصيل والإنتاج الحيواني والصيد والخدمات المتصلة,2217,858,463,395,7637,7527,110,8495,2023-1
1,منطقة القصيم,صيد الأسماك وتربية المائيات,2727,220,98,122,8245,8227,18,8465,2023-1
4,المنطقة الشرقية,توصيل الكهرباء والغاز والبخار وتكييف الهواء,139,6547,6314,233,1872,1869,3,8419,2023-10
2,منطقة نجران,أنشطة التشييد المتخصصة,1175,783,516,267,7591,7574,17,8374,2023-4
1,منطقة عسير,الهندسة المدنية,240,1470,1100,370,6878,6875,3,8348,2023-1
4,المنطقة الشرقية,صنع الأثاث,753,1803,804,999,6535,6503,32,8338,2023-10
4,المنطقة الشرقية,أنشطة الأمن والتحقيقات,103,8248,7537,711,86,86,0,8334,2023-10
1,المنطقة الشرقية,صنع المعدات الكهربائية,211,3419,2978,441,4885,4871,14,8304,2023-1
4,منطقة مكة المكرمة,الأنشطة القانونية وأنشطة المحاسبة,1223,5172,3088,2084,3125,2953,172,8297,2023-10
3,منطقة الجوف,تشييد المباني,1901,938,599,339,7354,7265,89,8292,2023-7
4,منطقة الجوف,تشييد المباني,1950,903,566,337,7384,7294,90,8287,2023-10
3,منطقة القصيم,الصحة البشرية,229,2571,1025,1546,5715,2991,2724,8286,2023-7
3,منطقة المدينة المنورة,أنشطة الخدمات الشخصية الأخرى,3197,734,248,486,7547,6502,1045,8281,2023-7
2,منطقة المدينة المنورة,أنشطة الخدمات الشخصية الأخرى,3166,753,260,493,7522,6504,1018,8275,2023-4
1,منطقة نجران,أنشطة التشييد المتخصصة,1193,781,513,268,7453,7440,13,8234,2023-1
2,منطقة مكة المكرمة,تجميع المياه ومعالجتها وتوصيلها,468,1935,1120,815,6294,6281,13,8229,2023-4
2,منطقة الرياض,صُنع الورق ومنتجات الورق,298,2129,1003,1126,6099,6062,37,8228,2023-4
1,منطقة مكة المكرمة,الصناعة التحويلية الأخرى,306,1976,1189,787,6247,6194,53,8223,2023-1
1,المنطقة الشرقية,الإقامة,630,2975,1638,1337,5231,5123,108,8206,2023-1
1,منطقة المدينة المنورة,أنشطة الخدمات الشخصية الأخرى,3155,716,236,480,7457,6476,981,8173,2023-1
2,المنطقة الشرقية,الإقامة,635,3001,1632,1369,5161,5059,102,8162,2023-4
1,منطقة نجران,أنشطة خدمات الأطعمة والمشروبات,1849,1042,404,638,7118,7079,39,8160,2023-1
2,منطقة القصيم,إصلاح أجهزة الحاسوب والسلع الشخصية والمنزلية,827,139,93,46,7997,7981,16,8136,2023-4
1,المنطقة الشرقية,توصيل الكهرباء والغاز والبخار وتكييف الهواء,123,6626,6462,164,1505,1502,3,8131,2023-1
4,المنطقة الشرقية,صنع منتجات المطاط واللدائن,239,2316,1686,630,5810,5802,8,8126,2023-10
3,المنطقة الشرقية,صنع الأثاث,743,1675,790,885,6430,6400,30,8105,2023-7
4,المنطقة الشرقية,الإقامة,632,2930,1601,1329,5168,5051,117,8098,2023-10
3,المنطقة الشرقية,الإقامة,644,2983,1617,1366,5113,5006,107,8096,2023-7
2,المنطقة الشرقية,توصيل الكهرباء والغاز والبخار وتكييف الهواء,126,6573,6405,168,1484,1480,4,8057,2023-4
3,المنطقة الشرقية,توصيل الكهرباء والغاز والبخار وتكييف الهواء,130,6441,6263,178,1552,1547,5,7993,2023-7
3,منطقة مكة المكرمة,الأنشطة القانونية وأنشطة المحاسبة,1173,4954,2980,1974,3028,2868,160,7982,2023-7
3,منطقة مكة المكرمة,الصناعة التحويلية الأخرى,315,1992,1151,841,5989,5926,63,7981,2023-7
1,منطقة جازان,تجارة الجملة ، باستثناء المركبات ذات المحركات والدراجات النارية,2061,1354,795,559,6625,6598,27,7979,2023-1
2,المنطقة الشرقية,صنع الأثاث,747,1663,821,842,6315,6293,22,7978,2023-4
1,منطقة الرياض,الأنشطة الأخرى للتعدين واستغلال المحاجر,480,1875,1099,776,6093,6082,11,7968,2023-1
2,منطقة مكة المكرمة,الصناعة التحويلية الأخرى,310,1985,1159,826,5974,5915,59,7959,2023-4
3,المنطقة الشرقية,صنع فحم الكوك والمنتجات النفطية المكررة,52,5071,4899,172,2831,2827,4,7902,2023-7
4,المنطقة الشرقية,صنع فحم الكوك والمنتجات النفطية المكررة,52,5091,4928,163,2790,2785,5,7881,2023-10
1,منطقة الرياض,صُنع الورق ومنتجات الورق,278,1935,948,987,5929,5898,31,7864,2023-1
4,منطقة عسير,أنشطة الخدمات الشخصية الأخرى,3269,548,220,328,7315,6713,602,7863,2023-10
4,منطقة القصيم,الصحة البشرية,230,2600,1013,1587,5243,2542,2701,7843,2023-10
2,منطقة جازان,تجارة الجملة ، باستثناء المركبات ذات المحركات والدراجات النارية,2053,1330,762,568,6506,6478,28,7836,2023-4
4,منطقة مكة المكرمة,الصناعة التحويلية الأخرى,306,1884,1067,817,5941,5871,70,7825,2023-10
2,منطقة مكة المكرمة,وكالات السفر ومشغّلو الجولات السياحية وخدمات الحجز والأنشطة المتصلة بها,1006,4191,2409,1782,3633,3546,87,7824,2023-4
1,المنطقة الشرقية,صنع الأثاث,739,1466,716,750,6358,6337,21,7824,2023-1
4,منطقة مكة المكرمة,صُنع الورق ومنتجات الورق,193,2402,1419,983,5419,5376,43,7821,2023-10
2,منطقة نجران,أنشطة خدمات الأطعمة والمشروبات,1828,964,358,606,6808,6772,36,7772,2023-4
4,منطقة مكة المكرمة,صُنع المشروبات,184,2350,1400,950,5416,5398,18,7766,2023-10
4,منطقة المدينة المنورة,النقل البري و النقل عبر الأنابيب,1316,1211,667,544,6515,6501,14,7726,2023-10
4,منطقة جازان,أنشطة التشييد المتخصصة,2553,457,248,209,7254,7221,33,7711,2023-10
2,منطقة مكة المكرمة,الأنشطة القانونية وأنشطة المحاسبة,1141,4697,2837,1860,2984,2830,154,7681,2023-4
3,منطقة جازان,تجارة الجملة ، باستثناء المركبات ذات المحركات والدراجات النارية,2026,1316,736,580,6362,6333,29,7678,2023-7
2,منطقة جازان,أنشطة التشييد المتخصصة,2477,431,228,203,7244,7216,28,7675,2023-4
3,منطقة عسير,أنشطة الخدمات الشخصية الأخرى,3181,587,228,359,7060,6509,551,7647,2023-7
1,منطقة جازان,أنشطة التشييد المتخصصة,2485,465,253,212,7181,7155,26,7646,2023-1
3,المنطقة الشرقية,صنع منتجات المطاط واللدائن,210,2128,1577,551,5481,5473,8,7609,2023-7
3,منطقة عسير,الهندسة المدنية,236,1373,984,389,6216,6211,5,7589,2023-7
1,منطقة عسير,أنشطة الخدمات الشخصية الأخرى,3141,546,230,316,7043,6538,505,7589,2023-1
2,منطقة عسير,أنشطة الخدمات الشخصية الأخرى,3132,562,228,334,7018,6508,510,7580,2023-4
1,المنطقة الشرقية,صنع فحم الكوك والمنتجات النفطية المكررة,52,4841,4708,133,2736,2734,2,7577,2023-1
3,منطقة جازان,أنشطة التشييد المتخصصة,2480,433,240,193,7144,7115,29,7577,2023-7
4,المنطقة الشرقية,الصرف الصحي,101,1346,787,559,6228,5976,252,7574,2023-10
2,المنطقة الشرقية,صنع فحم الكوك والمنتجات النفطية المكررة,52,4867,4713,154,2701,2699,2,7568,2023-4
4,منطقة جازان,تجارة الجملة ، باستثناء المركبات ذات المحركات والدراجات النارية,2019,1267,676,591,6292,6258,34,7559,2023-10
3,منطقة نجران,أنشطة خدمات الأطعمة والمشروبات,1817,985,382,603,6568,6533,35,7553,2023-7
4,منطقة مكة المكرمة,النقل الجوي,112,6736,6014,722,798,629,169,7534,2023-10
1,منطقة مكة المكرمة,الأنشطة القانونية وأنشطة المحاسبة,1093,4561,2796,1765,2954,2809,145,7515,2023-1
4,منطقة عسير,أنشطة تقديم الخدمات للمباني وتجميل المواقع,516,1334,960,374,6157,6033,124,7491,2023-10
4,منطقة نجران,أنشطة خدمات الأطعمة والمشروبات,1847,876,344,532,6611,6568,43,7487,2023-10
2,المنطقة الشرقية,أنشطة الأمن والتحقيقات,105,7347,6658,689,104,99,5,7451,2023-4
1,المنطقة الشرقية,صيد الأسماك وتربية المائيات,2193,305,129,176,7116,7101,15,7421,2023-1
2,المنطقة الشرقية,صيد الأسماك وتربية المائيات,2231,275,116,159,7122,7106,16,7397,2023-4
1,منطقة مكة المكرمة,صُنع المشروبات,171,2122,1376,746,5267,5253,14,7389,2023-1
3,منطقة القصيم,إصلاح أجهزة الحاسوب والسلع الشخصية والمنزلية,814,147,107,40,7237,7220,17,7384,2023-7
3,منطقة مكة المكرمة,النقل الجوي,116,6589,5893,696,792,645,147,7381,2023-7
3,منطقة المدينة المنورة,النقل البري و النقل عبر الأنابيب,1268,1171,660,511,6210,6205,5,7381,2023-7
3,المنطقة الشرقية,أنشطة الأمن والتحقيقات,104,7264,6610,654,103,99,4,7367,2023-7
3,منطقة مكة المكرمة,صُنع المشروبات,181,2231,1379,852,5131,5116,15,7362,2023-7
1,المنطقة الشرقية,الأنشطة العقارية,969,3027,1830,1197,4297,4245,52,7324,2023-1
3,منطقة مكة المكرمة,صُنع الورق ومنتجات الورق,190,2231,1322,909,5079,5041,38,7310,2023-7
2,منطقة مكة المكرمة,صُنع المشروبات,172,2102,1351,751,5192,5178,14,7294,2023-4
2,منطقة عسير,الهندسة المدنية,245,1314,954,360,5980,5975,5,7294,2023-4
2,منطقة مكة المكرمة,النقل الجوي,117,6494,5794,700,798,652,146,7292,2023-4
1,المنطقة الشرقية,أنشطة الأمن والتحقيقات,100,7094,6502,592,192,188,4,7286,2023-1
2,منطقة المدينة المنورة,النقل البري و النقل عبر الأنابيب,1229,1163,650,513,6070,6068,2,7233,2023-4
1,منطقة مكة المكرمة,صنع الأثاث,887,1278,550,728,5953,5922,31,7231,2023-1
1,منطقة المدينة المنورة,النقل البري و النقل عبر الأنابيب,1227,1158,672,486,6057,6055,2,7215,2023-1
2,منطقة مكة المكرمة,صُنع الورق ومنتجات الورق,178,2097,1238,859,5044,5009,35,7141,2023-4
2,المنطقة الشرقية,الأنشطة الإدارية للمكاتب ، وأنشطة الدعم للمكاتب وغير ذلك من أنشطة الدعم للأعمال,953,2923,1928,995,4209,4129,80,7132,2023-4
1,منطقة مكة المكرمة,النقل الجوي,116,6305,5617,688,787,651,136,7092,2023-1
1,منطقة مكة المكرمة,أنشطة الخدمات المالية ، فيما عدا تمويل التأمين وصناديق المعاشات,471,4718,3537,1181,2373,2296,77,7091,2023-1
3,منطقة مكة المكرمة,صنع الأثاث,919,1265,524,741,5817,5788,29,7082,2023-7
4,منطقة مكة المكرمة,أنشطة العمل الاجتماعي، دون إقامة,735,4812,1672,3140,2257,1837,420,7069,2023-10
4,منطقة مكة المكرمة,صنع الأثاث,953,1256,515,741,5813,5779,34,7069,2023-10
4,منطقة الرياض,صناعة الآلات والمعدات غير المصنفة في موضع أخر,414,1718,860,858,5332,5311,21,7050,2023-10
3,منطقة مكة المكرمة,أنشطة العمل الاجتماعي، دون إقامة,729,4805,1746,3059,2226,1827,399,7031,2023-7
2,منطقة الرياض,صناعة الآلات والمعدات غير المصنفة في موضع أخر,393,1688,854,834,5328,5308,20,7016,2023-4
4,منطقة مكة المكرمة,أنشطة جمع النفايات ومعالجتها وتصريفها ، واسترجاع المواد,221,1238,551,687,5769,5594,175,7007,2023-10
4,منطقة المدينة المنورة,التعليم,329,4528,1208,3320,2474,1978,496,7002,2023-10
4,المنطقة الشرقية,الأنشطة الإدارية للمكاتب ، وأنشطة الدعم للمكاتب وغير ذلك من أنشطة الدعم للأعمال,947,3065,2099,966,3927,3860,67,6992,2023-10
1,منطقة مكة المكرمة,صُنع الورق ومنتجات الورق,176,1948,1172,776,5005,4972,33,6953,2023-1
4,منطقة القصيم,أنشطة الخدمات الشخصية الأخرى,2517,594,198,396,6349,5470,879,6943,2023-10
4,منطقة المدينة المنورة,صُنع المنتجات الغذائية,754,1490,897,593,5449,5418,31,6939,2023-10
1,منطقة مكة المكرمة,أنشطة العمل الاجتماعي، دون إقامة,711,4672,1768,2904,2263,1875,388,6935,2023-1
2,منطقة مكة المكرمة,صنع الأثاث,895,1229,504,725,5685,5657,28,6914,2023-4
3,المنطقة الشرقية,الأنشطة الإدارية للمكاتب ، وأنشطة الدعم للمكاتب وغير ذلك من أنشطة الدعم للأعمال,931,2861,1869,992,4038,3957,81,6899,2023-7
2,المنطقة الشرقية,صنع منتجات المطاط واللدائن,176,1874,1435,439,5023,5016,7,6897,2023-4
4,منطقة الرياض,أنشطة النشر,393,3936,2301,1635,2936,2780,156,6872,2023-10
1,منطقة الرياض,صناعة الآلات والمعدات غير المصنفة في موضع أخر,398,1576,810,766,5294,5276,18,6870,2023-1
2,منطقة القصيم,أنشطة الخدمات الشخصية الأخرى,2410,601,203,398,6228,5391,837,6829,2023-4
3,منطقة القصيم,أنشطة الخدمات الشخصية الأخرى,2434,611,198,413,6209,5364,845,6820,2023-7
1,منطقة مكة المكرمة,الأنشطة الرياضية وأنشطة التسلية والترفيه,830,2803,1104,1699,4016,3515,501,6819,2023-1
2,منطقة نجران,صيد الأسماك وتربية المائيات,2274,153,72,81,6665,6655,10,6818,2023-4
1,منطقة القصيم,أنشطة الخدمات الشخصية الأخرى,2406,550,182,368,6260,5427,833,6810,2023-1
1,منطقة المدينة المنورة,التعليم,309,4441,1229,3212,2365,1905,460,6806,2023-1
2,منطقة مكة المكرمة,أنشطة الخدمات المالية ، فيما عدا تمويل التأمين وصناديق المعاشات,437,4595,3431,1164,2209,2135,74,6804,2023-4
3,منطقة المدينة المنورة,التعليم,319,4427,1198,3229,2358,1891,467,6785,2023-7
1,المنطقة الشرقية,الأنشطة الإدارية للمكاتب ، وأنشطة الدعم للمكاتب وغير ذلك من أنشطة الدعم للأعمال,940,2548,1566,982,4196,4120,76,6744,2023-1
3,المنطقة الشرقية,صُنع الخشب ومنتجات الخشب والفلين ، باستثناء الأثاث ، صُنع أصناف من القش ومواد الضفر,655,1505,826,679,5238,5211,27,6743,2023-7
4,المنطقة الشرقية,الأنشطة الأخرى للتعدين واستغلال المحاجر,192,2140,1634,506,4566,4557,9,6706,2023-10
4,منطقة عسير,صُنع المنتجات الغذائية,739,1190,608,582,5503,5499,4,6693,2023-10
4,منطقة الرياض,أنشطة المنظمات ذات العضوية,2166,998,581,417,5694,5613,81,6692,2023-10
4,منطقة تبوك,تجارة الجملة والتجزئة ، وإصلاح المركبات ذات المحركات والدراجات النارية,2021,716,469,247,5970,5962,8,6686,2023-10
1,منطقة نجران,صيد الأسماك وتربية المائيات,2217,152,71,81,6505,6491,14,6657,2023-1
3,منطقة الرياض,صناعة الآلات والمعدات غير المصنفة في موضع أخر,405,1663,843,820,4989,4970,19,6652,2023-7
3,منطقة مكة المكرمة,أنشطة الخدمات المالية ، فيما عدا تمويل التأمين وصناديق المعاشات,422,4502,3347,1155,2149,2076,73,6651,2023-7
1,منطقة الحدود الشمالية,تجارة التجزئة، باستثناء المركبات ذات المحركات والدراجات النارية,2124,988,517,471,5658,5621,37,6646,2023-1
1,منطقة حائل,أنشطة زراعة المحاصيل والإنتاج الحيواني والصيد والخدمات المتصلة,1548,826,749,77,5808,5798,10,6634,2023-1
2,منطقة الحدود الشمالية,تجارة التجزئة، باستثناء المركبات ذات المحركات والدراجات النارية,2119,992,503,489,5638,5598,40,6630,2023-4
4,المنطقة الشرقية,صُنع الورق ومنتجات الورق,134,1818,1185,633,4811,4790,21,6629,2023-10
4,منطقة القصيم,إصلاح أجهزة الحاسوب والسلع الشخصية والمنزلية,796,114,80,34,6506,6492,14,6620,2023-10
2,منطقة تبوك,تجارة الجملة والتجزئة ، وإصلاح المركبات ذات المحركات والدراجات النارية,1954,743,492,251,5875,5867,8,6618,2023-4
4,منطقة مكة المكرمة,أنشطة الخدمات المالية ، فيما عدا تمويل التأمين وصناديق المعاشات,400,4546,3356,1190,2059,1986,73,6605,2023-10
3,منطقة تبوك,تجارة الجملة والتجزئة ، وإصلاح المركبات ذات المحركات والدراجات النارية,1976,737,495,242,5865,5859,6,6602,2023-7
3,منطقة الحدود الشمالية,تجارة التجزئة، باستثناء المركبات ذات المحركات والدراجات النارية,2112,934,455,479,5653,5601,52,6587,2023-7
3,منطقة القصيم,صنع منتجات المعادن المشكلة ( باستثناء الآلات والمعدات ),1415,954,605,349,5630,5623,7,6584,2023-7
3,منطقة المدينة المنورة,صُنع المنتجات الغذائية,721,1380,832,548,5156,5125,31,6536,2023-7
3,المنطقة الشرقية,صُنع الورق ومنتجات الورق,130,1793,1202,591,4732,4713,19,6525,2023-7
4,منطقة الحدود الشمالية,تجارة التجزئة، باستثناء المركبات ذات المحركات والدراجات النارية,2180,908,452,456,5610,5575,35,6518,2023-10
1,منطقة تبوك,تجارة الجملة والتجزئة ، وإصلاح المركبات ذات المحركات والدراجات النارية,1928,677,492,185,5829,5821,8,6506,2023-1
3,منطقة عسير,صُنع المنتجات الغذائية,683,1181,587,594,5314,5309,5,6495,2023-7
2,منطقة القصيم,صنع منتجات المعادن المشكلة ( باستثناء الآلات والمعدات ),1416,877,538,339,5608,5598,10,6485,2023-4
4,منطقة عسير,الهندسة المدنية,241,1121,755,366,5348,5344,4,6469,2023-10
2,المنطقة الشرقية,صُنع الورق ومنتجات الورق,125,1794,1201,593,4675,4660,15,6469,2023-4
1,منطقة القصيم,صنع منتجات المعادن المشكلة ( باستثناء الآلات والمعدات ),1419,802,491,311,5635,5627,8,6437,2023-1
1,المنطقة الشرقية,صنع منتجات المطاط واللدائن,158,1786,1379,407,4649,4642,7,6435,2023-1
2,منطقة مكة المكرمة,الأنشطة الرياضية وأنشطة التسلية والترفيه,836,2606,1004,1602,3817,3359,458,6423,2023-4
2,المنطقة الشرقية,الأنشطة العقارية,961,2768,1749,1019,3650,3599,51,6418,2023-4
2,منطقة الباحة,تجارة التجزئة، باستثناء المركبات ذات المحركات والدراجات النارية,1839,1510,936,574,4908,4885,23,6418,2023-4
1,منطقة الرياض,أنشطة المنظمات ذات العضوية,2252,841,420,421,5576,5446,130,6417,2023-1
4,منطقة مكة المكرمة,وكالات السفر ومشغّلو الجولات السياحية وخدمات الحجز والأنشطة المتصلة بها,1030,2601,1487,1114,3800,3679,121,6401,2023-10
1,المنطقة الشرقية,صُنع الورق ومنتجات الورق,127,1789,1206,583,4592,4578,14,6381,2023-1
3,منطقة الرياض,أنشطة المنظمات ذات العضوية,2197,950,474,476,5419,5296,123,6369,2023-7
2,منطقة الرياض,أنشطة المنظمات ذات العضوية,2212,871,455,416,5477,5353,124,6348,2023-4
2,منطقة عسير,صُنع المنتجات الغذائية,658,1201,586,615,5142,5137,5,6343,2023-4
3,منطقة الرياض,أنشطة النشر,345,3634,1411,2223,2705,2499,206,6339,2023-7
1,المنطقة الشرقية,أبحاث الإعلان والسوق,913,2374,1188,1186,3946,3890,56,6320,2023-1
3,المنطقة الشرقية,الأنشطة العقارية,941,2721,1732,989,3595,3537,58,6316,2023-7
3,منطقة مكة المكرمة,وكالات السفر ومشغّلو الجولات السياحية وخدمات الحجز والأنشطة المتصلة بها,1020,2695,1546,1149,3620,3533,87,6315,2023-7
1,منطقة الباحة,تجارة التجزئة، باستثناء المركبات ذات المحركات والدراجات النارية,1844,1418,909,509,4890,4875,15,6308,2023-1
2,منطقة حائل,أنشطة زراعة المحاصيل والإنتاج الحيواني والصيد والخدمات المتصلة,1508,785,708,77,5521,5511,10,6306,2023-4
1,منطقة الباحة,تشييد المباني,1503,641,411,230,5659,5643,16,6300,2023-1
3,منطقة الباحة,تجارة التجزئة، باستثناء المركبات ذات المحركات والدراجات النارية,1821,1470,911,559,4829,4805,24,6299,2023-7
2,منطقة مكة المكرمة,أنشطة العمل الاجتماعي، دون إقامة,691,4110,1717,2393,2184,1800,384,6294,2023-4
4,المنطقة الشرقية,الأنشطة العقارية,942,2621,1678,943,3638,3577,61,6259,2023-10
1,المنطقة الشرقية,الصناعة التحويلية الأخرى,217,1922,1536,386,4336,4319,17,6258,2023-1
3,منطقة حائل,أنشطة زراعة المحاصيل والإنتاج الحيواني والصيد والخدمات المتصلة,1481,807,715,92,5429,5419,10,6236,2023-7
2,المنطقة الشرقية,الصناعة التحويلية الأخرى,222,1965,1541,424,4271,4253,18,6236,2023-4
3,منطقة مكة المكرمة,الأنشطة الرياضية وأنشطة التسلية والترفيه,860,2470,997,1473,3761,3276,485,6231,2023-7
4,منطقة الباحة,تجارة التجزئة، باستثناء المركبات ذات المحركات والدراجات النارية,1846,1360,859,501,4838,4816,22,6198,2023-10
2,منطقة الباحة,تشييد المباني,1503,673,437,236,5518,5503,15,6191,2023-4
4,منطقة حائل,أنشطة زراعة المحاصيل والإنتاج الحيواني والصيد والخدمات المتصلة,1418,831,739,92,5329,5318,11,6160,2023-10
3,المنطقة الشرقية,أبحاث الإعلان والسوق,936,2391,1183,1208,3729,3664,65,6120,2023-7
4,منطقة القصيم,صنع منتجات المعادن المشكلة ( باستثناء الآلات والمعدات ),1401,829,505,324,5289,5281,8,6118,2023-10
1,منطقة عسير,صُنع المنتجات الغذائية,642,1105,570,535,5007,5005,2,6112,2023-1
2,منطقة المدينة المنورة,صُنع المنتجات الغذائية,686,1282,794,488,4820,4791,29,6102,2023-4
2,المنطقة الشرقية,صُنع الخشب ومنتجات الخشب والفلين ، باستثناء الأثاث ، صُنع أصناف من القش ومواد الضفر,627,1318,715,603,4771,4744,27,6089,2023-4
4,منطقة الرياض,الطباعة واستنساخ وسائط الأعلام المسجّلة,451,2847,1345,1502,3230,3190,40,6077,2023-10
3,منطقة الباحة,تشييد المباني,1512,663,423,240,5399,5386,13,6062,2023-7
2,منطقة نجران,الهندسة المدنية,102,1226,862,364,4809,4805,4,6035,2023-4
4,منطقة الباحة,تشييد المباني,1554,595,373,222,5407,5393,14,6002,2023-10
1,منطقة حائل,تجارة الجملة والتجزئة ، وإصلاح المركبات ذات المحركات والدراجات النارية,1609,699,456,243,5299,5294,5,5998,2023-1
2,المنطقة الشرقية,أبحاث الإعلان والسوق,911,2291,1134,1157,3686,3630,56,5977,2023-4
2,منطقة حائل,تجارة الجملة والتجزئة ، وإصلاح المركبات ذات المحركات والدراجات النارية,1601,687,436,251,5268,5262,6,5955,2023-4
3,المنطقة الشرقية,الأنشطة الأخرى للتعدين واستغلال المحاجر,184,1744,1411,333,4193,4185,8,5937,2023-7
1,منطقة حائل,أنشطة التشييد المتخصصة,1250,591,361,230,5345,5319,26,5936,2023-1
4,منطقة حائل,تجارة الجملة والتجزئة ، وإصلاح المركبات ذات المحركات والدراجات النارية,1656,691,399,292,5242,5235,7,5933,2023-10
3,منطقة تبوك,أنشطة التشييد المتخصصة,1513,447,244,203,5464,5453,11,5911,2023-7
1,منطقة الجوف,أنشطة خدمات الأطعمة والمشروبات,1400,837,519,318,5053,5033,20,5890,2023-1
2,منطقة الجوف,أنشطة خدمات الأطعمة والمشروبات,1411,836,516,320,5038,5014,24,5874,2023-4
3,منطقة الجوف,أنشطة خدمات الأطعمة والمشروبات,1416,857,502,355,4995,4974,21,5852,2023-7
3,منطقة حائل,تجارة الجملة والتجزئة ، وإصلاح المركبات ذات المحركات والدراجات النارية,1617,674,410,264,5174,5168,6,5848,2023-7
4,منطقة الجوف,أنشطة خدمات الأطعمة والمشروبات,1471,799,440,359,5047,5024,23,5846,2023-10
1,منطقة المدينة المنورة,صُنع المنتجات الغذائية,671,1254,783,471,4581,4554,27,5835,2023-1
1,المنطقة الشرقية,أنشطة العمل الاجتماعي، دون إقامة,415,4384,956,3428,1431,1072,359,5815,2023-1
2,منطقة المدينة المنورة,التعليم,314,3460,1068,2392,2346,1872,474,5806,2023-4
2,منطقة حائل,أنشطة التشييد المتخصصة,1237,599,381,218,5204,5179,25,5803,2023-4
4,منطقة مكة المكرمة,الأنشطة الرياضية وأنشطة التسلية والترفيه,866,2276,899,1377,3526,3027,499,5802,2023-10
4,منطقة حائل,أنشطة التشييد المتخصصة,1271,657,445,212,5123,5094,29,5780,2023-10
3,المنطقة الشرقية,الصناعة التحويلية الأخرى,216,1807,1391,416,3960,3944,16,5767,2023-7
3,منطقة حائل,أنشطة التشييد المتخصصة,1232,642,429,213,5105,5078,27,5747,2023-7
4,منطقة الرياض,تمويل التأمين وإعادة التأمين وصناديق المعاشات التقاعدية باستثناء الضمان الاجتماعي الإلزامي,49,4508,2858,1650,1228,1165,63,5736,2023-10
3,المنطقة الشرقية,أنشطة العمل الاجتماعي، دون إقامة,439,4367,913,3454,1352,992,360,5719,2023-7
3,منطقة الرياض,وكالات السفر ومشغّلو الجولات السياحية وخدمات الحجز والأنشطة المتصلة بها,639,2264,1048,1216,3432,3336,96,5696,2023-7
1,منطقة مكة المكرمة,صُنع الخشب ومنتجات الخشب والفلين ، باستثناء الأثاث ، صُنع أصناف من القش ومواد الضفر,847,1053,543,510,4634,4610,24,5687,2023-1
1,منطقة تبوك,أنشطة التشييد المتخصصة,1510,468,267,201,5214,5204,10,5682,2023-1
2,منطقة الرياض,وكالات السفر ومشغّلو الجولات السياحية وخدمات الحجز والأنشطة المتصلة بها,622,2249,1075,1174,3432,3346,86,5681,2023-4
1,المنطقة الشرقية,صُنع الخشب ومنتجات الخشب والفلين ، باستثناء الأثاث ، صُنع أصناف من القش ومواد الضفر,617,1112,619,493,4560,4543,17,5672,2023-1
4,منطقة الرياض,صنع المنتجات الصيدلانية الأساسية والمستحضرات الصيدلانية,647,1283,587,696,4364,4269,95,5647,2023-10
1,منطقة نجران,الهندسة المدنية,97,1081,722,359,4552,4549,3,5633,2023-1
3,منطقة الرياض,تمويل التأمين وإعادة التأمين وصناديق المعاشات التقاعدية باستثناء الضمان الاجتماعي الإلزامي,47,4418,2845,1573,1214,1152,62,5632,2023-7
4,المنطقة الشرقية,أنشطة العمل الاجتماعي، دون إقامة,464,4312,894,3418,1317,965,352,5629,2023-10
4,منطقة مكة المكرمة,أنشطة البريد ونقل الرسائل والطرود بواسطة مندوبين,170,2092,1627,465,3528,3513,15,5620,2023-10
1,المنطقة الشرقية,إصلاح أجهزة الحاسوب والسلع الشخصية والمنزلية,1011,799,516,283,4817,4793,24,5616,2023-1
2,منطقة تبوك,أنشطة التشييد المتخصصة,1491,433,236,197,5179,5170,9,5612,2023-4
4,المنطقة الشرقية,أبحاث الإعلان والسوق,959,2138,1033,1105,3472,3405,67,5610,2023-10
1,منطقة مكة المكرمة,وكالات السفر ومشغّلو الجولات السياحية وخدمات الحجز والأنشطة المتصلة بها,934,2166,1354,812,3442,3374,68,5608,2023-1
3,منطقة نجران,الهندسة المدنية,92,1147,820,327,4445,4442,3,5592,2023-7
1,منطقة الرياض,وكالات السفر ومشغّلو الجولات السياحية وخدمات الحجز والأنشطة المتصلة بها,590,2117,1014,1103,3425,3347,78,5542,2023-1
1,المنطقة الشرقية,الأنشطة الأخرى للتعدين واستغلال المحاجر,166,1635,1321,314,3883,3878,5,5518,2023-1
2,منطقة الرياض,أنشطة النشر,314,3016,1240,1776,2500,2326,174,5516,2023-4
3,منطقة المدينة المنورة,صُنع المواد الكيميائية والمنتجات الكيميائية,89,3530,3366,164,1966,1959,7,5496,2023-7
2,منطقة المدينة المنورة,صُنع المواد الكيميائية والمنتجات الكيميائية,91,3526,3373,153,1951,1945,6,5477,2023-4
4,منطقة الرياض,وكالات السفر ومشغّلو الجولات السياحية وخدمات الحجز والأنشطة المتصلة بها,679,2124,984,1140,3324,3231,93,5448,2023-10
2,منطقة مكة المكرمة,أنشطة البرمجة الحاسوبية والخبرة الاستشارية وما يتصل بها من أنشطة,769,2758,1890,868,2680,2555,125,5438,2023-4
4,منطقة المدينة المنورة,صُنع المواد الكيميائية والمنتجات الكيميائية,92,3549,3331,218,1887,1874,13,5436,2023-10
1,منطقة المدينة المنورة,صُنع المواد الكيميائية والمنتجات الكيميائية,89,3472,3333,139,1957,1952,5,5429,2023-1
3,منطقة مكة المكرمة,أنشطة الأمن والتحقيقات,116,5310,4849,461,105,98,7,5415,2023-7
4,منطقة مكة المكرمة,أنشطة الأمن والتحقيقات,119,5266,4808,458,136,130,6,5402,2023-10
2,منطقة الرياض,تمويل التأمين وإعادة التأمين وصناديق المعاشات التقاعدية باستثناء الضمان الاجتماعي الإلزامي,48,4205,2718,1487,1189,1141,48,5394,2023-4
4,منطقة الرياض,صناعة المركبات ذات المحركات والمركبات المقطورة ونصف المقطورة,146,1714,906,808,3678,3666,12,5392,2023-10
3,منطقة مكة المكرمة,أنشطة البريد ونقل الرسائل والطرود بواسطة مندوبين,153,2142,1665,477,3247,3237,10,5389,2023-7
1,منطقة مكة المكرمة,صنع فحم الكوك والمنتجات النفطية المكررة,46,3415,3249,166,1944,1925,19,5359,2023-1
1,منطقة الرياض,تمويل التأمين وإعادة التأمين وصناديق المعاشات التقاعدية باستثناء الضمان الاجتماعي الإلزامي,48,4160,2674,1486,1197,1146,51,5357,2023-1
3,منطقة مكة المكرمة,صنع فحم الكوك والمنتجات النفطية المكررة,52,3306,3117,189,2029,2012,17,5335,2023-7
4,منطقة مكة المكرمة,صنع فحم الكوك والمنتجات النفطية المكررة,54,3299,3098,201,2028,2011,17,5327,2023-10
2,منطقة مكة المكرمة,صنع فحم الكوك والمنتجات النفطية المكررة,46,3390,3212,178,1910,1892,18,5300,2023-4
1,منطقة الحدود الشمالية,أنشطة خدمات الأطعمة والمشروبات,1311,574,300,274,4720,4693,27,5294,2023-1
4,المنطقة الشرقية,الصناعة التحويلية الأخرى,217,1694,1268,426,3564,3543,21,5258,2023-10
4,منطقة الباحة,أنشطة خدمات الأطعمة والمشروبات,1169,896,573,323,4350,4323,27,5246,2023-10
1,منطقة عسير,توصيل الكهرباء والغاز والبخار وتكييف الهواء,32,4722,4702,20,501,501,0,5223,2023-1
4,منطقة جازان,أنشطة الخدمات الشخصية الأخرى,2215,284,108,176,4937,4558,379,5221,2023-10
1,منطقة مكة المكرمة,أنشطة البرمجة الحاسوبية والخبرة الاستشارية وما يتصل بها من أنشطة,765,2442,1565,877,2777,2651,126,5219,2023-1
1,منطقة الرياض,أنشطة النشر,288,2851,1115,1736,2367,2219,148,5218,2023-1
3,منطقة الحدود الشمالية,أنشطة خدمات الأطعمة والمشروبات,1283,574,281,293,4614,4583,31,5188,2023-7
3,منطقة الباحة,أنشطة خدمات الأطعمة والمشروبات,1138,910,603,307,4272,4254,18,5182,2023-7
2,منطقة الحدود الشمالية,أنشطة خدمات الأطعمة والمشروبات,1282,549,270,279,4631,4603,28,5180,2023-4
1,منطقة مكة المكرمة,إصلاح أجهزة الحاسوب والسلع الشخصية والمنزلية,1561,531,310,221,4645,4603,42,5176,2023-1
2,منطقة الباحة,أنشطة خدمات الأطعمة والمشروبات,1122,916,609,307,4248,4226,22,5164,2023-4
4,منطقة الحدود الشمالية,أنشطة خدمات الأطعمة والمشروبات,1317,554,268,286,4604,4573,31,5158,2023-10
3,منطقة الرياض,صنع المنتجات الصيدلانية الأساسية والمستحضرات الصيدلانية,516,1244,575,669,3893,3821,72,5137,2023-7
2,منطقة مكة المكرمة,أنشطة البريد ونقل الرسائل والطرود بواسطة مندوبين,144,1997,1570,427,3126,3117,9,5123,2023-4
1,منطقة جازان,صنع منتجات المعادن اللافلزية الأخرى,247,1342,970,372,3779,3776,3,5121,2023-1
2,منطقة عسير,توصيل الكهرباء والغاز والبخار وتكييف الهواء,34,4609,4594,15,485,485,0,5094,2023-4
2,منطقة مكة المكرمة,إصلاح أجهزة الحاسوب والسلع الشخصية والمنزلية,1546,537,300,237,4556,4509,47,5093,2023-4
2,منطقة جازان,أنشطة الخدمات الشخصية الأخرى,2142,291,105,186,4788,4439,349,5079,2023-4
4,منطقة تبوك,أنشطة التشييد المتخصصة,1561,373,164,209,4701,4682,19,5074,2023-10
1,منطقة الباحة,أنشطة خدمات الأطعمة والمشروبات,1123,853,571,282,4220,4197,23,5073,2023-1
2,المنطقة الشرقية,أنشطة العمل الاجتماعي، دون إقامة,403,3718,845,2873,1348,1000,348,5066,2023-4
1,منطقة جازان,أنشطة الخدمات الشخصية الأخرى,2140,271,103,168,4793,4450,343,5064,2023-1
4,منطقة جازان,الصحة البشرية,198,1952,525,1427,3109,1448,1661,5061,2023-10
3,منطقة جازان,أنشطة الخدمات الشخصية الأخرى,2147,286,101,185,4770,4417,353,5056,2023-7
2,منطقة جازان,صنع منتجات المعادن اللافلزية الأخرى,248,1332,951,381,3688,3686,2,5020,2023-4
3,منطقة عسير,توصيل الكهرباء والغاز والبخار وتكييف الهواء,38,4501,4486,15,517,517,0,5018,2023-7
3,منطقة الرياض,الأنشطة المهنية والعلمية والتقنية الأخرى,819,2098,1018,1080,2917,2610,307,5015,2023-7
1,منطقة مكة المكرمة,أنشطة البريد ونقل الرسائل والطرود بواسطة مندوبين,138,1883,1502,381,3126,3117,9,5009,2023-1
4,منطقة نجران,النقل البري و النقل عبر الأنابيب,1255,426,237,189,4573,4565,8,4999,2023-10
3,منطقة مكة المكرمة,إصلاح أجهزة الحاسوب والسلع الشخصية والمنزلية,1540,534,286,248,4458,4405,53,4992,2023-7
1,منطقة جازان,الصحة البشرية,201,1888,528,1360,3101,1472,1629,4989,2023-1
1,منطقة تبوك,تجارة الجملة ، باستثناء المركبات ذات المحركات والدراجات النارية,1104,1126,613,513,3848,3834,14,4974,2023-1
3,منطقة جازان,الصحة البشرية,198,1905,514,1391,3038,1443,1595,4943,2023-7
4,منطقة تبوك,تجارة الجملة ، باستثناء المركبات ذات المحركات والدراجات النارية,1134,1123,564,559,3815,3792,23,4938,2023-10
4,منطقة مكة المكرمة,إصلاح أجهزة الحاسوب والسلع الشخصية والمنزلية,1569,473,254,219,4460,4397,63,4933,2023-10
1,منطقة الرياض,الأنشطة المهنية والعلمية والتقنية الأخرى,740,2076,1007,1069,2816,2487,329,4892,2023-1
3,منطقة تبوك,تجارة الجملة ، باستثناء المركبات ذات المحركات والدراجات النارية,1091,1103,558,545,3782,3763,19,4885,2023-7
2,منطقة جازان,الصحة البشرية,198,1862,510,1352,3021,1445,1576,4883,2023-4
4,منطقة عسير,توصيل الكهرباء والغاز والبخار وتكييف الهواء,37,4389,4369,20,491,491,0,4880,2023-10
4,المنطقة الشرقية,أنشطة الخدمات المالية ، فيما عدا تمويل التأمين وصناديق المعاشات,250,2888,1729,1159,1979,1918,61,4867,2023-10
2,منطقة تبوك,تجارة الجملة ، باستثناء المركبات ذات المحركات والدراجات النارية,1086,1097,572,525,3762,3747,15,4859,2023-4
3,المنطقة الشرقية,الصرف الصحي,81,611,316,295,4248,4232,16,4859,2023-7
4,منطقة مكة المكرمة,صناعة الآلات والمعدات غير المصنفة في موضع أخر,146,1457,1132,325,3357,3337,20,4814,2023-10
3,منطقة جازان,صنع منتجات المعادن اللافلزية الأخرى,241,1335,941,394,3466,3465,1,4801,2023-7
3,المنطقة الشرقية,أنشطة الخدمات المالية ، فيما عدا تمويل التأمين وصناديق المعاشات,261,2836,1685,1151,1933,1868,65,4769,2023-7
2,المنطقة الشرقية,إصلاح أجهزة الحاسوب والسلع الشخصية والمنزلية,999,546,330,216,4205,4189,16,4751,2023-4
4,منطقة جازان,صنع منتجات المعادن اللافلزية الأخرى,240,1334,929,405,3405,3404,1,4739,2023-10
3,منطقة مكة المكرمة,صناعة الآلات والمعدات غير المصنفة في موضع أخر,155,1420,1103,317,3316,3301,15,4736,2023-7
3,منطقة الرياض,النقل الجوي,249,2304,2001,303,2428,1771,657,4732,2023-7
1,منطقة حائل,أنشطة تقديم الخدمات للمباني وتجميل المواقع,356,1267,803,464,3462,3343,119,4729,2023-1
3,منطقة نجران,النقل البري و النقل عبر الأنابيب,1155,435,246,189,4272,4265,7,4707,2023-7
2,المنطقة الشرقية,أنشطة الخدمات المالية ، فيما عدا تمويل التأمين وصناديق المعاشات,265,2777,1689,1088,1908,1852,56,4685,2023-4
4,منطقة مكة المكرمة,صنع المعدات الكهربائية,194,1525,1077,448,3158,3072,86,4683,2023-10
1,المنطقة الشرقية,أنشطة الخدمات المالية ، فيما عدا تمويل التأمين وصناديق المعاشات,275,2731,1692,1039,1948,1895,53,4679,2023-1
1,منطقة الرياض,النقل الجوي,254,2198,1926,272,2471,1813,658,4669,2023-1
2,منطقة الرياض,الأنشطة المهنية والعلمية والتقنية الأخرى,755,1958,943,1015,2703,2398,305,4661,2023-4
2,منطقة الرياض,النقل الجوي,247,2246,1948,298,2402,1752,650,4648,2023-4
4,منطقة مكة المكرمة,أنشطة البرمجة الحاسوبية والخبرة الاستشارية وما يتصل بها من أنشطة,803,1825,902,923,2804,2647,157,4629,2023-10
3,منطقة الرياض,الطباعة واستنساخ وسائط الأعلام المسجّلة,427,1381,579,802,3211,3186,25,4592,2023-7
1,منطقة الرياض,الطباعة واستنساخ وسائط الأعلام المسجّلة,440,1432,626,806,3150,3126,24,4582,2023-1
1,منطقة مكة المكرمة,أنشطة الأمن والتحقيقات,120,4378,3895,483,199,192,7,4577,2023-1
2,منطقة الرياض,صنع المنتجات الصيدلانية الأساسية والمستحضرات الصيدلانية,370,1173,551,622,3400,3344,56,4573,2023-4
2,منطقة مكة المكرمة,أنشطة الأمن والتحقيقات,116,4449,3969,480,111,104,7,4560,2023-4
3,منطقة مكة المكرمة,أنشطة البرمجة الحاسوبية والخبرة الاستشارية وما يتصل بها من أنشطة,774,1802,887,915,2748,2605,143,4550,2023-7
3,منطقة مكة المكرمة,صنع المعدات الكهربائية,190,1509,1097,412,3028,2960,68,4537,2023-7
2,منطقة الرياض,الطباعة واستنساخ وسائط الأعلام المسجّلة,429,1347,577,770,3177,3155,22,4524,2023-4
2,منطقة نجران,النقل البري و النقل عبر الأنابيب,1113,415,229,186,4107,4101,6,4522,2023-4
2,منطقة مكة المكرمة,صناعة الآلات والمعدات غير المصنفة في موضع أخر,147,1395,1107,288,3125,3108,17,4520,2023-4
2,منطقة عسير,صنع منتجات المعادن المشكلة ( باستثناء الآلات والمعدات ),1204,501,268,233,4000,4000,0,4501,2023-4
1,منطقة عسير,صنع منتجات المعادن المشكلة ( باستثناء الآلات والمعدات ),1209,499,269,230,3999,3999,0,4498,2023-1
1,منطقة نجران,النقل البري و النقل عبر الأنابيب,1103,388,198,190,4102,4095,7,4490,2023-1
2,منطقة مكة المكرمة,صنع المعدات الكهربائية,194,1458,1052,406,3020,2955,65,4478,2023-4
4,منطقة عسير,صنع منتجات المعادن المشكلة ( باستثناء الآلات والمعدات ),1236,486,245,241,3948,3946,2,4434,2023-10
3,منطقة عسير,صنع منتجات المعادن المشكلة ( باستثناء الآلات والمعدات ),1208,515,263,252,3912,3912,0,4427,2023-7
1,منطقة مكة المكرمة,صناعة الآلات والمعدات غير المصنفة في موضع أخر,140,1356,1093,263,3070,3056,14,4426,2023-1
4,منطقة مكة المكرمة,الصرف الصحي,133,811,613,198,3603,3598,5,4414,2023-10
1,منطقة الرياض,صنع المنتجات الصيدلانية الأساسية والمستحضرات الصيدلانية,305,1139,521,618,3267,3215,52,4406,2023-1
1,منطقة القصيم,الأنشطة الإيجارية,1211,527,380,147,3874,3852,22,4401,2023-1
3,المنطقة الشرقية,إصلاح أجهزة الحاسوب والسلع الشخصية والمنزلية,993,509,305,204,3868,3854,14,4377,2023-7
4,منطقة الرياض,الأنشطة المهنية والعلمية والتقنية الأخرى,826,1765,785,980,2546,2254,292,4311,2023-10
2,منطقة حائل,أنشطة تقديم الخدمات للمباني وتجميل المواقع,346,733,491,242,3572,3451,121,4305,2023-4
1,المنطقة الشرقية,أنشطة البرمجة الحاسوبية والخبرة الاستشارية وما يتصل بها من أنشطة,413,2293,1408,885,1999,1959,40,4292,2023-1
4,منطقة الرياض,تجميع المياه ومعالجتها وتوصيلها,402,1153,689,464,3066,3039,27,4219,2023-10
3,المنطقة الشرقية,صناعة معدات النقل الأخرى,22,3074,2936,138,1141,1139,2,4215,2023-7
2,المنطقة الشرقية,أنشطة البرمجة الحاسوبية والخبرة الاستشارية وما يتصل بها من أنشطة,415,2193,1432,761,1951,1908,43,4144,2023-4
4,المنطقة الشرقية,صناعة معدات النقل الأخرى,21,3035,2919,116,1108,1106,2,4143,2023-10
2,منطقة القصيم,الأنشطة الإيجارية,1171,476,357,119,3649,3627,22,4125,2023-4
2,المنطقة الشرقية,صناعة معدات النقل الأخرى,23,3044,2920,124,1069,1068,1,4113,2023-4
4,منطقة القصيم,التعليم,246,2484,864,1620,1628,1310,318,4112,2023-10
3,منطقة القصيم,التعليم,243,2457,862,1595,1626,1314,312,4083,2023-7
1,منطقة حائل,تجارة الجملة ، باستثناء المركبات ذات المحركات والدراجات النارية,924,851,475,376,3222,3207,15,4073,2023-1
4,منطقة تبوك,أنشطة الخدمات الشخصية الأخرى,1645,248,86,162,3824,3525,299,4072,2023-10
3,منطقة القصيم,الأنشطة الإيجارية,1143,493,359,134,3567,3544,23,4060,2023-7
4,منطقة المدينة المنورة,صنع منتجات المعادن المشكلة ( باستثناء الآلات والمعدات ),794,650,382,268,3409,3403,6,4059,2023-10
2,منطقة المدينة المنورة,صنع منتجات المعادن المشكلة ( باستثناء الآلات والمعدات ),780,686,378,308,3358,3354,4,4044,2023-4
1,المنطقة الشرقية,صناعة معدات النقل الأخرى,23,3004,2906,98,1029,1028,1,4033,2023-1
4,منطقة جازان,النقل البري و النقل عبر الأنابيب,767,1080,743,337,2952,2918,34,4032,2023-10
3,المنطقة الشرقية,أنشطة البرمجة الحاسوبية والخبرة الاستشارية وما يتصل بها من أنشطة,412,2291,1509,782,1729,1683,46,4020,2023-7
4,منطقة الرياض,صنع الحواسيب والمنتجات الإلكترونية والبصرية,142,2222,2018,204,1775,1755,20,3997,2023-10
2,منطقة حائل,تجارة الجملة ، باستثناء المركبات ذات المحركات والدراجات النارية,932,848,454,394,3143,3128,15,3991,2023-4
3,منطقة المدينة المنورة,صنع منتجات المعادن المشكلة ( باستثناء الآلات والمعدات ),783,626,355,271,3356,3351,5,3982,2023-7
4,منطقة القصيم,الأنشطة الإيجارية,1118,480,357,123,3501,3476,25,3981,2023-10
2,منطقة الرياض,تجميع المياه ومعالجتها وتوصيلها,308,1126,718,408,2854,2842,12,3980,2023-4
4,منطقة حائل,تجارة الجملة ، باستثناء المركبات ذات المحركات والدراجات النارية,936,887,458,429,3089,3068,21,3976,2023-10
3,منطقة حائل,تجارة الجملة ، باستثناء المركبات ذات المحركات والدراجات النارية,925,896,478,418,3050,3032,18,3946,2023-7
1,منطقة القصيم,التعليم,219,2373,846,1527,1569,1249,320,3942,2023-1
3,منطقة تبوك,أنشطة الخدمات الشخصية الأخرى,1596,253,91,162,3670,3395,275,3923,2023-7
1,منطقة المدينة المنورة,صنع منتجات المعادن المشكلة ( باستثناء الآلات والمعدات ),773,649,376,273,3265,3260,5,3914,2023-1
1,منطقة نجران,صنع منتجات المعادن اللافلزية الأخرى,138,972,663,309,2937,2931,6,3909,2023-1
4,المنطقة الشرقية,إصلاح أجهزة الحاسوب والسلع الشخصية والمنزلية,983,472,297,175,3409,3397,12,3881,2023-10
2,منطقة تبوك,أنشطة الخدمات الشخصية الأخرى,1572,261,87,174,3605,3340,265,3866,2023-4
1,منطقة تبوك,أنشطة الخدمات الشخصية الأخرى,1572,259,91,168,3605,3356,249,3864,2023-1
4,منطقة حائل,أنشطة تقديم الخدمات للمباني وتجميل المواقع,337,818,429,389,3043,2963,80,3861,2023-10
2,منطقة المدينة المنورة,صيد الأسماك وتربية المائيات,1288,111,67,44,3728,3643,85,3839,2023-4
3,منطقة حائل,أنشطة تقديم الخدمات للمباني وتجميل المواقع,334,765,409,356,3067,2982,85,3832,2023-7
1,منطقة الجوف,تجارة الجملة والتجزئة ، وإصلاح المركبات ذات المحركات والدراجات النارية,1162,365,282,83,3412,3406,6,3777,2023-1
3,منطقة الجوف,تجارة الجملة والتجزئة ، وإصلاح المركبات ذات المحركات والدراجات النارية,1150,443,278,165,3329,3295,34,3772,2023-7
4,منطقة الجوف,تجارة الجملة والتجزئة ، وإصلاح المركبات ذات المحركات والدراجات النارية,1202,410,269,141,3360,3327,33,3770,2023-10
3,منطقة الرياض,صناعة المركبات ذات المحركات والمركبات المقطورة ونصف المقطورة,130,1111,406,705,2654,2642,12,3765,2023-7
4,منطقة مكة المكرمة,صُنع المنسوجات,431,826,500,326,2931,2906,25,3757,2023-10
2,منطقة نجران,صنع منتجات المعادن اللافلزية الأخرى,134,981,648,333,2766,2758,8,3747,2023-4
1,منطقة عسير,الأنشطة الإيجارية,1459,383,260,123,3341,3329,12,3724,2023-1
4,منطقة المدينة المنورة,التخزين وأنشطة الدعم للنقل,336,1679,1322,357,2039,2026,13,3718,2023-10
1,منطقة المدينة المنورة,الأنشطة الإيجارية,1066,548,398,150,3169,3156,13,3717,2023-1
2,منطقة الجوف,تجارة الجملة والتجزئة ، وإصلاح المركبات ذات المحركات والدراجات النارية,1144,382,272,110,3319,3313,6,3701,2023-4
1,منطقة نجران,تجارة الجملة والتجزئة ، وإصلاح المركبات ذات المحركات والدراجات النارية,1014,403,235,168,3287,3279,8,3690,2023-1
1,منطقة حائل,الصحة البشرية,129,1239,381,858,2449,1200,1249,3688,2023-1
3,منطقة نجران,صنع منتجات المعادن اللافلزية الأخرى,135,1002,677,325,2670,2662,8,3672,2023-7
3,منطقة جازان,النقل البري و النقل عبر الأنابيب,686,1058,733,325,2612,2582,30,3670,2023-7
3,منطقة مكة المكرمة,الصرف الصحي,116,682,536,146,2970,2966,4,3652,2023-7
1,منطقة الرياض,تجميع المياه ومعالجتها وتوصيلها,288,1008,670,338,2638,2629,9,3646,2023-1
2,المنطقة الشرقية,الصرف الصحي,66,446,236,210,3194,3181,13,3640,2023-4
3,منطقة نجران,تجارة الجملة والتجزئة ، وإصلاح المركبات ذات المحركات والدراجات النارية,1025,432,253,179,3198,3189,9,3630,2023-7
1,منطقة المدينة المنورة,صيد الأسماك وتربية المائيات,1248,129,81,48,3497,3418,79,3626,2023-1
4,منطقة عسير,التعليم,227,2182,829,1353,1433,1260,173,3615,2023-10
2,منطقة جازان,النقل البري و النقل عبر الأنابيب,648,1065,730,335,2550,2524,26,3615,2023-4
3,منطقة مكة المكرمة,صُنع المنسوجات,403,806,488,318,2801,2778,23,3607,2023-7
2,منطقة نجران,تجارة الجملة والتجزئة ، وإصلاح المركبات ذات المحركات والدراجات النارية,1017,390,230,160,3201,3193,8,3591,2023-4
2,منطقة حائل,الصحة البشرية,126,1254,361,893,2334,1134,1200,3588,2023-4
2,منطقة المدينة المنورة,الأنشطة الإيجارية,1038,540,394,146,3039,3027,12,3579,2023-4
4,منطقة حائل,أنشطة الخدمات الشخصية الأخرى,1330,290,68,222,3274,2836,438,3564,2023-10
2,منطقة جازان,صيد الأسماك وتربية المائيات,1024,174,104,70,3384,3358,26,3558,2023-4
2,منطقة القصيم,التعليم,229,1991,788,1203,1564,1250,314,3555,2023-4
1,منطقة جازان,صيد الأسماك وتربية المائيات,1025,191,116,75,3361,3338,23,3552,2023-1
2,منطقة عسير,الأنشطة الإيجارية,1410,379,265,114,3170,3157,13,3549,2023-4
2,منطقة الرياض,صناعة المركبات ذات المحركات والمركبات المقطورة ونصف المقطورة,121,961,324,637,2581,2568,13,3542,2023-4
2,منطقة حائل,أنشطة الخدمات الشخصية الأخرى,1282,304,71,233,3219,2790,429,3523,2023-4
4,منطقة نجران,تجارة الجملة والتجزئة ، وإصلاح المركبات ذات المحركات والدراجات النارية,1058,364,226,138,3154,3141,13,3518,2023-10
4,منطقة مكة المكرمة,الأنشطة الأخرى للتعدين واستغلال المحاجر,256,1012,753,259,2505,2498,7,3517,2023-10
4,منطقة المدينة المنورة,صُنع الملبوسات,1146,385,136,249,3123,2865,258,3508,2023-10
4,المنطقة الشرقية,صناعة المركبات ذات المحركات والمركبات المقطورة ونصف المقطورة,71,1033,713,320,2473,2470,3,3506,2023-10
3,المنطقة الشرقية,صناعة المركبات ذات المحركات والمركبات المقطورة ونصف المقطورة,71,1013,717,296,2488,2486,2,3501,2023-7
1,منطقة حائل,أنشطة الخدمات الشخصية الأخرى,1286,282,77,205,3205,2780,425,3487,2023-1
3,منطقة حائل,أنشطة الخدمات الشخصية الأخرى,1286,306,74,232,3180,2761,419,3486,2023-7
3,منطقة حائل,الصحة البشرية,130,1280,383,897,2204,1056,1148,3484,2023-7
4,منطقة حائل,النقل البري و النقل عبر الأنابيب,1030,215,95,120,3268,3259,9,3483,2023-10
1,منطقة جازان,النقل البري و النقل عبر الأنابيب,631,1056,741,315,2415,2391,24,3471,2023-1
4,منطقة نجران,صنع منتجات المعادن اللافلزية الأخرى,136,972,670,302,2492,2490,2,3464,2023-10
3,منطقة المدينة المنورة,الأنشطة الإيجارية,1011,533,383,150,2921,2910,11,3454,2023-7
3,منطقة عسير,التعليم,225,2109,829,1280,1331,1177,154,3440,2023-7
1,منطقة نجران,الأنشطة الإيجارية,1274,102,54,48,3334,3318,16,3436,2023-1
1,منطقة مكة المكرمة,صُنع المنسوجات,349,680,455,225,2755,2737,18,3435,2023-1
2,منطقة مكة المكرمة,الصرف الصحي,109,644,519,125,2787,2782,5,3431,2023-4
1,منطقة مكة المكرمة,صنع المعدات الكهربائية,193,763,561,202,2654,2642,12,3417,2023-1
3,منطقة المدينة المنورة,صُنع الملبوسات,1135,357,132,225,3055,2771,284,3412,2023-7
2,منطقة مكة المكرمة,صُنع المنسوجات,370,713,465,248,2694,2672,22,3407,2023-4
1,منطقة عسير,التعليم,209,2087,800,1287,1313,1170,143,3400,2023-1
2,منطقة نجران,الأنشطة الإيجارية,1260,90,46,44,3273,3258,15,3363,2023-4
1,منطقة نجران,تجارة الجملة ، باستثناء المركبات ذات المحركات والدراجات النارية,739,661,372,289,2697,2676,21,3358,2023-1
1,منطقة المدينة المنورة,صُنع الملبوسات,1138,329,136,193,3018,2699,319,3347,2023-1
4,منطقة تبوك,النقل البري و النقل عبر الأنابيب,767,582,298,284,2763,2753,10,3345,2023-10
3,منطقة عسير,الأنشطة الإيجارية,1339,375,260,115,2969,2956,13,3344,2023-7
4,منطقة المدينة المنورة,صنع فحم الكوك والمنتجات النفطية المكررة,15,2319,2209,110,1013,1013,0,3332,2023-10
4,منطقة القصيم,إصلاح وتركيب الآلات والمعدات,391,555,389,166,2772,2524,248,3327,2023-10
3,منطقة نجران,تجارة الجملة ، باستثناء المركبات ذات المحركات والدراجات النارية,746,677,334,343,2648,2623,25,3325,2023-7
2,منطقة نجران,تجارة الجملة ، باستثناء المركبات ذات المحركات والدراجات النارية,737,715,370,345,2608,2584,24,3323,2023-4
2,المنطقة الشرقية,الأنشطة الرياضية وأنشطة التسلية والترفيه,478,1171,433,738,2151,1888,263,3322,2023-4
2,منطقة المدينة المنورة,صُنع الملبوسات,1122,367,149,218,2953,2672,281,3320,2023-4
4,المنطقة الشرقية,صُنع المشروبات,69,849,472,377,2458,2450,8,3307,2023-10
3,منطقة المدينة المنورة,التخزين وأنشطة الدعم للنقل,310,1610,1325,285,1695,1689,6,3305,2023-7
1,منطقة المدينة المنورة,صنع فحم الكوك والمنتجات النفطية المكررة,15,2297,2225,72,1005,1005,0,3302,2023-1
4,منطقة القصيم,صُنع المواد الكيميائية والمنتجات الكيميائية,57,788,561,227,2513,2511,2,3301,2023-10
4,منطقة حائل,الصحة البشرية,131,1203,371,832,2097,1000,1097,3300,2023-10
4,المنطقة الشرقية,أنشطة البرمجة الحاسوبية والخبرة الاستشارية وما يتصل بها من أنشطة,415,1571,832,739,1712,1659,53,3283,2023-10
4,منطقة تبوك,أنشطة زراعة المحاصيل والإنتاج الحيواني والصيد والخدمات المتصلة,790,340,226,114,2940,2938,2,3280,2023-10
1,منطقة الرياض,صناعة المركبات ذات المحركات والمركبات المقطورة ونصف المقطورة,110,720,305,415,2558,2544,14,3278,2023-1
2,المنطقة الشرقية,صُنع المشروبات,67,869,492,377,2408,2401,7,3277,2023-4
2,منطقة المدينة المنورة,صنع فحم الكوك والمنتجات النفطية المكررة,15,2275,2198,77,995,995,0,3270,2023-4
3,منطقة المدينة المنورة,صنع فحم الكوك والمنتجات النفطية المكررة,14,2274,2180,94,996,996,0,3270,2023-7
3,المنطقة الشرقية,الأنشطة الرياضية وأنشطة التسلية والترفيه,489,1210,416,794,2056,1788,268,3266,2023-7
3,المنطقة الشرقية,صُنع المشروبات,68,859,475,384,2406,2399,7,3265,2023-7
1,المنطقة الشرقية,الأنشطة الرياضية وأنشطة التسلية والترفيه,472,1126,419,707,2135,1877,258,3261,2023-1
3,منطقة تبوك,أنشطة زراعة المحاصيل والإنتاج الحيواني والصيد والخدمات المتصلة,825,355,233,122,2906,2904,2,3261,2023-7
3,منطقة نجران,الأنشطة الإيجارية,1227,93,44,49,3153,3140,13,3246,2023-7
1,المنطقة الشرقية,صُنع المشروبات,68,827,492,335,2412,2406,6,3239,2023-1
3,منطقة تبوك,النقل البري و النقل عبر الأنابيب,734,629,301,328,2609,2599,10,3238,2023-7
4,منطقة عسير,الأنشطة الإيجارية,1304,354,241,113,2880,2868,12,3234,2023-10
4,منطقة عسير,أنشطة زراعة المحاصيل والإنتاج الحيواني والصيد والخدمات المتصلة,1078,276,168,108,2957,2955,2,3233,2023-10
4,منطقة المدينة المنورة,الأنشطة الإيجارية,966,485,360,125,2747,2735,12,3232,2023-10
4,منطقة نجران,تجارة الجملة ، باستثناء المركبات ذات المحركات والدراجات النارية,775,620,312,308,2610,2584,26,3230,2023-10
2,منطقة عسير,التعليم,211,1923,813,1110,1299,1153,146,3222,2023-4
1,منطقة تبوك,التعليم,113,1987,757,1230,1235,1129,106,3222,2023-1
2,منطقة القصيم,صُنع المواد الكيميائية والمنتجات الكيميائية,56,965,651,314,2244,2242,2,3209,2023-4
4,منطقة تبوك,التعليم,113,1918,772,1146,1286,1169,117,3204,2023-10
4,منطقة الجوف,أنشطة زراعة المحاصيل والإنتاج الحيواني والصيد والخدمات المتصلة,755,290,217,73,2904,2896,8,3194,2023-10
4,المنطقة الشرقية,الأنشطة الرياضية وأنشطة التسلية والترفيه,498,1136,359,777,2037,1735,302,3173,2023-10
4,المنطقة الشرقية,صُنع المنسوجات,412,566,307,259,2605,2578,27,3171,2023-10
1,منطقة تبوك,أنشطة زراعة المحاصيل والإنتاج الحيواني والصيد والخدمات المتصلة,895,293,176,117,2873,2872,1,3166,2023-1
4,منطقة نجران,الأنشطة الإيجارية,1192,90,41,49,3068,3054,14,3158,2023-10
4,منطقة الجوف,تجارة الجملة ، باستثناء المركبات ذات المحركات والدراجات النارية,809,616,354,262,2542,2531,11,3158,2023-10
2,منطقة المدينة المنورة,التخزين وأنشطة الدعم للنقل,275,1613,1340,273,1528,1524,4,3141,2023-4
3,منطقة حائل,النقل البري و النقل عبر الأنابيب,897,215,92,123,2921,2918,3,3136,2023-7
1,منطقة الجوف,النقل البري و النقل عبر الأنابيب,666,363,200,163,2768,2762,6,3131,2023-1
4,منطقة عسير,صُنع المواد الكيميائية والمنتجات الكيميائية,69,885,631,254,2240,2231,9,3125,2023-10
3,منطقة عسير,أنشطة زراعة المحاصيل والإنتاج الحيواني والصيد والخدمات المتصلة,1112,272,161,111,2830,2827,3,3102,2023-7
2,منطقة الجوف,تجارة الجملة ، باستثناء المركبات ذات المحركات والدراجات النارية,768,625,366,259,2475,2467,8,3100,2023-4
1,المنطقة الشرقية,صناعة المركبات ذات المحركات والمركبات المقطورة ونصف المقطورة,67,812,649,163,2288,2287,1,3100,2023-1
4,منطقة حائل,صُنع المنتجات الغذائية,303,754,269,485,2346,2326,20,3100,2023-10
2,المنطقة الشرقية,صناعة المركبات ذات المحركات والمركبات المقطورة ونصف المقطورة,70,840,658,182,2259,2258,1,3099,2023-4
1,منطقة عسير,صُنع الملبوسات,1106,263,118,145,2835,2616,219,3098,2023-1
2,منطقة عسير,صُنع الملبوسات,1103,276,110,166,2812,2596,216,3088,2023-4
1,منطقة الجوف,تجارة الجملة ، باستثناء المركبات ذات المحركات والدراجات النارية,762,619,371,248,2465,2457,8,3084,2023-1
3,منطقة عسير,صُنع المواد الكيميائية والمنتجات الكيميائية,61,854,630,224,2230,2224,6,3084,2023-7
1,منطقة عسير,صُنع المواد الكيميائية والمنتجات الكيميائية,63,852,635,217,2229,2223,6,3081,2023-1
3,منطقة الجوف,أنشطة زراعة المحاصيل والإنتاج الحيواني والصيد والخدمات المتصلة,779,222,171,51,2852,2845,7,3074,2023-7
2,منطقة عسير,صُنع المواد الكيميائية والمنتجات الكيميائية,61,859,641,218,2209,2203,6,3068,2023-4
3,منطقة الجوف,تجارة الجملة ، باستثناء المركبات ذات المحركات والدراجات النارية,786,622,363,259,2446,2436,10,3068,2023-7
3,منطقة مكة المكرمة,صيد الأسماك وتربية المائيات,238,300,255,45,2763,2756,7,3063,2023-7
3,منطقة عسير,صُنع الملبوسات,1090,270,111,159,2762,2574,188,3032,2023-7
4,منطقة عسير,صُنع الملبوسات,1094,259,96,163,2771,2579,192,3030,2023-10
4,المنطقة الشرقية,الأنشطة القانونية وأنشطة المحاسبة,485,1881,1138,743,1148,1106,42,3029,2023-10
2,منطقة تبوك,أنشطة زراعة المحاصيل والإنتاج الحيواني والصيد والخدمات المتصلة,848,279,164,115,2746,2745,1,3025,2023-4
3,المنطقة الشرقية,صُنع المنسوجات,402,584,302,282,2433,2406,27,3017,2023-7
1,منطقة مكة المكرمة,تجميع المياه ومعالجتها وتوصيلها,462,1060,867,193,1954,1949,5,3014,2023-1
3,منطقة تبوك,التعليم,112,1798,760,1038,1213,1106,107,3011,2023-7
3,منطقة الجوف,النقل البري و النقل عبر الأنابيب,705,347,194,153,2663,2658,5,3010,2023-7
3,منطقة القصيم,صُنع المواد الكيميائية والمنتجات الكيميائية,58,749,543,206,2259,2257,2,3008,2023-7
4,منطقة القصيم,صُنع المشروبات,33,1023,549,474,1980,1979,1,3003,2023-10
3,المنطقة الشرقية,الأنشطة القانونية وأنشطة المحاسبة,471,1825,1120,705,1169,1129,40,2994,2023-7
1,منطقة القصيم,صُنع المواد الكيميائية والمنتجات الكيميائية,57,720,580,140,2272,2270,2,2992,2023-1
2,منطقة عسير,صيد الأسماك وتربية المائيات,1144,101,61,40,2890,2879,11,2991,2023-4
4,منطقة مكة المكرمة,صيد الأسماك وتربية المائيات,229,295,254,41,2691,2684,7,2986,2023-10
1,منطقة المدينة المنورة,التخزين وأنشطة الدعم للنقل,265,1514,1302,212,1470,1467,3,2984,2023-1
1,منطقة جازان,الأنشطة الإيجارية,1153,155,111,44,2823,2806,17,2978,2023-1
1,المنطقة الشرقية,الصرف الصحي,59,448,264,184,2511,2503,8,2959,2023-1
2,منطقة الجوف,النقل البري و النقل عبر الأنابيب,665,327,184,143,2630,2624,6,2957,2023-4
1,منطقة الرياض,صناعة معدات النقل الأخرى,87,1615,1446,169,1327,1324,3,2942,2023-1
2,المنطقة الشرقية,الأنشطة القانونية وأنشطة المحاسبة,452,1799,1102,697,1142,1108,34,2941,2023-4
1,منطقة الجوف,أنشطة التشييد المتخصصة,778,251,166,85,2672,2650,22,2923,2023-1
4,منطقة نجران,الهندسة المدنية,97,559,334,225,2362,2358,4,2921,2023-10
4,المنطقة الشرقية,تجميع المياه ومعالجتها وتوصيلها,151,1193,1032,161,1724,1721,3,2917,2023-10
1,منطقة عسير,صيد الأسماك وتربية المائيات,1133,109,61,48,2800,2789,11,2909,2023-1
2,منطقة تبوك,التعليم,113,1678,704,974,1231,1126,105,2909,2023-4
2,منطقة جازان,الأنشطة الإيجارية,1135,157,109,48,2738,2721,17,2895,2023-4
4,منطقة الجوف,النقل البري و النقل عبر الأنابيب,705,314,172,142,2579,2574,5,2893,2023-10
2,منطقة تبوك,النقل البري و النقل عبر الأنابيب,702,461,288,173,2422,2419,3,2883,2023-4
2,منطقة عسير,أنشطة زراعة المحاصيل والإنتاج الحيواني والصيد والخدمات المتصلة,1133,208,135,73,2675,2671,4,2883,2023-4
1,منطقة عسير,أنشطة زراعة المحاصيل والإنتاج الحيواني والصيد والخدمات المتصلة,1207,193,125,68,2686,2682,4,2879,2023-1
2,منطقة الرياض,صناعة معدات النقل الأخرى,93,1525,1378,147,1350,1346,4,2875,2023-4
1,المنطقة الشرقية,الأنشطة القانونية وأنشطة المحاسبة,436,1751,1068,683,1116,1089,27,2867,2023-1
1,منطقة الرياض,الإدارة العامة والدفاع ؛ والضمان الاجتماعي الإلزامي,244,1904,1209,695,955,891,64,2859,2023-1
2,منطقة حائل,النقل البري و النقل عبر الأنابيب,757,230,103,127,2622,2618,4,2852,2023-4
2,المنطقة الشرقية,صُنع المنسوجات,391,558,325,233,2280,2255,25,2838,2023-4
1,منطقة تبوك,النقل البري و النقل عبر الأنابيب,698,447,284,163,2387,2384,3,2834,2023-1
4,منطقة المدينة المنورة,الأنشطة الأخرى للتعدين واستغلال المحاجر,101,701,578,123,2127,2126,1,2828,2023-10
3,منطقة مكة المكرمة,الأنشطة الأخرى للتعدين واستغلال المحاجر,248,790,559,231,2037,2032,5,2827,2023-7
1,منطقة حائل,الأنشطة الإيجارية,949,101,56,45,2712,2693,19,2813,2023-1
3,منطقة الرياض,صناعة معدات النقل الأخرى,96,1518,1346,172,1290,1284,6,2808,2023-7
3,منطقة جازان,الأنشطة الإيجارية,1103,157,120,37,2644,2630,14,2801,2023-7
2,منطقة مكة المكرمة,الأنشطة الأخرى للتعدين واستغلال المحاجر,241,780,542,238,2016,2011,5,2796,2023-4
2,منطقة الجوف,أنشطة التشييد المتخصصة,786,231,150,81,2561,2540,21,2792,2023-4
1,المنطقة الشرقية,صُنع المنسوجات,391,469,300,169,2313,2285,28,2782,2023-1
2,منطقة الرياض,الإدارة العامة والدفاع ؛ والضمان الاجتماعي الإلزامي,231,1913,1221,692,864,799,65,2777,2023-4
4,منطقة الجوف,أنشطة التشييد المتخصصة,813,240,152,88,2526,2505,21,2766,2023-10
4,منطقة القصيم,صنع الأثاث,294,500,269,231,2257,2253,4,2757,2023-10
1,منطقة مكة المكرمة,الأنشطة الأخرى للتعدين واستغلال المحاجر,225,784,532,252,1970,1965,5,2754,2023-1
4,منطقة جازان,الأنشطة الإيجارية,1070,143,99,44,2603,2587,16,2746,2023-10
3,منطقة الجوف,أنشطة التشييد المتخصصة,799,252,168,84,2493,2468,25,2745,2023-7
1,منطقة مكة المكرمة,الصرف الصحي,106,491,415,76,2252,2248,4,2743,2023-1
1,منطقة نجران,الصحة البشرية,109,822,399,423,1912,1118,794,2734,2023-1
2,منطقة حائل,الأنشطة الإيجارية,940,104,70,34,2628,2609,19,2732,2023-4
2,منطقة عسير,الإقامة,530,846,427,419,1884,1863,21,2730,2023-4
4,منطقة تبوك,الصحة البشرية,107,1060,308,752,1661,890,771,2721,2023-10
1,منطقة عسير,الإقامة,530,825,440,385,1891,1871,20,2716,2023-1
3,منطقة عسير,الإقامة,538,865,434,431,1844,1824,20,2709,2023-7
3,منطقة تبوك,الصحة البشرية,108,1005,264,741,1692,912,780,2697,2023-7
1,منطقة تبوك,الصحة البشرية,111,993,251,742,1694,909,785,2687,2023-1
3,منطقة الرياض,الإدارة العامة والدفاع ؛ والضمان الاجتماعي الإلزامي,218,1917,1216,701,766,716,50,2683,2023-7
1,منطقة جازان,صنع منتجات المعادن المشكلة ( باستثناء الآلات والمعدات ),887,193,113,80,2475,2472,3,2668,2023-1
4,منطقة الرياض,الإدارة العامة والدفاع ؛ والضمان الاجتماعي الإلزامي,193,1978,1298,680,688,641,47,2666,2023-10
4,منطقة المدينة المنورة,أنشطة المعمارية والهندسية ، والاختبارات الفنية والتحليل,264,927,537,390,1736,1726,10,2663,2023-10
4,منطقة نجران,الصحة البشرية,106,828,396,432,1832,1026,806,2660,2023-10
1,منطقة حائل,النقل البري و النقل عبر الأنابيب,730,210,96,114,2446,2443,3,2656,2023-1
3,منطقة حائل,الأنشطة الإيجارية,918,105,66,39,2550,2534,16,2655,2023-7
4,منطقة عسير,الإقامة,531,851,429,422,1799,1776,23,2650,2023-10
4,منطقة الرياض,صيد الأسماك وتربية المائيات,762,237,137,100,2408,2388,20,2645,2023-10
4,منطقة حائل,الأنشطة الإيجارية,906,102,61,41,2537,2522,15,2639,2023-10
4,منطقة تبوك,صنع منتجات المعادن اللافلزية الأخرى,95,832,610,222,1795,1794,1,2627,2023-10
2,منطقة تبوك,الصحة البشرية,110,959,242,717,1665,900,765,2624,2023-4
4,منطقة مكة المكرمة,صناعة معدات النقل الأخرى,32,1794,1705,89,829,787,42,2623,2023-10
2,منطقة نجران,الصحة البشرية,101,802,395,407,1813,1040,773,2615,2023-4
3,منطقة نجران,الصحة البشرية,104,797,392,405,1814,1024,790,2611,2023-7
2,منطقة جازان,صنع منتجات المعادن المشكلة ( باستثناء الآلات والمعدات ),883,166,101,65,2442,2440,2,2608,2023-4
3,منطقة حائل,صُنع المنتجات الغذائية,269,591,222,369,2016,2007,9,2607,2023-7
4,منطقة المدينة المنورة,أنشطة العمل الاجتماعي، دون إقامة,265,1883,869,1014,718,574,144,2601,2023-10
4,منطقة جازان,صنع منتجات المعادن المشكلة ( باستثناء الآلات والمعدات ),899,157,87,70,2431,2428,3,2588,2023-10
3,منطقة جازان,صنع منتجات المعادن المشكلة ( باستثناء الآلات والمعدات ),883,167,98,69,2416,2414,2,2583,2023-7
3,منطقة المدينة المنورة,أنشطة العمل الاجتماعي، دون إقامة,256,1900,864,1036,681,544,137,2581,2023-7
3,منطقة القصيم,صنع الأثاث,287,433,235,198,2139,2135,4,2572,2023-7
2,منطقة القصيم,صُنع الملبوسات,874,270,154,116,2292,2132,160,2562,2023-4
2,منطقة القصيم,صنع الأثاث,282,421,233,188,2131,2127,4,2552,2023-4
1,منطقة الحدود الشمالية,تجارة الجملة والتجزئة ، وإصلاح المركبات ذات المحركات والدراجات النارية,798,248,169,79,2304,2300,4,2552,2023-1
1,منطقة تبوك,صُنع المنتجات الغذائية,260,480,159,321,2058,2057,1,2538,2023-1
1,منطقة القصيم,صنع الأثاث,286,379,210,169,2156,2151,5,2535,2023-1
1,منطقة القصيم,صُنع الملبوسات,868,248,138,110,2277,2118,159,2525,2023-1
3,منطقة تبوك,صنع منتجات المعادن اللافلزية الأخرى,95,793,579,214,1728,1727,1,2521,2023-7
3,منطقة القصيم,صُنع الملبوسات,869,253,141,112,2266,2110,156,2519,2023-7
3,منطقة المدينة المنورة,الأنشطة الأخرى للتعدين واستغلال المحاجر,92,635,542,93,1881,1881,0,2516,2023-7
2,منطقة الحدود الشمالية,تجارة الجملة والتجزئة ، وإصلاح المركبات ذات المحركات والدراجات النارية,800,265,167,98,2251,2247,4,2516,2023-4
1,منطقة تبوك,صُنع الملبوسات,833,97,39,58,2417,2369,48,2514,2023-1
4,منطقة مكة المكرمة,الطباعة واستنساخ وسائط الأعلام المسجّلة,332,682,296,386,1819,1796,23,2501,2023-10
4,منطقة نجران,الصرف الصحي,9,457,334,123,2036,2036,0,2493,2023-10
1,منطقة عسير,صنع الأثاث,637,259,152,107,2226,2222,4,2485,2023-1
4,منطقة جازان,صُنع المنتجات الغذائية,376,452,221,231,2031,2017,14,2483,2023-10
4,منطقة القصيم,صُنع الملبوسات,863,242,142,100,2241,2095,146,2483,2023-10
3,منطقة المدينة المنورة,أنشطة المعمارية والهندسية ، والاختبارات الفنية والتحليل,232,878,510,368,1604,1595,9,2482,2023-7
2,منطقة عسير,صنع الأثاث,633,288,157,131,2190,2186,4,2478,2023-4
1,منطقة المدينة المنورة,أنشطة العمل الاجتماعي، دون إقامة,253,1827,825,1002,644,516,128,2471,2023-1
1,منطقة حائل,صنع منتجات المعادن اللافلزية الأخرى,189,548,428,120,1922,1921,1,2470,2023-1
2,منطقة تبوك,صنع منتجات المعادن اللافلزية الأخرى,94,762,569,193,1701,1697,4,2463,2023-4
4,منطقة القصيم,أنشطة العمل الاجتماعي، دون إقامة,220,1674,699,975,777,677,100,2451,2023-10
1,منطقة تبوك,أنشطة تقديم الخدمات للمباني وتجميل المواقع,337,363,170,193,2087,2079,8,2450,2023-1
1,منطقة تبوك,صنع منتجات المعادن اللافلزية الأخرى,90,732,570,162,1713,1709,4,2445,2023-1
1,منطقة المدينة المنورة,أنشطة المعمارية والهندسية ، والاختبارات الفنية والتحليل,227,909,555,354,1529,1522,7,2438,2023-1
3,منطقة الحدود الشمالية,تجارة الجملة والتجزئة ، وإصلاح المركبات ذات المحركات والدراجات النارية,800,236,154,82,2200,2196,4,2436,2023-7
3,منطقة عسير,صنع الأثاث,636,282,153,129,2152,2148,4,2434,2023-7
2,منطقة المدينة المنورة,أنشطة المعمارية والهندسية ، والاختبارات الفنية والتحليل,231,926,554,372,1504,1495,9,2430,2023-4
2,منطقة تبوك,أنشطة تقديم الخدمات للمباني وتجميل المواقع,333,324,161,163,2104,2091,13,2428,2023-4
4,منطقة نجران,أنشطة الخدمات الشخصية الأخرى,1006,136,37,99,2290,2100,190,2426,2023-10
1,منطقة مكة المكرمة,صنع المنتجات الصيدلانية الأساسية والمستحضرات الصيدلانية,58,1057,569,488,1368,1320,48,2425,2023-1
1,منطقة الجوف,أنشطة زراعة المحاصيل والإنتاج الحيواني والصيد والخدمات المتصلة,832,207,159,48,2216,2207,9,2423,2023-1
4,منطقة الحدود الشمالية,تجارة الجملة والتجزئة ، وإصلاح المركبات ذات المحركات والدراجات النارية,810,231,147,84,2188,2184,4,2419,2023-10
4,منطقة عسير,صنع الأثاث,635,301,159,142,2109,2108,1,2410,2023-10
2,منطقة تبوك,صُنع الملبوسات,815,86,41,45,2319,2269,50,2405,2023-4
4,منطقة الرياض,صنع فحم الكوك والمنتجات النفطية المكررة,92,847,475,372,1551,1541,10,2398,2023-10
3,منطقة تبوك,أنشطة تقديم الخدمات للمباني وتجميل المواقع,318,345,164,181,2051,2030,21,2396,2023-7
2,منطقة نجران,أنشطة الخدمات الشخصية الأخرى,972,157,42,115,2239,2045,194,2396,2023-4
2,منطقة حائل,صنع منتجات المعادن اللافلزية الأخرى,188,553,431,122,1835,1834,1,2388,2023-4
2,منطقة المدينة المنورة,أنشطة العمل الاجتماعي، دون إقامة,258,1720,855,865,660,534,126,2380,2023-4
3,المنطقة الشرقية,وكالات السفر ومشغّلو الجولات السياحية وخدمات الحجز والأنشطة المتصلة بها,277,962,549,413,1411,1397,14,2373,2023-7
3,منطقة نجران,أنشطة الخدمات الشخصية الأخرى,972,139,35,104,2234,2044,190,2373,2023-7
1,منطقة الباحة,تجارة الجملة والتجزئة ، وإصلاح المركبات ذات المحركات والدراجات النارية,783,275,215,60,2093,2091,2,2368,2023-1
1,منطقة المدينة المنورة,أنشطة زراعة المحاصيل والإنتاج الحيواني والصيد والخدمات المتصلة,937,233,149,84,2134,2123,11,2367,2023-1
2,منطقة الباحة,تجارة الجملة والتجزئة ، وإصلاح المركبات ذات المحركات والدراجات النارية,789,279,215,64,2088,2086,2,2367,2023-4
4,منطقة الرياض,صناعة معدات النقل الأخرى,95,1076,886,190,1288,1280,8,2364,2023-10
1,منطقة نجران,أنشطة الخدمات الشخصية الأخرى,958,123,34,89,2221,2037,184,2344,2023-1
3,منطقة جازان,صُنع المنتجات الغذائية,359,397,202,195,1943,1931,12,2340,2023-7
2,منطقة المدينة المنورة,أنشطة زراعة المحاصيل والإنتاج الحيواني والصيد والخدمات المتصلة,897,245,150,95,2091,2082,9,2336,2023-4
1,منطقة الباحة,أنشطة التشييد المتخصصة,597,237,149,88,2098,2097,1,2335,2023-1
3,منطقة حائل,صنع منتجات المعادن اللافلزية الأخرى,187,564,428,136,1770,1768,2,2334,2023-7
2,منطقة الجوف,أنشطة زراعة المحاصيل والإنتاج الحيواني والصيد والخدمات المتصلة,788,197,148,49,2130,2124,6,2327,2023-4
1,منطقة حائل,صُنع المنتجات الغذائية,257,479,174,305,1843,1834,9,2322,2023-1
3,منطقة القصيم,أنشطة العمل الاجتماعي، دون إقامة,198,1613,685,928,709,613,96,2322,2023-7
2,منطقة حائل,صُنع المنتجات الغذائية,259,505,179,326,1816,1808,8,2321,2023-4
2,المنطقة الشرقية,وكالات السفر ومشغّلو الجولات السياحية وخدمات الحجز والأنشطة المتصلة بها,259,954,556,398,1366,1352,14,2320,2023-4
3,منطقة الباحة,تجارة الجملة والتجزئة ، وإصلاح المركبات ذات المحركات والدراجات النارية,791,287,215,72,2033,2032,1,2320,2023-7
1,منطقة مكة المكرمة,تمويل التأمين وإعادة التأمين وصناديق المعاشات التقاعدية باستثناء الضمان الاجتماعي الإلزامي,24,1654,939,715,664,585,79,2318,2023-1
3,منطقة مكة المكرمة,الطباعة واستنساخ وسائط الأعلام المسجّلة,312,625,267,358,1693,1673,20,2318,2023-7
3,منطقة المدينة المنورة,أنشطة جمع النفايات ومعالجتها وتصريفها ، واسترجاع المواد,31,568,388,180,1729,1635,94,2297,2023-7
1,منطقة جازان,صُنع المنتجات الغذائية,364,397,211,186,1897,1886,11,2294,2023-1
3,منطقة المدينة المنورة,أنشطة زراعة المحاصيل والإنتاج الحيواني والصيد والخدمات المتصلة,872,244,149,95,2050,2042,8,2294,2023-7
4,منطقة الباحة,تجارة الجملة والتجزئة ، وإصلاح المركبات ذات المحركات والدراجات النارية,811,252,194,58,2038,2038,0,2290,2023-10
1,منطقة الرياض,صُنع المنتجات الجلدية والمنتجات ذات الصلة,123,374,113,261,1915,1907,8,2289,2023-1
3,منطقة تبوك,صُنع الملبوسات,803,87,38,49,2195,2149,46,2282,2023-7
2,منطقة مكة المكرمة,تمويل التأمين وإعادة التأمين وصناديق المعاشات التقاعدية باستثناء الضمان الاجتماعي الإلزامي,25,1635,915,720,646,570,76,2281,2023-4
4,منطقة تبوك,صُنع المنتجات الغذائية,268,420,165,255,1847,1845,2,2267,2023-10
1,منطقة مكة المكرمة,الأنشطة المهنية والعلمية والتقنية الأخرى,537,727,372,355,1538,1360,178,2265,2023-1
4,المنطقة الشرقية,الطباعة واستنساخ وسائط الأعلام المسجّلة,165,863,486,377,1402,1393,9,2265,2023-10
1,المنطقة الشرقية,وكالات السفر ومشغّلو الجولات السياحية وخدمات الحجز والأنشطة المتصلة بها,245,902,539,363,1352,1339,13,2254,2023-1
4,منطقة المدينة المنورة,أنشطة زراعة المحاصيل والإنتاج الحيواني والصيد والخدمات المتصلة,848,226,137,89,2023,2014,9,2249,2023-10
4,منطقة حائل,صنع منتجات المعادن اللافلزية الأخرى,177,541,413,128,1707,1705,2,2248,2023-10
3,منطقة مكة المكرمة,تمويل التأمين وإعادة التأمين وصناديق المعاشات التقاعدية باستثناء الضمان الاجتماعي الإلزامي,24,1593,863,730,648,572,76,2241,2023-7
2,منطقة جازان,صُنع المنتجات الغذائية,360,386,198,188,1854,1844,10,2240,2023-4
3,منطقة القصيم,صُنع المشروبات,29,687,279,408,1549,1548,1,2236,2023-7
2,منطقة الجوف,أنشطة الخدمات الشخصية الأخرى,875,154,75,79,2081,1927,154,2235,2023-4
3,المنطقة الشرقية,تجميع المياه ومعالجتها وتوصيلها,143,1051,951,100,1176,1175,1,2227,2023-7
4,منطقة مكة المكرمة,تمويل التأمين وإعادة التأمين وصناديق المعاشات التقاعدية باستثناء الضمان الاجتماعي الإلزامي,23,1577,836,741,644,567,77,2221,2023-10
4,منطقة الباحة,أنشطة التشييد المتخصصة,616,180,111,69,2037,2033,4,2217,2023-10
2,منطقة مكة المكرمة,الطباعة واستنساخ وسائط الأعلام المسجّلة,287,614,263,351,1598,1577,21,2212,2023-4
4,منطقة تبوك,صُنع الملبوسات,795,85,33,52,2124,2076,48,2209,2023-10
1,منطقة الجوف,أنشطة الخدمات الشخصية الأخرى,876,150,84,66,2058,1914,144,2208,2023-1
4,منطقة الجوف,أنشطة الخدمات الشخصية الأخرى,889,138,62,76,2067,1905,162,2205,2023-10
1,منطقة مكة المكرمة,الطباعة واستنساخ وسائط الأعلام المسجّلة,282,612,264,348,1580,1559,21,2192,2023-1
3,منطقة تبوك,صُنع المنتجات الغذائية,262,430,165,265,1747,1745,2,2177,2023-7
4,منطقة تبوك,أنشطة تقديم الخدمات للمباني وتجميل المواقع,303,322,144,178,1851,1837,14,2173,2023-10
2,منطقة المدينة المنورة,أنشطة جمع النفايات ومعالجتها وتصريفها ، واسترجاع المواد,27,506,341,165,1663,1568,95,2169,2023-4
3,منطقة الباحة,أنشطة التشييد المتخصصة,602,203,127,76,1963,1961,2,2166,2023-7
3,منطقة مكة المكرمة,الأنشطة المساعدة لأنشطة الخدمات المالية وأنشطة التأمين,139,1589,1027,562,574,551,23,2163,2023-7
3,منطقة الجوف,أنشطة الخدمات الشخصية الأخرى,875,139,75,64,2024,1866,158,2163,2023-7
2,منطقة مكة المكرمة,الأنشطة المهنية والعلمية والتقنية الأخرى,543,689,354,335,1466,1286,180,2155,2023-4
1,المنطقة الشرقية,الطباعة واستنساخ وسائط الأعلام المسجّلة,148,856,491,365,1296,1287,9,2152,2023-1
1,منطقة حائل,الهندسة المدنية,103,360,244,116,1776,1769,7,2136,2023-1
1,منطقة مكة المكرمة,الأنشطة المساعدة لأنشطة الخدمات المالية وأنشطة التأمين,137,1495,950,545,640,618,22,2135,2023-1
2,منطقة الباحة,أنشطة التشييد المتخصصة,605,209,133,76,1921,1920,1,2130,2023-4
4,منطقة القصيم,التخزين وأنشطة الدعم للنقل,270,289,160,129,1837,1831,6,2126,2023-10
2,المنطقة الشرقية,الطباعة واستنساخ وسائط الأعلام المسجّلة,149,847,487,360,1277,1267,10,2124,2023-4
4,منطقة مكة المكرمة,الأنشطة المساعدة لأنشطة الخدمات المالية وأنشطة التأمين,141,1563,1012,551,560,539,21,2123,2023-10
3,منطقة مكة المكرمة,الأنشطة المهنية والعلمية والتقنية الأخرى,547,673,338,335,1447,1271,176,2120,2023-7
1,منطقة الباحة,تجارة الجملة ، باستثناء المركبات ذات المحركات والدراجات النارية,511,488,330,158,1631,1625,6,2119,2023-1
2,منطقة مكة المكرمة,الأنشطة المساعدة لأنشطة الخدمات المالية وأنشطة التأمين,143,1552,992,560,567,543,24,2119,2023-4
1,منطقة القصيم,أنشطة العمل الاجتماعي، دون إقامة,192,1404,620,784,712,618,94,2116,2023-1
3,المنطقة الشرقية,الطباعة واستنساخ وسائط الأعلام المسجّلة,156,826,480,346,1283,1273,10,2109,2023-7
4,منطقة حائل,الهندسة المدنية,114,343,223,120,1743,1736,7,2086,2023-10
2,منطقة المدينة المنورة,صنع منتجات المطاط واللدائن,62,506,280,226,1558,1553,5,2064,2023-4
3,منطقة حائل,الهندسة المدنية,99,355,237,118,1709,1701,8,2064,2023-7
3,منطقة الرياض,صيد الأسماك وتربية المائيات,628,137,49,88,1922,1913,9,2059,2023-7
2,منطقة مكة المكرمة,أنشطة المنظمات ذات العضوية,272,1301,768,533,757,727,30,2058,2023-4
3,منطقة مكة المكرمة,أنشطة المكاتب الرئيسية، والأنشطة الاستشارية في مجال الإدارة,346,908,499,409,1149,1072,77,2057,2023-7
1,منطقة المدينة المنورة,صنع منتجات المطاط واللدائن,56,500,280,220,1556,1552,4,2056,2023-1
1,منطقة المدينة المنورة,أنشطة جمع النفايات ومعالجتها وتصريفها ، واسترجاع المواد,22,496,321,175,1559,1463,96,2055,2023-1
2,منطقة الباحة,تجارة الجملة ، باستثناء المركبات ذات المحركات والدراجات النارية,500,476,321,155,1577,1568,9,2053,2023-4
3,منطقة القصيم,إصلاح وتركيب الآلات والمعدات,335,323,209,114,1719,1716,3,2042,2023-7
2,منطقة القصيم,أنشطة العمل الاجتماعي، دون إقامة,186,1335,630,705,700,611,89,2035,2023-4
2,منطقة حائل,الهندسة المدنية,101,347,230,117,1686,1678,8,2033,2023-4
1,المنطقة الشرقية,تجميع المياه ومعالجتها وتوصيلها,121,1142,1059,83,891,891,0,2033,2023-1
3,منطقة الباحة,تجارة الجملة ، باستثناء المركبات ذات المحركات والدراجات النارية,501,497,321,176,1532,1524,8,2029,2023-7
2,منطقة تبوك,صُنع المنتجات الغذائية,258,368,141,227,1657,1655,2,2025,2023-4
4,منطقة الباحة,تجارة الجملة ، باستثناء المركبات ذات المحركات والدراجات النارية,480,483,307,176,1525,1518,7,2008,2023-10
2,منطقة القصيم,صُنع المشروبات,29,620,243,377,1374,1373,1,1994,2023-4
4,المنطقة الشرقية,وكالات السفر ومشغّلو الجولات السياحية وخدمات الحجز والأنشطة المتصلة بها,286,751,341,410,1240,1225,15,1991,2023-10
1,منطقة الجوف,صنع منتجات المعادن اللافلزية الأخرى,85,403,277,126,1584,1582,2,1987,2023-1
4,منطقة مكة المكرمة,الأنشطة المهنية والعلمية والتقنية الأخرى,533,573,249,324,1410,1237,173,1983,2023-10
2,منطقة الرياض,صُنع المنتجات الجلدية والمنتجات ذات الصلة,118,329,92,237,1654,1647,7,1983,2023-4
4,منطقة مكة المكرمة,صناعة المركبات ذات المحركات والمركبات المقطورة ونصف المقطورة,73,620,409,211,1362,1361,1,1982,2023-10
3,منطقة الحدود الشمالية,أنشطة التشييد المتخصصة,528,152,90,62,1826,1819,7,1978,2023-7
1,منطقة مكة المكرمة,أنشطة المكاتب الرئيسية، والأنشطة الاستشارية في مجال الإدارة,330,798,433,365,1179,1111,68,1977,2023-1
2,منطقة مكة المكرمة,أنشطة المكاتب الرئيسية، والأنشطة الاستشارية في مجال الإدارة,330,824,449,375,1148,1077,71,1972,2023-4
4,منطقة تبوك,الهندسة المدنية,110,339,161,178,1631,1629,2,1970,2023-10
4,منطقة المدينة المنورة,صنع منتجات المطاط واللدائن,76,465,267,198,1502,1485,17,1967,2023-10
3,منطقة مكة المكرمة,أنشطة المنظمات ذات العضوية,272,1209,694,515,756,726,30,1965,2023-7
4,منطقة مكة المكرمة,أنشطة المكاتب الرئيسية، والأنشطة الاستشارية في مجال الإدارة,369,848,467,381,1116,1041,75,1964,2023-10
1,منطقة الحدود الشمالية,أنشطة التشييد المتخصصة,521,149,101,48,1804,1799,5,1953,2023-1
2,منطقة الحدود الشمالية,أنشطة التشييد المتخصصة,518,157,101,56,1794,1789,5,1951,2023-4
1,منطقة القصيم,صُنع المشروبات,28,576,238,338,1373,1373,0,1949,2023-1
3,منطقة الرياض,صُنع المنتجات الجلدية والمنتجات ذات الصلة,118,335,89,246,1605,1598,7,1940,2023-7
3,منطقة الرياض,صنع فحم الكوك والمنتجات النفطية المكررة,84,717,433,284,1220,1214,6,1937,2023-7
3,منطقة القصيم,التخزين وأنشطة الدعم للنقل,239,287,177,110,1650,1646,4,1937,2023-7
2,المنطقة الشرقية,تجميع المياه ومعالجتها وتوصيلها,126,1007,925,82,917,917,0,1924,2023-4
4,المنطقة الشرقية,صنع الحواسيب والمنتجات الإلكترونية والبصرية,77,607,361,246,1315,1309,6,1922,2023-10
1,منطقة القصيم,التخزين وأنشطة الدعم للنقل,191,297,200,97,1615,1610,5,1912,2023-1
4,منطقة الحدود الشمالية,أنشطة التشييد المتخصصة,547,138,86,52,1770,1763,7,1908,2023-10
3,منطقة القصيم,الأنشطة العقارية,245,562,311,251,1342,1334,8,1904,2023-7
4,منطقة القصيم,الأنشطة العقارية,248,552,294,258,1346,1338,8,1898,2023-10
1,منطقة نجران,التخزين وأنشطة الدعم للنقل,553,99,46,53,1796,1791,5,1895,2023-1
4,المنطقة الشرقية,أنشطة المكاتب الرئيسية، والأنشطة الاستشارية في مجال الإدارة,192,908,561,347,985,948,37,1893,2023-10
4,منطقة الرياض,صُنع المنتجات الجلدية والمنتجات ذات الصلة,113,335,87,248,1548,1543,5,1883,2023-10
2,منطقة مكة المكرمة,صناعة المركبات ذات المحركات والمركبات المقطورة ونصف المقطورة,70,581,400,181,1300,1299,1,1881,2023-4
2,منطقة القصيم,الأنشطة العقارية,241,539,301,238,1327,1319,8,1866,2023-4
3,منطقة عسير,التخزين وأنشطة الدعم للنقل,214,418,281,137,1436,1435,1,1854,2023-7
1,منطقة مكة المكرمة,صناعة المركبات ذات المحركات والمركبات المقطورة ونصف المقطورة,66,570,396,174,1281,1281,0,1851,2023-1
1,منطقة القصيم,الأنشطة العقارية,229,534,305,229,1302,1296,6,1836,2023-1
1,منطقة جازان,الهندسة المدنية,136,274,172,102,1554,1553,1,1828,2023-1
3,منطقة تبوك,الهندسة المدنية,96,331,161,170,1494,1492,2,1825,2023-7
3,منطقة مكة المكرمة,صناعة المركبات ذات المحركات والمركبات المقطورة ونصف المقطورة,70,581,410,171,1243,1241,2,1824,2023-7
2,منطقة القصيم,التخزين وأنشطة الدعم للنقل,206,270,175,95,1554,1551,3,1824,2023-4
3,منطقة المدينة المنورة,صنع منتجات المطاط واللدائن,68,421,229,192,1398,1380,18,1819,2023-7
2,منطقة الجوف,صنع منتجات المعادن اللافلزية الأخرى,81,368,267,101,1449,1448,1,1817,2023-4
4,منطقة مكة المكرمة,أنشطة خدمات المعلومات,158,814,398,416,986,930,56,1800,2023-10
4,منطقة الجوف,التعليم,107,1033,440,593,743,663,80,1776,2023-10
1,منطقة مكة المكرمة,أنشطة المنظمات ذات العضوية,274,1058,606,452,717,689,28,1775,2023-1
3,منطقة الجوف,صنع منتجات المعادن اللافلزية الأخرى,80,386,253,133,1385,1384,1,1771,2023-7
4,منطقة المدينة المنورة,صُنع المشروبات,40,482,208,274,1288,1287,1,1770,2023-10
1,منطقة الحدود الشمالية,النقل البري و النقل عبر الأنابيب,384,242,127,115,1522,1522,0,1764,2023-1
4,منطقة مكة المكرمة,البحث والتطوير في المجال العلمي,67,1446,1343,103,316,300,16,1762,2023-10
2,منطقة نجران,التخزين وأنشطة الدعم للنقل,541,99,48,51,1653,1648,5,1752,2023-4
2,منطقة القصيم,إصلاح وتركيب الآلات والمعدات,300,263,175,88,1488,1486,2,1751,2023-4
2,منطقة المدينة المنورة,الأنشطة الأخرى للتعدين واستغلال المحاجر,88,520,432,88,1230,1230,0,1750,2023-4
1,منطقة جازان,أنشطة زراعة المحاصيل والإنتاج الحيواني والصيد والخدمات المتصلة,799,69,47,22,1680,1674,6,1749,2023-1
3,منطقة عسير,أنشطة العمل الاجتماعي، دون إقامة,203,1254,589,665,489,436,53,1743,2023-7
1,منطقة المدينة المنورة,الأنشطة الأخرى للتعدين واستغلال المحاجر,85,541,451,90,1200,1198,2,1741,2023-1
4,منطقة جازان,أنشطة زراعة المحاصيل والإنتاج الحيواني والصيد والخدمات المتصلة,744,71,45,26,1666,1659,7,1737,2023-10
4,منطقة الرياض,أنشطة خدمات دعم التعدين,83,1037,771,266,697,691,6,1734,2023-10
4,منطقة جازان,الهندسة المدنية,140,271,178,93,1461,1460,1,1732,2023-10
2,منطقة جازان,الهندسة المدنية,135,257,167,90,1471,1470,1,1728,2023-4
1,منطقة نجران,إصلاح أجهزة الحاسوب والسلع الشخصية والمنزلية,261,27,10,17,1698,1695,3,1725,2023-1
4,منطقة عسير,أنشطة العمل الاجتماعي، دون إقامة,197,1261,601,660,464,402,62,1725,2023-10
4,منطقة نجران,التخزين وأنشطة الدعم للنقل,598,98,52,46,1626,1619,7,1724,2023-10
4,منطقة القصيم,صُنع الخشب ومنتجات الخشب والفلين ، باستثناء الأثاث ، صُنع أصناف من القش ومواد الضفر,306,269,119,150,1455,1454,1,1724,2023-10
3,منطقة مكة المكرمة,البحث والتطوير في المجال العلمي,66,1421,1324,97,301,287,14,1722,2023-7
2,منطقة تبوك,الهندسة المدنية,100,301,156,145,1414,1412,2,1715,2023-4
2,منطقة مكة المكرمة,أنشطة خدمات المعلومات,168,727,333,394,984,930,54,1711,2023-4
1,منطقة الحدود الشمالية,أنشطة الخدمات الشخصية الأخرى,660,91,34,57,1612,1464,148,1703,2023-1
4,منطقة الحدود الشمالية,أنشطة الخدمات الشخصية الأخرى,675,100,24,76,1601,1444,157,1701,2023-10
1,منطقة جازان,أنشطة تقديم الخدمات للمباني وتجميل المواقع,342,208,122,86,1484,1457,27,1692,2023-1
2,منطقة جازان,أنشطة زراعة المحاصيل والإنتاج الحيواني والصيد والخدمات المتصلة,769,72,48,24,1619,1614,5,1691,2023-4
3,منطقة جازان,الهندسة المدنية,133,261,169,92,1429,1428,1,1690,2023-7
4,منطقة جازان,صُنع الملبوسات,680,108,42,66,1579,1454,125,1687,2023-10
2,منطقة جازان,صُنع الملبوسات,678,126,52,74,1559,1437,122,1685,2023-4
3,منطقة مكة المكرمة,أنشطة خدمات المعلومات,163,745,341,404,938,885,53,1683,2023-7
1,منطقة جازان,صُنع الملبوسات,680,116,45,71,1561,1435,126,1677,2023-1
4,منطقة الحدود الشمالية,أنشطة تقديم الخدمات للمباني وتجميل المواقع,74,402,230,172,1273,929,344,1675,2023-10
3,منطقة الحدود الشمالية,أنشطة تقديم الخدمات للمباني وتجميل المواقع,78,381,217,164,1292,947,345,1673,2023-7
2,منطقة الحدود الشمالية,أنشطة الخدمات الشخصية الأخرى,653,98,35,63,1574,1419,155,1672,2023-4
3,منطقة جازان,أنشطة زراعة المحاصيل والإنتاج الحيواني والصيد والخدمات المتصلة,769,65,37,28,1605,1599,6,1670,2023-7
2,منطقة جازان,الإقامة,319,488,231,257,1180,1145,35,1668,2023-4
4,المنطقة الشرقية,النقل المائي,80,998,760,238,668,651,17,1666,2023-10
1,منطقة جازان,الإقامة,318,458,207,251,1206,1170,36,1664,2023-1
3,منطقة جازان,صُنع الملبوسات,679,124,46,78,1539,1417,122,1663,2023-7
4,منطقة الجوف,صنع منتجات المعادن اللافلزية الأخرى,80,379,244,135,1282,1282,0,1661,2023-10
1,المنطقة الشرقية,النقل المائي,88,997,781,216,663,651,12,1660,2023-1
2,منطقة الحدود الشمالية,أنشطة تقديم الخدمات للمباني وتجميل المواقع,82,404,229,175,1253,952,301,1657,2023-4
4,منطقة مكة المكرمة,أنشطة خدمات دعم التعدين,54,570,353,217,1087,1080,7,1657,2023-10
3,منطقة الجوف,التعليم,103,978,407,571,672,605,67,1650,2023-7
1,منطقة الجوف,التعليم,94,989,411,578,661,603,58,1650,2023-1
2,منطقة الحدود الشمالية,تجارة الجملة ، باستثناء المركبات ذات المحركات والدراجات النارية,452,240,139,101,1410,1394,16,1650,2023-4
1,منطقة الحدود الشمالية,أنشطة تقديم الخدمات للمباني وتجميل المواقع,89,399,231,168,1249,966,283,1648,2023-1
2,منطقة مكة المكرمة,البحث والتطوير في المجال العلمي,63,1337,1260,77,310,297,13,1647,2023-4
4,منطقة مكة المكرمة,صنع المنتجات الصيدلانية الأساسية والمستحضرات الصيدلانية,82,681,418,263,963,924,39,1644,2023-10
3,منطقة الحدود الشمالية,أنشطة الخدمات الشخصية الأخرى,648,94,30,64,1546,1392,154,1640,2023-7
3,المنطقة الشرقية,النقل المائي,83,994,769,225,642,624,18,1636,2023-7
4,منطقة القصيم,أنشطة المعمارية والهندسية ، والاختبارات الفنية والتحليل,270,593,390,203,1042,1036,6,1635,2023-10
4,منطقة مكة المكرمة,أنشطة المنظمات ذات العضوية,303,876,497,379,758,721,37,1634,2023-10
1,منطقة القصيم,إصلاح وتركيب الآلات والمعدات,278,225,158,67,1408,1406,2,1633,2023-1
2,منطقة عسير,التخزين وأنشطة الدعم للنقل,183,348,237,111,1282,1281,1,1630,2023-4
1,منطقة مكة المكرمة,البحث والتطوير في المجال العلمي,58,1300,1228,72,326,314,12,1626,2023-1
1,المنطقة الشرقية,الإدارة العامة والدفاع ؛ والضمان الاجتماعي الإلزامي,102,1115,866,249,506,498,8,1621,2023-1
1,منطقة عسير,إصلاح أجهزة الحاسوب والسلع الشخصية والمنزلية,589,84,44,40,1533,1530,3,1617,2023-1
2,المنطقة الشرقية,النقل المائي,83,978,769,209,636,622,14,1614,2023-4
4,منطقة الباحة,أنشطة تقديم الخدمات للمباني وتجميل المواقع,55,220,103,117,1393,1342,51,1613,2023-10
4,منطقة حائل,صُنع الملبوسات,460,162,48,114,1444,1359,85,1606,2023-10
3,منطقة الرياض,صنع الحواسيب والمنتجات الإلكترونية والبصرية,123,397,219,178,1200,1193,7,1597,2023-7
1,منطقة عسير,التخزين وأنشطة الدعم للنقل,175,329,232,97,1258,1257,1,1587,2023-1
2,منطقة الجوف,التعليم,101,920,398,522,662,604,58,1582,2023-4
3,المنطقة الشرقية,صيد الأسماك وتربية المائيات,304,109,41,68,1472,1471,1,1581,2023-7
1,منطقة الحدود الشمالية,تجارة الجملة ، باستثناء المركبات ذات المحركات والدراجات النارية,456,234,137,97,1344,1342,2,1578,2023-1
3,منطقة القصيم,صُنع الخشب ومنتجات الخشب والفلين ، باستثناء الأثاث ، صُنع أصناف من القش ومواد الضفر,296,228,122,106,1348,1347,1,1576,2023-7
3,منطقة نجران,التخزين وأنشطة الدعم للنقل,530,76,37,39,1500,1494,6,1576,2023-7
4,منطقة نجران,أنشطة زراعة المحاصيل والإنتاج الحيواني والصيد والخدمات المتصلة,638,188,110,78,1386,1378,8,1574,2023-10
3,منطقة جازان,الإقامة,325,462,224,238,1112,1083,29,1574,2023-7
4,منطقة الحدود الشمالية,تجارة الجملة ، باستثناء المركبات ذات المحركات والدراجات النارية,481,238,134,104,1334,1322,12,1572,2023-10
3,منطقة المدينة المنورة,صُنع المشروبات,37,420,180,240,1148,1147,1,1568,2023-7
3,منطقة مكة المكرمة,صنع المنتجات الصيدلانية الأساسية والمستحضرات الصيدلانية,70,656,403,253,909,874,35,1565,2023-7
2,منطقة الحدود الشمالية,النقل البري و النقل عبر الأنابيب,377,187,90,97,1377,1377,0,1564,2023-4
1,منطقة المدينة المنورة,الأنشطة العقارية,347,467,307,160,1095,1082,13,1562,2023-1
2,المنطقة الشرقية,الإدارة العامة والدفاع ؛ والضمان الاجتماعي الإلزامي,91,1070,828,242,491,483,8,1561,2023-4
4,منطقة الحدود الشمالية,النقل البري و النقل عبر الأنابيب,382,178,93,85,1376,1376,0,1554,2023-10
1,منطقة مكة المكرمة,أنشطة خدمات دعم التعدين,45,634,444,190,919,913,6,1553,2023-1
2,منطقة مكة المكرمة,صنع المنتجات الصيدلانية الأساسية والمستحضرات الصيدلانية,62,663,403,260,889,855,34,1552,2023-4
3,منطقة الحدود الشمالية,النقل البري و النقل عبر الأنابيب,375,175,86,89,1373,1373,0,1548,2023-7
2,منطقة حائل,صُنع الملبوسات,449,126,30,96,1420,1328,92,1546,2023-4
3,المنطقة الشرقية,الأنشطة المساعدة لأنشطة الخدمات المالية وأنشطة التأمين,79,1150,598,552,391,373,18,1541,2023-7
4,منطقة عسير,إصلاح أجهزة الحاسوب والسلع الشخصية والمنزلية,592,88,53,35,1453,1447,6,1541,2023-10
1,منطقة القصيم,الإقامة,166,412,268,144,1129,1124,5,1541,2023-1
4,المنطقة الشرقية,الأنشطة المساعدة لأنشطة الخدمات المالية وأنشطة التأمين,78,1180,622,558,360,338,22,1540,2023-10
4,منطقة جازان,الإقامة,318,415,208,207,1122,1099,23,1537,2023-10
4,منطقة عسير,التخزين وأنشطة الدعم للنقل,245,327,218,109,1207,1205,2,1534,2023-10
1,منطقة حائل,صُنع الملبوسات,441,121,31,90,1409,1320,89,1530,2023-1
2,منطقة المدينة المنورة,الأنشطة العقارية,352,454,304,150,1066,1053,13,1520,2023-4
3,منطقة حائل,التعليم,179,829,280,549,690,663,27,1519,2023-7
1,منطقة عسير,أنشطة العمل الاجتماعي، دون إقامة,194,1058,538,520,458,416,42,1516,2023-1
2,منطقة عسير,إصلاح أجهزة الحاسوب والسلع الشخصية والمنزلية,569,86,50,36,1430,1425,5,1516,2023-4
4,منطقة عسير,إصلاح وتركيب الآلات والمعدات,307,201,124,77,1314,1312,2,1515,2023-10
3,منطقة عسير,إصلاح أجهزة الحاسوب والسلع الشخصية والمنزلية,578,86,46,40,1427,1422,5,1513,2023-7
1,المنطقة الشرقية,الأنشطة المهنية والعلمية والتقنية الأخرى,264,597,348,249,916,836,80,1513,2023-1
1,منطقة القصيم,صُنع الخشب ومنتجات الخشب والفلين ، باستثناء الأثاث ، صُنع أصناف من القش ومواد الضفر,296,218,115,103,1289,1289,0,1507,2023-1
3,المنطقة الشرقية,الإدارة العامة والدفاع ؛ والضمان الاجتماعي الإلزامي,86,1040,791,249,463,455,8,1503,2023-7
2,منطقة جازان,أنشطة تقديم الخدمات للمباني وتجميل المواقع,330,177,91,86,1321,1295,26,1498,2023-4
3,منطقة الحدود الشمالية,تجارة الجملة ، باستثناء المركبات ذات المحركات والدراجات النارية,447,214,124,90,1284,1282,2,1498,2023-7
4,منطقة جازان,التعليم,155,880,229,651,618,503,115,1498,2023-10
4,المنطقة الشرقية,الإدارة العامة والدفاع ؛ والضمان الاجتماعي الإلزامي,79,1039,791,248,458,449,9,1497,2023-10
2,منطقة نجران,إصلاح أجهزة الحاسوب والسلع الشخصية والمنزلية,255,17,7,10,1478,1475,3,1495,2023-4
1,منطقة تبوك,الهندسة المدنية,103,269,144,125,1224,1223,1,1493,2023-1
3,منطقة مكة المكرمة,أنشطة خدمات دعم التعدين,46,489,319,170,1003,997,6,1492,2023-7
3,المنطقة الشرقية,أنشطة المكاتب الرئيسية، والأنشطة الاستشارية في مجال الإدارة,178,666,378,288,824,792,32,1490,2023-7
1,منطقة نجران,أنشطة زراعة المحاصيل والإنتاج الحيواني والصيد والخدمات المتصلة,724,44,24,20,1446,1440,6,1490,2023-1
2,المنطقة الشرقية,الأنشطة المساعدة لأنشطة الخدمات المالية وأنشطة التأمين,79,1098,569,529,389,371,18,1487,2023-4
4,منطقة حائل,التعليم,197,748,236,512,724,701,23,1472,2023-10
2,منطقة القصيم,صُنع الخشب ومنتجات الخشب والفلين ، باستثناء الأثاث ، صُنع أصناف من القش ومواد الضفر,289,206,116,90,1265,1265,0,1471,2023-4
3,منطقة حائل,صُنع الملبوسات,449,119,26,93,1352,1266,86,1471,2023-7
1,منطقة الجوف,الأنشطة الإيجارية,628,60,41,19,1409,1398,11,1469,2023-1
2,منطقة القصيم,الإقامة,161,379,248,131,1089,1084,5,1468,2023-4
2,منطقة مكة المكرمة,أنشطة خدمات دعم التعدين,44,506,336,170,961,955,6,1467,2023-4
3,منطقة جازان,التعليم,153,856,219,637,606,498,108,1462,2023-7
2,منطقة تبوك,صيد الأسماك وتربية المائيات,493,37,21,16,1423,1419,4,1460,2023-4
1,منطقة مكة المكرمة,أنشطة خدمات المعلومات,176,659,270,389,801,754,47,1460,2023-1
3,منطقة نجران,أنشطة زراعة المحاصيل والإنتاج الحيواني والصيد والخدمات المتصلة,661,70,35,35,1380,1375,5,1450,2023-7
3,منطقة الرياض,أنشطة خدمات دعم التعدين,67,868,673,195,576,573,3,1444,2023-7
1,منطقة حائل,التعليم,155,799,301,498,644,619,25,1443,2023-1
4,منطقة المدينة المنورة,تجميع المياه ومعالجتها وتوصيلها,78,974,941,33,466,466,0,1440,2023-10
2,منطقة الجوف,صيد الأسماك وتربية المائيات,630,26,18,8,1413,1403,10,1439,2023-4
2,منطقة الجوف,الأنشطة الإيجارية,615,78,62,16,1359,1347,12,1437,2023-4
1,منطقة تبوك,صيد الأسماك وتربية المائيات,490,40,18,22,1397,1393,4,1437,2023-1
4,منطقة القصيم,تجميع المياه ومعالجتها وتوصيلها,110,264,174,90,1166,1123,43,1430,2023-10
3,منطقة المدينة المنورة,الأنشطة العقارية,379,409,266,143,1020,1007,13,1429,2023-7
2,المنطقة الشرقية,الأنشطة المهنية والعلمية والتقنية الأخرى,257,568,328,240,859,779,80,1427,2023-4
2,المنطقة الشرقية,أنشطة المكاتب الرئيسية، والأنشطة الاستشارية في مجال الإدارة,163,655,373,282,768,735,33,1423,2023-4
1,المنطقة الشرقية,الأنشطة المساعدة لأنشطة الخدمات المالية وأنشطة التأمين,77,1028,525,503,393,374,19,1421,2023-1
4,المنطقة الشرقية,صيد الأسماك وتربية المائيات,285,111,42,69,1309,1309,0,1420,2023-10
2,منطقة الرياض,صنع فحم الكوك والمنتجات النفطية المكررة,78,476,282,194,940,935,5,1416,2023-4
3,منطقة القصيم,أنشطة المعمارية والهندسية ، والاختبارات الفنية والتحليل,217,546,353,193,869,862,7,1415,2023-7
1,منطقة الجوف,أنشطة تقديم الخدمات للمباني وتجميل المواقع,216,277,117,160,1136,1124,12,1413,2023-1
3,منطقة جازان,أنشطة تقديم الخدمات للمباني وتجميل المواقع,317,171,91,80,1242,1214,28,1413,2023-7
3,منطقة عسير,إصلاح وتركيب الآلات والمعدات,281,184,118,66,1228,1227,1,1412,2023-7
4,منطقة تبوك,الإقامة,158,519,266,253,890,873,17,1409,2023-10
1,منطقة حائل,صنع منتجات المعادن المشكلة ( باستثناء الآلات والمعدات ),296,212,100,112,1194,1191,3,1406,2023-1
1,المنطقة الشرقية,أنشطة المكاتب الرئيسية، والأنشطة الاستشارية في مجال الإدارة,157,639,374,265,767,734,33,1406,2023-1
4,منطقة المدينة المنورة,إصلاح وتركيب الآلات والمعدات,380,247,160,87,1157,1153,4,1404,2023-10
3,منطقة القصيم,الإقامة,166,373,241,132,1031,1025,6,1404,2023-7
3,منطقة تبوك,الإقامة,157,510,277,233,892,876,16,1402,2023-7
3,منطقة تبوك,الأنشطة الإيجارية,427,231,176,55,1166,1161,5,1397,2023-7
2,منطقة الجوف,أنشطة تقديم الخدمات للمباني وتجميل المواقع,210,277,121,156,1119,1108,11,1396,2023-4
4,منطقة المدينة المنورة,الأنشطة العقارية,384,377,251,126,1019,1006,13,1396,2023-10
3,منطقة المدينة المنورة,تجميع المياه ومعالجتها وتوصيلها,75,940,907,33,455,455,0,1395,2023-7
2,منطقة نجران,أنشطة زراعة المحاصيل والإنتاج الحيواني والصيد والخدمات المتصلة,681,45,21,24,1344,1339,5,1389,2023-4
3,منطقة الجوف,الأنشطة الإيجارية,583,82,56,26,1305,1294,11,1387,2023-7
2,منطقة تبوك,الأنشطة الإيجارية,432,229,175,54,1155,1151,4,1384,2023-4
2,منطقة حائل,صنع منتجات المعادن المشكلة ( باستثناء الآلات والمعدات ),297,205,93,112,1179,1176,3,1384,2023-4
2,منطقة المدينة المنورة,تجميع المياه ومعالجتها وتوصيلها,76,938,909,29,446,446,0,1384,2023-4
2,منطقة القصيم,أنشطة المعمارية والهندسية ، والاختبارات الفنية والتحليل,218,508,325,183,875,869,6,1383,2023-4
4,منطقة المدينة المنورة,الأنشطة الإدارية للمكاتب ، وأنشطة الدعم للمكاتب وغير ذلك من أنشطة الدعم للأعمال,422,317,184,133,1065,1000,65,1382,2023-10
2,منطقة تبوك,الإقامة,155,490,260,230,891,873,18,1381,2023-4
4,منطقة تبوك,الأنشطة الإيجارية,407,233,177,56,1144,1139,5,1377,2023-10
1,منطقة تبوك,الإقامة,150,485,263,222,890,873,17,1375,2023-1
1,منطقة الجوف,الصحة البشرية,76,501,151,350,869,472,397,1370,2023-1
4,منطقة عسير,الأنشطة الأخرى للتعدين واستغلال المحاجر,88,212,160,52,1153,1151,2,1365,2023-10
1,منطقة عسير,أنشطة المعمارية والهندسية ، والاختبارات الفنية والتحليل,317,424,288,136,940,935,5,1364,2023-1
1,منطقة الجوف,صيد الأسماك وتربية المائيات,612,48,28,20,1314,1306,8,1362,2023-1
1,منطقة القصيم,أنشطة المعمارية والهندسية ، والاختبارات الفنية والتحليل,214,486,320,166,874,871,3,1360,2023-1
4,منطقة الرياض,النقل الجوي,240,390,258,132,968,952,16,1358,2023-10
4,المنطقة الشرقية,تمويل التأمين وإعادة التأمين وصناديق المعاشات التقاعدية باستثناء الضمان الاجتماعي الإلزامي,14,1003,665,338,355,338,17,1358,2023-10
1,منطقة جازان,التعليم,153,727,232,495,630,524,106,1357,2023-1
2,منطقة عسير,أنشطة العمل الاجتماعي، دون إقامة,190,869,495,374,486,433,53,1355,2023-4
2,منطقة المدينة المنورة,صنع الأثاث,313,159,78,81,1188,1170,18,1347,2023-4
4,منطقة القصيم,الإقامة,166,357,232,125,990,983,7,1347,2023-10
2,المنطقة الشرقية,تمويل التأمين وإعادة التأمين وصناديق المعاشات التقاعدية باستثناء الضمان الاجتماعي الإلزامي,15,1010,692,318,333,320,13,1343,2023-4
1,المنطقة الشرقية,تمويل التأمين وإعادة التأمين وصناديق المعاشات التقاعدية باستثناء الضمان الاجتماعي الإلزامي,15,1002,688,314,339,325,14,1341,2023-1
4,منطقة الجوف,الأنشطة الإيجارية,566,75,53,22,1264,1252,12,1339,2023-10
1,منطقة تبوك,الأنشطة الإيجارية,445,201,149,52,1137,1134,3,1338,2023-1
3,المنطقة الشرقية,صنع المنتجات الصيدلانية الأساسية والمستحضرات الصيدلانية,35,500,340,160,837,810,27,1337,2023-7
2,منطقة الجوف,الصحة البشرية,75,488,145,343,847,472,375,1335,2023-4
2,منطقة حائل,التعليم,158,676,249,427,654,626,28,1330,2023-4
3,منطقة الجوف,أنشطة تقديم الخدمات للمباني وتجميل المواقع,207,227,109,118,1101,1089,12,1328,2023-7
3,منطقة جازان,صيد الأسماك وتربية المائيات,169,124,64,60,1204,1201,3,1328,2023-7
2,منطقة عسير,إصلاح وتركيب الآلات والمعدات,259,173,112,61,1153,1152,1,1326,2023-4
4,منطقة جازان,أنشطة تقديم الخدمات للمباني وتجميل المواقع,310,164,87,77,1157,1127,30,1321,2023-10
3,منطقة نجران,إصلاح أجهزة الحاسوب والسلع الشخصية والمنزلية,245,18,9,9,1303,1300,3,1321,2023-7
4,منطقة جازان,صنع الأثاث,443,54,30,24,1266,1262,4,1320,2023-10
2,منطقة جازان,صنع الأثاث,417,45,21,24,1274,1268,6,1319,2023-4
3,منطقة حائل,صنع منتجات المعادن المشكلة ( باستثناء الآلات والمعدات ),294,202,86,116,1117,1114,3,1319,2023-7
1,منطقة جازان,صنع الأثاث,420,46,25,21,1268,1261,7,1314,2023-1
3,منطقة المدينة المنورة,صنع الفلزات القاعدية,58,463,372,91,851,850,1,1314,2023-7
2,منطقة المدينة المنورة,صنع الفلزات القاعدية,59,434,356,78,879,878,1,1313,2023-4
4,منطقة المدينة المنورة,صنع الفلزات القاعدية,58,459,369,90,853,852,1,1312,2023-10
3,المنطقة الشرقية,تمويل التأمين وإعادة التأمين وصناديق المعاشات التقاعدية باستثناء الضمان الاجتماعي الإلزامي,14,976,655,321,334,322,12,1310,2023-7
1,منطقة الرياض,الرعاية مع الإقامة,48,954,128,826,354,211,143,1308,2023-1
3,منطقة جازان,صنع الأثاث,422,56,28,28,1251,1244,7,1307,2023-7
2,منطقة الرياض,أنشطة خدمات دعم التعدين,62,798,621,177,506,503,3,1304,2023-4
2,منطقة المدينة المنورة,الأنشطة الإدارية للمكاتب ، وأنشطة الدعم للمكاتب وغير ذلك من أنشطة الدعم للأعمال,371,342,196,146,960,903,57,1302,2023-4
4,منطقة حائل,صنع منتجات المعادن المشكلة ( باستثناء الآلات والمعدات ),293,201,85,116,1101,1097,4,1302,2023-10
2,منطقة عسير,الأنشطة العقارية,338,335,199,136,967,962,5,1302,2023-4
2,منطقة عسير,أنشطة المعمارية والهندسية ، والاختبارات الفنية والتحليل,320,385,260,125,911,906,5,1296,2023-4
1,منطقة الباحة,صنع منتجات المعادن اللافلزية الأخرى,77,255,152,103,1040,1036,4,1295,2023-1
2,منطقة المدينة المنورة,إصلاح وتركيب الآلات والمعدات,343,233,154,79,1059,1055,4,1292,2023-4
2,المنطقة الشرقية,صنع المنتجات الصيدلانية الأساسية والمستحضرات الصيدلانية,34,469,319,150,818,789,29,1287,2023-4
1,منطقة عسير,الأنشطة العقارية,334,327,201,126,960,955,5,1287,2023-1
2,منطقة جازان,التعليم,154,671,198,473,616,515,101,1287,2023-4
1,منطقة المدينة المنورة,الأنشطة الإدارية للمكاتب ، وأنشطة الدعم للمكاتب وغير ذلك من أنشطة الدعم للأعمال,352,349,208,141,937,883,54,1286,2023-1
1,منطقة مكة المكرمة,الإدارة العامة والدفاع ؛ والضمان الاجتماعي الإلزامي,243,613,344,269,669,648,21,1282,2023-1
3,منطقة المدينة المنورة,إصلاح وتركيب الآلات والمعدات,350,228,152,76,1053,1049,4,1281,2023-7
4,منطقة الجوف,الصحة البشرية,79,477,137,340,802,450,352,1279,2023-10
1,منطقة الباحة,أنشطة تقديم الخدمات للمباني وتجميل المواقع,57,179,93,86,1100,1046,54,1279,2023-1
3,منطقة الباحة,أنشطة تقديم الخدمات للمباني وتجميل المواقع,54,169,84,85,1108,1056,52,1277,2023-7
1,منطقة الجوف,الهندسة المدنية,69,295,201,94,980,961,19,1275,2023-1
3,منطقة عسير,الأنشطة العقارية,356,329,177,152,945,939,6,1274,2023-7
3,منطقة عسير,أنشطة المعمارية والهندسية ، والاختبارات الفنية والتحليل,319,379,252,127,891,886,5,1270,2023-7
4,منطقة عسير,أنشطة المعمارية والهندسية ، والاختبارات الفنية والتحليل,325,349,228,121,915,910,5,1264,2023-10
2,منطقة الباحة,صنع منتجات المعادن اللافلزية الأخرى,80,257,143,114,1005,1003,2,1262,2023-4
1,منطقة المدينة المنورة,تجميع المياه ومعالجتها وتوصيلها,77,803,775,28,458,458,0,1261,2023-1
2,منطقة الباحة,أنشطة تقديم الخدمات للمباني وتجميل المواقع,59,175,84,91,1085,1033,52,1260,2023-4
2,منطقة مكة المكرمة,الإدارة العامة والدفاع ؛ والضمان الاجتماعي الإلزامي,224,637,355,282,618,601,17,1255,2023-4
1,المنطقة الشرقية,صنع المنتجات الصيدلانية الأساسية والمستحضرات الصيدلانية,26,440,293,147,809,780,29,1249,2023-1
4,منطقة الرياض,الرعاية مع الإقامة,47,843,176,667,404,246,158,1247,2023-10
4,منطقة مكة المكرمة,صنع الحواسيب والمنتجات الإلكترونية والبصرية,134,357,214,143,884,878,6,1241,2023-10
3,منطقة الجوف,الصحة البشرية,77,454,133,321,787,436,351,1241,2023-7
4,منطقة جازان,إصلاح وتركيب الآلات والمعدات,411,83,46,37,1154,1154,0,1237,2023-10
1,منطقة الرياض,أنشطة خدمات دعم التعدين,60,766,594,172,470,468,2,1236,2023-1
2,منطقة مكة المكرمة,صنع الحواسيب والمنتجات الإلكترونية والبصرية,142,336,208,128,900,894,6,1236,2023-4
4,منطقة عسير,الأنشطة العقارية,361,353,169,184,879,870,9,1232,2023-10
1,منطقة عسير,صُنع الخشب ومنتجات الخشب والفلين ، باستثناء الأثاث ، صُنع أصناف من القش ومواد الضفر,334,139,67,72,1086,1083,3,1225,2023-1
3,منطقة المدينة المنورة,الأنشطة الإدارية للمكاتب ، وأنشطة الدعم للمكاتب وغير ذلك من أنشطة الدعم للأعمال,382,324,177,147,900,843,57,1224,2023-7
1,منطقة الرياض,صنع فحم الكوك والمنتجات النفطية المكررة,76,389,245,144,834,830,4,1223,2023-1
4,منطقة الباحة,أنشطة الخدمات الشخصية الأخرى,545,85,41,44,1136,1048,88,1221,2023-10
4,منطقة نجران,الأنشطة الأخرى للتعدين واستغلال المحاجر,34,197,66,131,1023,1016,7,1220,2023-10
1,منطقة نجران,صُنع الملبوسات,438,81,23,58,1139,1069,70,1220,2023-1
2,منطقة نجران,صُنع الملبوسات,432,92,17,75,1127,1060,67,1219,2023-4
1,منطقة عسير,إصلاح وتركيب الآلات والمعدات,250,144,88,56,1073,1071,2,1217,2023-1
2,منطقة عسير,صُنع الخشب ومنتجات الخشب والفلين ، باستثناء الأثاث ، صُنع أصناف من القش ومواد الضفر,329,145,69,76,1069,1067,2,1214,2023-4
1,منطقة الحدود الشمالية,صنع منتجات المعادن اللافلزية الأخرى,62,375,301,74,839,838,1,1214,2023-1
1,منطقة المدينة المنورة,إصلاح وتركيب الآلات والمعدات,333,216,146,70,990,988,2,1206,2023-1
4,منطقة نجران,إصلاح أجهزة الحاسوب والسلع الشخصية والمنزلية,239,14,7,7,1189,1186,3,1203,2023-10
3,منطقة مكة المكرمة,صنع الحواسيب والمنتجات الإلكترونية والبصرية,137,350,214,136,850,843,7,1200,2023-7
3,منطقة جازان,إصلاح وتركيب الآلات والمعدات,385,89,38,51,1109,1109,0,1198,2023-7
2,منطقة الحدود الشمالية,صنع منتجات المعادن اللافلزية الأخرى,60,374,293,81,819,818,1,1193,2023-4
1,منطقة تبوك,صنع منتجات المعادن المشكلة ( باستثناء الآلات والمعدات ),262,153,85,68,1039,1036,3,1192,2023-1
2,منطقة تبوك,صُنع المواد الكيميائية والمنتجات الكيميائية,29,441,252,189,750,748,2,1191,2023-4
3,منطقة عسير,صُنع الخشب ومنتجات الخشب والفلين ، باستثناء الأثاث ، صُنع أصناف من القش ومواد الضفر,330,138,59,79,1052,1050,2,1190,2023-7
1,منطقة عسير,الأنشطة الرياضية وأنشطة التسلية والترفيه,210,373,116,257,817,735,82,1190,2023-1
1,منطقة تبوك,صُنع المواد الكيميائية والمنتجات الكيميائية,30,437,259,178,753,750,3,1190,2023-1
2,منطقة جازان,إصلاح وتركيب الآلات والمعدات,375,85,34,51,1103,1102,1,1188,2023-4
1,منطقة المدينة المنورة,صنع الأثاث,317,113,70,43,1073,1068,5,1186,2023-1
1,منطقة جازان,صُنع المشروبات,35,274,169,105,910,910,0,1184,2023-1
4,منطقة تبوك,صُنع المواد الكيميائية والمنتجات الكيميائية,28,439,254,185,744,740,4,1183,2023-10
3,منطقة تبوك,صُنع المواد الكيميائية والمنتجات الكيميائية,29,437,249,188,742,739,3,1179,2023-7
3,منطقة جازان,صُنع المشروبات,30,304,187,117,875,875,0,1179,2023-7
2,منطقة عسير,الأنشطة الأخرى للتعدين واستغلال المحاجر,89,194,151,43,985,982,3,1179,2023-4
4,منطقة عسير,صُنع الخشب ومنتجات الخشب والفلين ، باستثناء الأثاث ، صُنع أصناف من القش ومواد الضفر,334,124,56,68,1052,1051,1,1176,2023-10
3,منطقة نجران,صُنع الملبوسات,419,81,22,59,1093,1032,61,1174,2023-7
2,منطقة تبوك,صنع منتجات المعادن المشكلة ( باستثناء الآلات والمعدات ),261,165,89,76,1001,998,3,1166,2023-4
3,منطقة الرياض,الرعاية مع الإقامة,46,802,168,634,363,215,148,1165,2023-7
4,منطقة جازان,صُنع المشروبات,31,280,171,109,882,882,0,1162,2023-10
3,منطقة الحدود الشمالية,صنع منتجات المعادن اللافلزية الأخرى,60,348,264,84,812,811,1,1160,2023-7
3,منطقة الباحة,أنشطة الخدمات الشخصية الأخرى,519,80,41,39,1080,1002,78,1160,2023-7
2,منطقة جازان,صُنع المشروبات,34,270,165,105,889,889,0,1159,2023-4
4,منطقة نجران,صُنع الملبوسات,428,59,16,43,1099,1046,53,1158,2023-10
4,منطقة القصيم,صنع منتجات المطاط واللدائن,56,301,144,157,854,852,2,1155,2023-10
4,منطقة الجوف,صُنع المنتجات الغذائية,233,201,130,71,949,947,2,1150,2023-10
4,منطقة الحدود الشمالية,صنع منتجات المعادن اللافلزية الأخرى,62,346,266,80,804,803,1,1150,2023-10
2,منطقة الباحة,أنشطة الخدمات الشخصية الأخرى,519,82,43,39,1066,997,69,1148,2023-4
4,منطقة تبوك,التخزين وأنشطة الدعم للنقل,152,241,127,114,904,900,4,1145,2023-10
1,منطقة جازان,إصلاح وتركيب الآلات والمعدات,367,72,33,39,1072,1071,1,1144,2023-1
1,منطقة الباحة,أنشطة الخدمات الشخصية الأخرى,516,80,42,38,1063,997,66,1143,2023-1
3,منطقة عسير,الأنشطة الأخرى للتعدين واستغلال المحاجر,87,176,134,42,965,962,3,1141,2023-7
3,منطقة المدينة المنورة,صنع الأثاث,328,105,69,36,1034,1028,6,1139,2023-7
1,منطقة الرياض,الأنشطة الإبداعية والفنون وأنشطة الترفيه,117,423,257,166,716,681,35,1139,2023-1
3,منطقة مكة المكرمة,الإدارة العامة والدفاع ؛ والضمان الاجتماعي الإلزامي,204,559,315,244,576,559,17,1135,2023-7
4,منطقة الباحة,صنع منتجات المعادن اللافلزية الأخرى,78,232,133,99,903,897,6,1135,2023-10
2,منطقة عسير,الأنشطة الرياضية وأنشطة التسلية والترفيه,207,337,114,223,796,714,82,1133,2023-4
4,منطقة تبوك,صنع منتجات المعادن المشكلة ( باستثناء الآلات والمعدات ),275,147,82,65,984,982,2,1131,2023-10
4,منطقة المدينة المنورة,صنع الأثاث,332,105,66,39,1024,1016,8,1129,2023-10
3,منطقة الباحة,صنع منتجات المعادن اللافلزية الأخرى,79,206,123,83,922,920,2,1128,2023-7
3,منطقة الرياض,البحث والتطوير في المجال العلمي,117,629,335,294,497,445,52,1126,2023-7
3,منطقة عسير,الأنشطة الرياضية وأنشطة التسلية والترفيه,212,356,118,238,768,684,84,1124,2023-7
4,منطقة عسير,الأنشطة الرياضية وأنشطة التسلية والترفيه,217,358,109,249,764,683,81,1122,2023-10
3,منطقة تبوك,صنع منتجات المعادن المشكلة ( باستثناء الآلات والمعدات ),259,140,75,65,973,970,3,1113,2023-7
4,منطقة الجوف,صنع منتجات المعادن المشكلة ( باستثناء الآلات والمعدات ),346,91,48,43,1018,1016,2,1109,2023-10
1,منطقة مكة المكرمة,الاتصالات,268,390,220,170,718,702,16,1108,2023-1
1,المنطقة الشرقية,أنشطة البريد ونقل الرسائل والطرود بواسطة مندوبين,39,404,274,130,703,699,4,1107,2023-1
4,منطقة حائل,أنشطة المعمارية والهندسية ، والاختبارات الفنية والتحليل,260,184,101,83,921,915,6,1105,2023-10
1,منطقة مكة المكرمة,النقل المائي,164,409,269,140,694,683,11,1103,2023-1
4,منطقة الجوف,أنشطة تقديم الخدمات للمباني وتجميل المواقع,186,189,75,114,914,898,16,1103,2023-10
4,منطقة جازان,صيد الأسماك وتربية المائيات,171,84,43,41,1019,1017,2,1103,2023-10
3,منطقة نجران,التعليم,127,609,242,367,492,478,14,1101,2023-7
4,المنطقة الشرقية,صنع المنتجات الصيدلانية الأساسية والمستحضرات الصيدلانية,37,386,256,130,712,689,23,1098,2023-10
1,منطقة نجران,التعليم,120,634,241,393,461,448,13,1095,2023-1
2,منطقة المدينة المنورة,صُنع المشروبات,32,282,114,168,810,809,1,1092,2023-4
2,منطقة عسير,أنشطة الأمن والتحقيقات,15,1082,1020,62,9,9,0,1091,2023-4
4,منطقة مكة المكرمة,الاتصالات,273,372,199,173,718,695,23,1090,2023-10
3,منطقة الجوف,صُنع المنتجات الغذائية,221,207,132,75,882,881,1,1089,2023-7
1,منطقة عسير,أنشطة الأمن والتحقيقات,13,1080,1044,36,9,9,0,1089,2023-1
3,منطقة المدينة المنورة,صُنع المنسوجات,172,206,117,89,883,873,10,1089,2023-7
1,منطقة المدينة المنورة,صُنع المشروبات,34,269,117,152,816,814,2,1085,2023-1
3,المنطقة الشرقية,صنع الحواسيب والمنتجات الإلكترونية والبصرية,77,380,257,123,703,701,2,1083,2023-7
3,منطقة مكة المكرمة,الاتصالات,269,369,202,167,713,688,25,1082,2023-7
1,المنطقة الشرقية,أنشطة خدمات المعلومات,67,743,395,348,336,328,8,1079,2023-1
2,منطقة مكة المكرمة,الاتصالات,269,353,200,153,725,704,21,1078,2023-4
4,منطقة المدينة المنورة,صُنع المنسوجات,172,194,121,73,882,871,11,1076,2023-10
2,منطقة القصيم,صنع منتجات المطاط واللدائن,41,303,170,133,771,769,2,1074,2023-4
2,المنطقة الشرقية,صنع الحواسيب والمنتجات الإلكترونية والبصرية,72,350,232,118,724,722,2,1074,2023-4
4,منطقة القصيم,صُنع الورق ومنتجات الورق,46,248,128,120,813,811,2,1061,2023-10
2,المنطقة الشرقية,أنشطة خدمات المعلومات,66,724,388,336,337,329,8,1061,2023-4
4,منطقة مكة المكرمة,الإدارة العامة والدفاع ؛ والضمان الاجتماعي الإلزامي,180,538,301,237,523,508,15,1061,2023-10
2,منطقة الرياض,البحث والتطوير في المجال العلمي,116,589,316,273,470,418,52,1059,2023-4
4,منطقة نجران,التعليم,141,514,167,347,545,522,23,1059,2023-10
4,منطقة الرياض,البحث والتطوير في المجال العلمي,114,564,313,251,494,436,58,1058,2023-10
2,منطقة الرياض,صنع الحواسيب والمنتجات الإلكترونية والبصرية,109,290,149,141,765,759,6,1055,2023-4
2,منطقة الجوف,الهندسة المدنية,66,251,177,74,799,782,17,1050,2023-4
3,منطقة مكة المكرمة,النقل المائي,166,415,262,153,634,625,9,1049,2023-7
4,منطقة مكة المكرمة,النقل المائي,173,395,241,154,651,639,12,1046,2023-10
2,منطقة المدينة المنورة,صُنع المنسوجات,174,174,100,74,865,855,10,1039,2023-4
1,منطقة المدينة المنورة,صُنع المنسوجات,169,178,109,69,861,851,10,1039,2023-1
2,منطقة نجران,التعليم,121,553,237,316,485,472,13,1038,2023-4
1,منطقة نجران,صنع منتجات المعادن المشكلة ( باستثناء الآلات والمعدات ),358,54,21,33,984,982,2,1038,2023-1
1,المنطقة الشرقية,صنع الحواسيب والمنتجات الإلكترونية والبصرية,71,312,205,107,723,721,2,1035,2023-1
1,منطقة القصيم,صنع منتجات المطاط واللدائن,30,282,168,114,746,744,2,1028,2023-1
3,منطقة نجران,صنع منتجات المعادن المشكلة ( باستثناء الآلات والمعدات ),351,68,29,39,960,960,0,1028,2023-7
2,منطقة نجران,صنع منتجات المعادن المشكلة ( باستثناء الآلات والمعدات ),358,63,24,39,965,963,2,1028,2023-4
4,منطقة نجران,صنع منتجات المعادن المشكلة ( باستثناء الآلات والمعدات ),359,63,27,36,958,957,1,1021,2023-10
3,منطقة عسير,أنشطة الأمن والتحقيقات,14,1011,967,44,8,8,0,1019,2023-7
1,منطقة المدينة المنورة,صنع المعدات الكهربائية,54,240,182,58,774,772,2,1014,2023-1
2,منطقة مكة المكرمة,النقل المائي,163,386,242,144,623,613,10,1009,2023-4
3,منطقة الجوف,الهندسة المدنية,60,254,185,69,754,739,15,1008,2023-7
4,منطقة عسير,أنشطة جمع النفايات ومعالجتها وتصريفها ، واسترجاع المواد,33,171,95,76,833,832,1,1004,2023-10
1,منطقة الرياض,البحث والتطوير في المجال العلمي,116,545,294,251,457,407,50,1002,2023-1
1,منطقة الجوف,صنع منتجات المعادن المشكلة ( باستثناء الآلات والمعدات ),339,64,49,15,937,936,1,1001,2023-1
4,منطقة الرياض,الأنشطة البيطرية,132,305,114,191,694,618,76,999,2023-10
1,منطقة الحدود الشمالية,الصحة البشرية,58,327,84,243,666,360,306,993,2023-1
2,منطقة الحدود الشمالية,الصحة البشرية,55,329,80,249,658,353,305,987,2023-4
4,منطقة الحدود الشمالية,الصحة البشرية,61,319,85,234,667,360,307,986,2023-10
1,منطقة الجوف,صُنع المنتجات الغذائية,214,169,117,52,816,815,1,985,2023-1
4,منطقة القصيم,أنشطة الاستخدام,123,183,72,111,802,326,476,985,2023-10
4,منطقة الجوف,الهندسة المدنية,60,222,163,59,758,744,14,980,2023-10
2,منطقة الجوف,صُنع المنتجات الغذائية,216,176,117,59,803,802,1,979,2023-4
1,منطقة القصيم,الأنشطة الرياضية وأنشطة التسلية والترفيه,125,360,145,215,619,573,46,979,2023-1
2,منطقة الجوف,صنع منتجات المعادن المشكلة ( باستثناء الآلات والمعدات ),333,70,47,23,906,905,1,976,2023-4
1,منطقة المدينة المنورة,إصلاح أجهزة الحاسوب والسلع الشخصية والمنزلية,366,73,43,30,900,885,15,973,2023-1
3,منطقة الحدود الشمالية,الصحة البشرية,58,319,82,237,652,353,299,971,2023-7
4,منطقة مكة المكرمة,الرعاية مع الإقامة,39,693,168,525,272,184,88,965,2023-10
3,منطقة الرياض,الأنشطة البيطرية,132,306,112,194,650,583,67,956,2023-7
3,منطقة القصيم,صنع منتجات المطاط واللدائن,54,242,116,126,708,706,2,950,2023-7
3,منطقة الجوف,صنع منتجات المعادن المشكلة ( باستثناء الآلات والمعدات ),330,58,38,20,891,890,1,949,2023-7
4,منطقة عسير,أنشطة الأمن والتحقيقات,12,938,907,31,7,7,0,945,2023-10
1,المنطقة الشرقية,تعدين ركازات الفلزات,67,681,656,25,264,263,1,945,2023-1
4,منطقة عسير,صُنع المشروبات,40,264,200,64,676,676,0,940,2023-10
2,منطقة القصيم,الأنشطة الرياضية وأنشطة التسلية والترفيه,128,348,143,205,590,544,46,938,2023-4
2,منطقة عسير,صُنع المشروبات,36,255,201,54,683,683,0,938,2023-4
3,منطقة عسير,صُنع المشروبات,38,252,193,59,683,683,0,935,2023-7
3,المنطقة الشرقية,الأنشطة المهنية والعلمية والتقنية الأخرى,254,357,137,220,578,498,80,935,2023-7
4,المنطقة الشرقية,تعدين ركازات الفلزات,58,673,650,23,261,260,1,934,2023-10
4,منطقة جازان,صُنع الخشب ومنتجات الخشب والفلين ، باستثناء الأثاث ، صُنع أصناف من القش ومواد الضفر,237,102,39,63,831,826,5,933,2023-10
1,منطقة حائل,إصلاح أجهزة الحاسوب والسلع الشخصية والمنزلية,320,57,27,30,874,871,3,931,2023-1
3,منطقة جازان,صُنع الخشب ومنتجات الخشب والفلين ، باستثناء الأثاث ، صُنع أصناف من القش ومواد الضفر,226,108,49,59,822,819,3,930,2023-7
2,المنطقة الشرقية,تعدين ركازات الفلزات,58,675,653,22,255,254,1,930,2023-4
4,المنطقة الشرقية,أنشطة خدمات المعلومات,62,715,321,394,214,205,9,929,2023-10
2,منطقة المدينة المنورة,إصلاح أجهزة الحاسوب والسلع الشخصية والمنزلية,366,86,47,39,843,828,15,929,2023-4
4,منطقة مكة المكرمة,أنشطة النشر,146,338,164,174,588,569,19,926,2023-10
3,منطقة تبوك,التخزين وأنشطة الدعم للنقل,133,220,114,106,706,702,4,926,2023-7
4,منطقة الرياض,النقل المائي,145,356,253,103,569,556,13,925,2023-10
3,المنطقة الشرقية,تعدين ركازات الفلزات,58,669,647,22,253,252,1,922,2023-7
4,المنطقة الشرقية,الأنشطة المهنية والعلمية والتقنية الأخرى,258,323,112,211,596,508,88,919,2023-10
1,منطقة عسير,صُنع المشروبات,36,238,186,52,681,681,0,919,2023-1
3,منطقة عسير,أنشطة جمع النفايات ومعالجتها وتصريفها ، واسترجاع المواد,28,212,119,93,706,706,0,918,2023-7
2,منطقة الرياض,الأنشطة البيطرية,123,306,120,186,611,550,61,917,2023-4
3,منطقة القصيم,الأنشطة الرياضية وأنشطة التسلية والترفيه,125,323,130,193,592,546,46,915,2023-7
1,منطقة القصيم,أنشطة الاستخدام,103,189,77,112,726,302,424,915,2023-1
3,منطقة القصيم,تجميع المياه ومعالجتها وتوصيلها,85,223,145,78,683,641,42,906,2023-7
1,منطقة المدينة المنورة,الأنشطة الرياضية وأنشطة التسلية والترفيه,141,349,129,220,556,503,53,905,2023-1
1,منطقة مكة المكرمة,صنع الحواسيب والمنتجات الإلكترونية والبصرية,145,251,187,64,652,646,6,903,2023-1
2,منطقة جازان,صُنع الخشب ومنتجات الخشب والفلين ، باستثناء الأثاث ، صُنع أصناف من القش ومواد الضفر,219,92,49,43,809,806,3,901,2023-4
3,منطقة الرياض,النقل المائي,144,350,238,112,551,543,8,901,2023-7
3,المنطقة الشرقية,أنشطة خدمات المعلومات,65,634,328,306,266,256,10,900,2023-7
3,منطقة المدينة المنورة,الأنشطة الرياضية وأنشطة التسلية والترفيه,153,395,136,259,503,458,45,898,2023-7
1,منطقة الرياض,الأنشطة البيطرية,121,300,122,178,592,536,56,892,2023-1
4,منطقة المدينة المنورة,صُنع الخشب ومنتجات الخشب والفلين ، باستثناء الأثاث ، صُنع أصناف من القش ومواد الضفر,204,129,72,57,760,760,0,889,2023-10
3,منطقة مكة المكرمة,الرعاية مع الإقامة,41,640,105,535,249,172,77,889,2023-7
1,منطقة المدينة المنورة,صنع الفلزات القاعدية,62,301,235,66,587,586,1,888,2023-1
2,منطقة حائل,إصلاح أجهزة الحاسوب والسلع الشخصية والمنزلية,314,52,29,23,835,832,3,887,2023-4
4,منطقة المدينة المنورة,إصلاح أجهزة الحاسوب والسلع الشخصية والمنزلية,369,46,27,19,839,825,14,885,2023-10
3,منطقة المدينة المنورة,إصلاح أجهزة الحاسوب والسلع الشخصية والمنزلية,352,60,37,23,823,808,15,883,2023-7
1,منطقة مكة المكرمة,الرعاية مع الإقامة,38,652,97,555,226,143,83,878,2023-1
1,منطقة المدينة المنورة,صُنع الخشب ومنتجات الخشب والفلين ، باستثناء الأثاث ، صُنع أصناف من القش ومواد الضفر,188,137,81,56,741,741,0,878,2023-1
3,منطقة نجران,الأنشطة الأخرى للتعدين واستغلال المحاجر,29,159,53,106,716,715,1,875,2023-7
2,منطقة نجران,صنع الأثاث,125,133,36,97,742,742,0,875,2023-4
4,منطقة القصيم,الأنشطة الرياضية وأنشطة التسلية والترفيه,120,304,110,194,569,522,47,873,2023-10
2,منطقة القصيم,صنع الفلزات القاعدية,81,143,95,48,727,725,2,870,2023-4
1,منطقة عسير,الأنشطة الإدارية للمكاتب ، وأنشطة الدعم للمكاتب وغير ذلك من أنشطة الدعم للأعمال,326,167,97,70,700,696,4,867,2023-1
2,منطقة المدينة المنورة,الأنشطة الرياضية وأنشطة التسلية والترفيه,148,342,131,211,524,471,53,866,2023-4
1,منطقة تبوك,التخزين وأنشطة الدعم للنقل,112,201,114,87,665,662,3,866,2023-1
4,منطقة عسير,الأنشطة الإدارية للمكاتب ، وأنشطة الدعم للمكاتب وغير ذلك من أنشطة الدعم للأعمال,343,160,89,71,704,697,7,864,2023-10
2,منطقة الرياض,الأنشطة الإبداعية والفنون وأنشطة الترفيه,117,316,156,160,547,509,38,863,2023-4
2,منطقة عسير,الأنشطة الإدارية للمكاتب ، وأنشطة الدعم للمكاتب وغير ذلك من أنشطة الدعم للأعمال,335,170,97,73,693,688,5,863,2023-4
2,منطقة المدينة المنورة,صُنع الخشب ومنتجات الخشب والفلين ، باستثناء الأثاث ، صُنع أصناف من القش ومواد الضفر,187,128,75,53,734,734,0,862,2023-4
1,منطقة نجران,صنع الأثاث,127,130,38,92,730,730,0,860,2023-1
3,منطقة المدينة المنورة,صُنع الخشب ومنتجات الخشب والفلين ، باستثناء الأثاث ، صُنع أصناف من القش ومواد الضفر,195,122,69,53,737,737,0,859,2023-7
2,منطقة القصيم,أنشطة الاستخدام,102,191,78,113,664,299,365,855,2023-4
1,منطقة الرياض,النقل المائي,138,336,229,107,519,513,6,855,2023-1
4,منطقة القصيم,صنع الفلزات القاعدية,80,148,96,52,707,705,2,855,2023-10
1,منطقة الباحة,صنع منتجات المعادن المشكلة ( باستثناء الآلات والمعدات ),348,73,47,26,781,781,0,854,2023-1
4,منطقة القصيم,صنع المنتجات الصيدلانية الأساسية والمستحضرات الصيدلانية,26,368,332,36,484,481,3,852,2023-10
3,منطقة القصيم,صنع الفلزات القاعدية,80,151,98,53,701,699,2,852,2023-7
2,منطقة تبوك,التخزين وأنشطة الدعم للنقل,114,197,116,81,655,651,4,852,2023-4
2,المنطقة الشرقية,أنشطة البريد ونقل الرسائل والطرود بواسطة مندوبين,35,358,257,101,494,490,4,852,2023-4
1,منطقة تبوك,إصلاح أجهزة الحاسوب والسلع الشخصية والمنزلية,278,52,34,18,800,797,3,852,2023-1
3,منطقة عسير,الأنشطة الإدارية للمكاتب ، وأنشطة الدعم للمكاتب وغير ذلك من أنشطة الدعم للأعمال,330,159,98,61,692,687,5,851,2023-7
2,منطقة القصيم,تجميع المياه ومعالجتها وتوصيلها,79,214,148,66,637,635,2,851,2023-4
1,منطقة القصيم,صنع المنتجات الصيدلانية الأساسية والمستحضرات الصيدلانية,14,369,336,33,478,470,8,847,2023-1
4,منطقة الحدود الشمالية,التعليم,49,495,229,266,349,295,54,844,2023-10
1,منطقة القصيم,الأنشطة الإدارية للمكاتب ، وأنشطة الدعم للمكاتب وغير ذلك من أنشطة الدعم للأعمال,257,148,85,63,695,693,2,843,2023-1
2,منطقة المدينة المنورة,وكالات السفر ومشغّلو الجولات السياحية وخدمات الحجز والأنشطة المتصلة بها,178,357,190,167,485,468,17,842,2023-4
4,منطقة نجران,أنشطة المعمارية والهندسية ، والاختبارات الفنية والتحليل,202,136,88,48,706,704,2,842,2023-10
4,منطقة الباحة,صنع منتجات المعادن المشكلة ( باستثناء الآلات والمعدات ),341,71,47,24,771,771,0,842,2023-10
4,منطقة القصيم,الأنشطة الإدارية للمكاتب ، وأنشطة الدعم للمكاتب وغير ذلك من أنشطة الدعم للأعمال,278,153,89,64,688,687,1,841,2023-10
2,منطقة الرياض,النقل المائي,137,327,225,102,512,506,6,839,2023-4
2,المنطقة الشرقية,الاتصالات,127,382,286,96,455,447,8,837,2023-4
3,منطقة القصيم,صنع المنتجات الصيدلانية الأساسية والمستحضرات الصيدلانية,20,380,343,37,456,453,3,836,2023-7
3,منطقة القصيم,أنشطة الاستخدام,113,193,78,115,639,315,324,832,2023-7
4,المنطقة الشرقية,أنشطة المعالجة وخدمات إدارة النفايات الأخرى,11,203,187,16,629,628,1,832,2023-10
3,منطقة نجران,صنع الأثاث,123,148,33,115,684,684,0,832,2023-7
3,منطقة القصيم,صُنع الورق ومنتجات الورق,38,185,102,83,643,641,2,828,2023-7
1,منطقة حائل,أنشطة المعمارية والهندسية ، والاختبارات الفنية والتحليل,185,173,106,67,655,650,5,828,2023-1
3,منطقة الباحة,صنع منتجات المعادن المشكلة ( باستثناء الآلات والمعدات ),337,71,46,25,754,754,0,825,2023-7
2,منطقة الباحة,صنع منتجات المعادن المشكلة ( باستثناء الآلات والمعدات ),336,78,50,28,746,746,0,824,2023-4
4,منطقة حائل,إصلاح أجهزة الحاسوب والسلع الشخصية والمنزلية,307,37,24,13,783,780,3,820,2023-10
3,منطقة حائل,إصلاح أجهزة الحاسوب والسلع الشخصية والمنزلية,306,31,19,12,789,786,3,820,2023-7
1,منطقة الرياض,صنع الحواسيب والمنتجات الإلكترونية والبصرية,100,214,124,90,605,600,5,819,2023-1
2,منطقة القصيم,صنع المنتجات الصيدلانية الأساسية والمستحضرات الصيدلانية,16,366,332,34,451,447,4,817,2023-4
2,منطقة تبوك,صنع الأثاث,248,29,17,12,786,781,5,815,2023-4
1,منطقة عسير,أبحاث الإعلان والسوق,199,275,95,180,539,537,2,814,2023-1
4,منطقة نجران,صنع الفلزات القاعدية,34,276,244,32,533,531,2,809,2023-10
2,منطقة حائل,أنشطة المعمارية والهندسية ، والاختبارات الفنية والتحليل,180,166,94,72,643,638,5,809,2023-4
3,منطقة نجران,صنع الفلزات القاعدية,35,277,247,30,531,531,0,808,2023-7
1,منطقة نجران,صنع الفلزات القاعدية,41,260,235,25,546,546,0,806,2023-1
1,المنطقة الشرقية,الاتصالات,127,353,261,92,452,445,7,805,2023-1
1,منطقة جازان,صُنع الخشب ومنتجات الخشب والفلين ، باستثناء الأثاث ، صُنع أصناف من القش ومواد الضفر,224,67,25,42,736,733,3,803,2023-1
2,منطقة تبوك,إصلاح أجهزة الحاسوب والسلع الشخصية والمنزلية,272,34,21,13,768,765,3,802,2023-4
4,منطقة المدينة المنورة,وكالات السفر ومشغّلو الجولات السياحية وخدمات الحجز والأنشطة المتصلة بها,197,289,155,134,512,496,16,801,2023-10
4,منطقة نجران,صنع الأثاث,129,129,25,104,671,671,0,800,2023-10
3,منطقة مكة المكرمة,أنشطة النشر,136,287,160,127,510,495,15,797,2023-7
2,منطقة القصيم,الأنشطة الإدارية للمكاتب ، وأنشطة الدعم للمكاتب وغير ذلك من أنشطة الدعم للأعمال,261,142,76,66,654,653,1,796,2023-4
4,المنطقة الشرقية,أنشطة المنظمات ذات العضوية,83,458,195,263,336,307,29,794,2023-10
2,منطقة الباحة,الصحة البشرية,58,294,94,200,500,219,281,794,2023-4
1,منطقة القصيم,صنع الفلزات القاعدية,84,98,64,34,695,693,2,793,2023-1
2,منطقة نجران,صنع الفلزات القاعدية,36,266,240,26,527,527,0,793,2023-4
1,منطقة تبوك,صنع الأثاث,243,30,14,16,763,758,5,793,2023-1
4,منطقة تبوك,إصلاح أجهزة الحاسوب والسلع الشخصية والمنزلية,271,38,23,15,753,750,3,791,2023-10
2,منطقة مكة المكرمة,أنشطة النشر,130,261,138,123,528,514,14,789,2023-4
3,منطقة حائل,أنشطة المعمارية والهندسية ، والاختبارات الفنية والتحليل,178,159,90,69,627,622,5,786,2023-7
4,منطقة المدينة المنورة,أنشطة جمع النفايات ومعالجتها وتصريفها ، واسترجاع المواد,34,232,113,119,553,551,2,785,2023-10
4,منطقة المدينة المنورة,الأنشطة الرياضية وأنشطة التسلية والترفيه,156,295,98,197,489,441,48,784,2023-10
3,منطقة القصيم,الأنشطة الإدارية للمكاتب ، وأنشطة الدعم للمكاتب وغير ذلك من أنشطة الدعم للأعمال,257,145,86,59,636,635,1,781,2023-7
4,منطقة تبوك,صنع الأثاث,254,32,15,17,749,746,3,781,2023-10
3,منطقة تبوك,صنع الأثاث,245,43,15,28,735,732,3,778,2023-7
3,منطقة الباحة,الصحة البشرية,56,287,92,195,491,207,284,778,2023-7
4,منطقة جازان,إصلاح أجهزة الحاسوب والسلع الشخصية والمنزلية,289,54,34,20,723,717,6,777,2023-10
3,منطقة تبوك,إصلاح أجهزة الحاسوب والسلع الشخصية والمنزلية,268,42,26,16,735,733,2,777,2023-7
2,منطقة عسير,أنشطة جمع النفايات ومعالجتها وتصريفها ، واسترجاع المواد,28,188,108,80,586,586,0,774,2023-4
1,منطقة الباحة,الصحة البشرية,57,272,97,175,500,217,283,772,2023-1
2,منطقة عسير,أبحاث الإعلان والسوق,184,257,92,165,513,512,1,770,2023-4
2,منطقة المدينة المنورة,أبحاث الإعلان والسوق,267,179,84,95,590,578,12,769,2023-4
4,منطقة المدينة المنورة,أبحاث الإعلان والسوق,264,174,79,95,595,583,12,769,2023-10
3,منطقة الحدود الشمالية,التعليم,46,476,226,250,291,254,37,767,2023-7
4,منطقة القصيم,أبحاث الإعلان والسوق,207,212,81,131,555,551,4,767,2023-10
3,منطقة القصيم,أبحاث الإعلان والسوق,198,211,91,120,555,549,6,766,2023-7
4,منطقة نجران,صُنع المنتجات الغذائية,209,100,49,51,665,661,4,765,2023-10
1,منطقة القصيم,أبحاث الإعلان والسوق,194,194,95,99,570,565,5,764,2023-1
4,منطقة الباحة,الصحة البشرية,55,281,90,191,483,213,270,764,2023-10
4,المنطقة الشرقية,أنشطة النشر,93,329,197,132,434,427,7,763,2023-10
3,منطقة المدينة المنورة,وكالات السفر ومشغّلو الجولات السياحية وخدمات الحجز والأنشطة المتصلة بها,185,279,152,127,483,471,12,762,2023-7
1,منطقة الحدود الشمالية,صُنع الملبوسات,290,26,12,14,734,688,46,760,2023-1
2,منطقة القصيم,صُنع الورق ومنتجات الورق,36,173,89,84,584,583,1,757,2023-4
3,منطقة المدينة المنورة,أبحاث الإعلان والسوق,267,175,81,94,581,571,10,756,2023-7
2,منطقة القصيم,أبحاث الإعلان والسوق,193,197,83,114,558,553,5,755,2023-4
3,المنطقة الشرقية,الاتصالات,121,346,251,95,406,398,8,752,2023-7
2,منطقة الجوف,صُنع الملبوسات,312,41,19,22,711,669,42,752,2023-4
1,منطقة جازان,إصلاح أجهزة الحاسوب والسلع الشخصية والمنزلية,278,38,23,15,714,712,2,752,2023-1
2,منطقة الحدود الشمالية,صُنع الملبوسات,287,25,11,14,723,678,45,748,2023-4
4,منطقة جازان,التخزين وأنشطة الدعم للنقل,152,149,95,54,598,595,3,747,2023-10
4,منطقة الحدود الشمالية,صُنع الملبوسات,291,28,10,18,717,677,40,745,2023-10
2,منطقة جازان,إصلاح أجهزة الحاسوب والسلع الشخصية والمنزلية,279,53,30,23,690,688,2,743,2023-4
2,منطقة الحدود الشمالية,صيد الأسماك وتربية المائيات,229,20,9,11,723,722,1,743,2023-4
1,منطقة الجوف,صُنع الملبوسات,309,36,17,19,706,652,54,742,2023-1
2,منطقة جازان,صنع الفلزات القاعدية,40,277,249,28,465,465,0,742,2023-4
3,منطقة الحدود الشمالية,صُنع الملبوسات,289,30,13,17,712,674,38,742,2023-7
1,منطقة مكة المكرمة,أنشطة النشر,123,243,131,112,497,488,9,740,2023-1
4,منطقة عسير,الصرف الصحي,21,126,89,37,611,611,0,737,2023-10
1,منطقة جازان,صنع الفلزات القاعدية,41,265,245,20,472,472,0,737,2023-1
4,منطقة تبوك,أنشطة المعمارية والهندسية ، والاختبارات الفنية والتحليل,129,260,161,99,477,472,5,737,2023-10
1,منطقة المدينة المنورة,أبحاث الإعلان والسوق,257,169,78,91,567,555,12,736,2023-1
3,منطقة جازان,إصلاح أجهزة الحاسوب والسلع الشخصية والمنزلية,270,53,37,16,682,679,3,735,2023-7
3,المنطقة الشرقية,أنشطة النشر,87,313,182,131,420,415,5,733,2023-7
2,منطقة الحدود الشمالية,صُنع المواد الكيميائية والمنتجات الكيميائية,9,567,547,20,164,163,1,731,2023-4
2,المنطقة الشرقية,أنشطة النشر,83,305,183,122,423,419,4,728,2023-4
3,منطقة جازان,صنع الفلزات القاعدية,39,266,240,26,462,462,0,728,2023-7
3,منطقة الحدود الشمالية,صُنع المواد الكيميائية والمنتجات الكيميائية,8,569,549,20,159,158,1,728,2023-7
3,منطقة الجوف,صُنع الملبوسات,305,37,15,22,691,653,38,728,2023-7
1,منطقة الحدود الشمالية,صُنع المواد الكيميائية والمنتجات الكيميائية,10,562,545,17,165,164,1,727,2023-1
4,منطقة الجوف,صُنع الملبوسات,311,37,17,20,690,649,41,727,2023-10
3,منطقة نجران,صُنع المنتجات الغذائية,201,86,35,51,637,634,3,723,2023-7
4,منطقة الحدود الشمالية,صُنع المواد الكيميائية والمنتجات الكيميائية,5,571,551,20,151,150,1,722,2023-10
2,منطقة الحدود الشمالية,التعليم,45,450,212,238,270,242,28,720,2023-4
3,منطقة نجران,أنشطة المعمارية والهندسية ، والاختبارات الفنية والتحليل,177,137,93,44,581,579,2,718,2023-7
3,منطقة مكة المكرمة,تعدين ركازات الفلزات,54,469,406,63,249,247,2,718,2023-7
4,منطقة جازان,أنشطة العمل الاجتماعي، دون إقامة,108,551,252,299,163,148,15,714,2023-10
1,منطقة القصيم,صُنع الورق ومنتجات الورق,34,153,83,70,561,560,1,714,2023-1
3,منطقة جازان,أنشطة العمل الاجتماعي، دون إقامة,109,572,288,284,138,128,10,710,2023-7
4,المنطقة الشرقية,الاتصالات,115,299,202,97,410,403,7,709,2023-10
2,منطقة الرياض,الرعاية مع الإقامة,45,361,70,291,346,202,144,707,2023-4
1,المنطقة الشرقية,أنشطة النشر,86,288,181,107,418,414,4,706,2023-1
1,منطقة الحدود الشمالية,التعليم,44,436,214,222,269,243,26,705,2023-1
1,منطقة المدينة المنورة,وكالات السفر ومشغّلو الجولات السياحية وخدمات الحجز والأنشطة المتصلة بها,173,218,105,113,487,474,13,705,2023-1
4,منطقة جازان,صنع الفلزات القاعدية,37,266,238,28,438,438,0,704,2023-10
1,منطقة عسير,أنشطة جمع النفايات ومعالجتها وتصريفها ، واسترجاع المواد,25,181,104,77,522,522,0,703,2023-1
1,منطقة جازان,أنشطة المعمارية والهندسية ، والاختبارات الفنية والتحليل,174,244,134,110,459,450,9,703,2023-1
4,منطقة جازان,أنشطة المعمارية والهندسية ، والاختبارات الفنية والتحليل,166,229,126,103,468,454,14,697,2023-10
2,منطقة نجران,صُنع المنتجات الغذائية,201,73,35,38,624,621,3,697,2023-4
2,منطقة حائل,إصلاح وتركيب الآلات والمعدات,89,212,122,90,483,477,6,695,2023-4
3,منطقة عسير,أبحاث الإعلان والسوق,186,234,75,159,461,460,1,695,2023-7
4,منطقة عسير,أبحاث الإعلان والسوق,195,217,77,140,477,476,1,694,2023-10
2,منطقة جازان,أنشطة المعمارية والهندسية ، والاختبارات الفنية والتحليل,174,231,130,101,455,446,9,686,2023-4
1,منطقة جازان,أنشطة العمل الاجتماعي، دون إقامة,99,533,261,272,150,139,11,683,2023-1
1,منطقة الحدود الشمالية,صيد الأسماك وتربية المائيات,223,22,12,10,659,658,1,681,2023-1
4,منطقة المدينة المنورة,صنع المعدات الكهربائية,49,192,83,109,489,488,1,681,2023-10
2,منطقة مكة المكرمة,تعدين ركازات الفلزات,52,452,397,55,220,218,2,672,2023-4
4,منطقة عسير,صنع الفلزات القاعدية,82,143,112,31,527,526,1,670,2023-10
1,منطقة نجران,صُنع المنتجات الغذائية,197,69,29,40,601,598,3,670,2023-1
4,منطقة القصيم,صناعة المركبات ذات المحركات والمركبات المقطورة ونصف المقطورة,25,189,133,56,474,474,0,663,2023-10
3,منطقة المدينة المنورة,صنع المعدات الكهربائية,51,177,78,99,483,482,1,660,2023-7
4,منطقة المدينة المنورة,الأنشطة القانونية وأنشطة المحاسبة,157,462,287,175,198,191,7,660,2023-10
1,منطقة الرياض,أنشطة البرمجة والإذاعة,76,266,152,114,393,358,35,659,2023-1
1,منطقة جازان,التخزين وأنشطة الدعم للنقل,103,151,110,41,508,505,3,659,2023-1
1,منطقة مكة المكرمة,تعدين ركازات الفلزات,49,453,399,54,203,201,2,656,2023-1
1,منطقة القصيم,الصناعة التحويلية الأخرى,33,174,78,96,477,477,0,651,2023-1
3,منطقة جازان,أنشطة المعمارية والهندسية ، والاختبارات الفنية والتحليل,168,212,113,99,437,426,11,649,2023-7
4,منطقة مكة المكرمة,تعدين ركازات الفلزات,56,375,338,37,274,269,5,649,2023-10
1,منطقة حائل,صنع الأثاث,173,57,35,22,588,587,1,645,2023-1
3,منطقة عسير,صنع الفلزات القاعدية,82,134,106,28,509,508,1,643,2023-7
3,منطقة المدينة المنورة,الأنشطة القانونية وأنشطة المحاسبة,138,449,282,167,192,186,6,641,2023-7
4,منطقة الحدود الشمالية,صُنع المنتجات الغذائية,137,73,26,47,566,566,0,639,2023-10
3,منطقة الحدود الشمالية,صُنع المنتجات الغذائية,135,67,29,38,571,571,0,638,2023-7
1,منطقة القصيم,تجميع المياه ومعالجتها وتوصيلها,75,176,131,45,457,457,0,633,2023-1
3,منطقة جازان,التخزين وأنشطة الدعم للنقل,122,131,107,24,495,490,5,626,2023-7
2,منطقة عسير,الصرف الصحي,18,113,74,39,509,509,0,622,2023-4
2,منطقة عسير,صنع الفلزات القاعدية,86,124,100,24,497,496,1,621,2023-4
3,منطقة القصيم,الصناعة التحويلية الأخرى,36,181,90,91,435,431,4,616,2023-7
4,منطقة القصيم,الصناعة التحويلية الأخرى,35,187,93,94,428,421,7,615,2023-10
1,منطقة عسير,الأنشطة الأخرى للتعدين واستغلال المحاجر,85,130,92,38,482,480,2,612,2023-1
2,منطقة الجوف,صنع منتجات المطاط واللدائن,17,130,88,42,482,482,0,612,2023-4
4,منطقة الرياض,تعدين ركازات الفلزات,57,203,107,96,408,405,3,611,2023-10
4,منطقة نجران,صنع منتجات المطاط واللدائن,25,132,44,88,479,479,0,611,2023-10
2,منطقة المدينة المنورة,صنع المعدات الكهربائية,53,135,74,61,475,474,1,610,2023-4
4,منطقة القصيم,الأنشطة الأخرى للتعدين واستغلال المحاجر,41,99,70,29,511,511,0,610,2023-10
2,منطقة القصيم,الصناعة التحويلية الأخرى,31,172,80,92,437,435,2,609,2023-4
3,منطقة الرياض,أنشطة البرمجة والإذاعة,69,235,125,110,373,336,37,608,2023-7
3,منطقة الجوف,صنع منتجات المطاط واللدائن,17,120,85,35,486,486,0,606,2023-7
4,منطقة حائل,صُنع المشروبات,13,172,61,111,434,430,4,606,2023-10
1,منطقة الباحة,النقل البري و النقل عبر الأنابيب,191,63,38,25,543,542,1,606,2023-1
4,منطقة المدينة المنورة,أنشطة الاستخدام,123,134,73,61,472,180,292,606,2023-10
3,منطقة الباحة,أنشطة العمل الاجتماعي، دون إقامة,77,461,235,226,143,126,17,604,2023-7
2,منطقة القصيم,صناعة المركبات ذات المحركات والمركبات المقطورة ونصف المقطورة,21,176,128,48,427,427,0,603,2023-4
3,منطقة عسير,الصرف الصحي,19,114,74,40,489,489,0,603,2023-7
2,منطقة الرياض,أنشطة البرمجة والإذاعة,76,226,124,102,375,343,32,601,2023-4
4,منطقة نجران,تجميع المياه ومعالجتها وتوصيلها,39,90,34,56,508,507,1,598,2023-10
1,منطقة نجران,أنشطة المعمارية والهندسية ، والاختبارات الفنية والتحليل,170,97,57,40,501,499,2,598,2023-1
3,المنطقة الشرقية,أنشطة المنظمات ذات العضوية,79,338,172,166,260,249,11,598,2023-7
4,منطقة الباحة,صُنع المنتجات الغذائية,129,88,50,38,510,509,1,598,2023-10
2,منطقة حائل,صنع الأثاث,165,58,29,29,539,538,1,597,2023-4
4,منطقة الباحة,أنشطة العمل الاجتماعي، دون إقامة,77,450,231,219,146,129,17,596,2023-10
2,منطقة نجران,تجميع المياه ومعالجتها وتوصيلها,35,89,59,30,507,504,3,596,2023-4
3,منطقة القصيم,صناعة المركبات ذات المحركات والمركبات المقطورة ونصف المقطورة,21,173,119,54,422,422,0,595,2023-7
3,منطقة جازان,الأنشطة الرياضية وأنشطة التسلية والترفيه,90,128,45,83,466,435,31,594,2023-7
1,منطقة عسير,صنع الفلزات القاعدية,85,108,91,17,486,485,1,594,2023-1
3,منطقة الباحة,النقل البري و النقل عبر الأنابيب,192,60,33,27,534,533,1,594,2023-7
2,منطقة الباحة,النقل البري و النقل عبر الأنابيب,187,57,37,20,535,534,1,592,2023-4
4,منطقة الباحة,النقل البري و النقل عبر الأنابيب,197,55,33,22,537,536,1,592,2023-10
4,منطقة المدينة المنورة,أنشطة الخدمات المالية ، فيما عدا تمويل التأمين وصناديق المعاشات,45,360,275,85,231,216,15,591,2023-10
2,منطقة المدينة المنورة,الأنشطة القانونية وأنشطة المحاسبة,122,398,249,149,191,184,7,589,2023-4
1,منطقة نجران,الإقامة,128,147,66,81,442,436,6,589,2023-1
1,منطقة الجوف,صنع منتجات المطاط واللدائن,17,135,91,44,450,450,0,585,2023-1
1,منطقة جازان,الأنشطة الرياضية وأنشطة التسلية والترفيه,84,111,41,70,474,444,30,585,2023-1
4,منطقة عسير,تجميع المياه ومعالجتها وتوصيلها,178,69,32,37,512,508,4,581,2023-10
2,منطقة جازان,الأنشطة العقارية,186,117,60,57,463,459,4,580,2023-4
3,منطقة تبوك,أنشطة المعمارية والهندسية ، والاختبارات الفنية والتحليل,113,200,110,90,380,376,4,580,2023-7
2,منطقة جازان,الأنشطة الرياضية وأنشطة التسلية والترفيه,86,116,44,72,463,433,30,579,2023-4
1,منطقة القصيم,صناعة المركبات ذات المحركات والمركبات المقطورة ونصف المقطورة,21,150,108,42,429,429,0,579,2023-1
4,منطقة جازان,الأنشطة العقارية,192,117,53,64,462,456,6,579,2023-10
1,منطقة جازان,الأنشطة العقارية,185,120,58,62,459,456,3,579,2023-1
4,منطقة الجوف,صنع منتجات المطاط واللدائن,16,125,92,33,453,453,0,578,2023-10
3,منطقة حائل,صُنع المشروبات,13,177,66,111,401,397,4,578,2023-7
2,منطقة نجران,أنشطة المعمارية والهندسية ، والاختبارات الفنية والتحليل,172,92,52,40,485,483,2,577,2023-4
2,المنطقة الشرقية,أنشطة المنظمات ذات العضوية,82,311,158,153,265,253,12,576,2023-4
2,منطقة جازان,أنشطة العمل الاجتماعي، دون إقامة,105,439,263,176,136,125,11,575,2023-4
3,منطقة حائل,أنشطة العمل الاجتماعي، دون إقامة,100,456,183,273,118,114,4,574,2023-7
1,منطقة الباحة,الهندسة المدنية,35,110,85,25,463,463,0,573,2023-1
4,منطقة المدينة المنورة,أنشطة الأمن والتحقيقات,23,543,521,22,30,30,0,573,2023-10
3,منطقة نجران,تجميع المياه ومعالجتها وتوصيلها,36,77,46,31,495,492,3,572,2023-7
2,منطقة نجران,الإقامة,130,139,60,79,433,426,7,572,2023-4
1,منطقة الحدود الشمالية,صنع منتجات المعادن المشكلة ( باستثناء الآلات والمعدات ),140,52,25,27,518,515,3,570,2023-1
3,منطقة المدينة المنورة,أنشطة الخدمات المالية ، فيما عدا تمويل التأمين وصناديق المعاشات,45,349,275,74,221,207,14,570,2023-7
2,منطقة جازان,التخزين وأنشطة الدعم للنقل,109,133,106,27,436,433,3,569,2023-4
3,منطقة الرياض,تعدين ركازات الفلزات,53,191,99,92,377,374,3,568,2023-7
3,منطقة حائل,صنع الأثاث,166,52,33,19,515,514,1,567,2023-7
1,منطقة المدينة المنورة,الأنشطة القانونية وأنشطة المحاسبة,123,375,228,147,192,185,7,567,2023-1
3,منطقة جازان,الأنشطة العقارية,191,123,57,66,443,437,6,566,2023-7
4,منطقة حائل,أنشطة العمل الاجتماعي، دون إقامة,105,417,163,254,149,145,4,566,2023-10
2,منطقة الحدود الشمالية,صنع منتجات المعادن المشكلة ( باستثناء الآلات والمعدات ),141,55,31,24,510,505,5,565,2023-4
2,منطقة مكة المكرمة,الرعاية مع الإقامة,39,341,77,264,223,153,70,564,2023-4
3,منطقة الرياض,الأنشطة الإبداعية والفنون وأنشطة الترفيه,118,213,89,124,350,310,40,563,2023-7
2,منطقة حائل,صُنع المشروبات,13,172,69,103,388,385,3,560,2023-4
4,منطقة المدينة المنورة,الصرف الصحي,39,174,148,26,386,385,1,560,2023-10
4,منطقة جازان,الأنشطة الرياضية وأنشطة التسلية والترفيه,100,131,42,89,428,397,31,559,2023-10
1,منطقة الحدود الشمالية,الأنشطة الإيجارية,208,52,41,11,507,503,4,559,2023-1
2,منطقة عسير,تجميع المياه ومعالجتها وتوصيلها,159,74,33,41,483,480,3,557,2023-4
3,منطقة المدينة المنورة,أنشطة الاستخدام,117,131,70,61,425,162,263,556,2023-7
4,منطقة الرياض,الأنشطة الإبداعية والفنون وأنشطة الترفيه,117,218,95,123,337,300,37,555,2023-10
3,منطقة الحدود الشمالية,صنع منتجات المعادن المشكلة ( باستثناء الآلات والمعدات ),144,52,26,26,502,497,5,554,2023-7
2,منطقة الحدود الشمالية,صُنع المنتجات الغذائية,137,50,26,24,503,503,0,553,2023-4
2,منطقة الحدود الشمالية,الأنشطة الإيجارية,202,60,42,18,492,489,3,552,2023-4
2,منطقة الرياض,تعدين ركازات الفلزات,53,170,94,76,381,379,2,551,2023-4
2,منطقة الباحة,أنشطة العمل الاجتماعي، دون إقامة,73,411,225,186,139,122,17,550,2023-4
1,منطقة حائل,صُنع المشروبات,13,170,74,96,379,376,3,549,2023-1
2,منطقة تبوك,أنشطة المعمارية والهندسية ، والاختبارات الفنية والتحليل,108,190,111,79,357,353,4,547,2023-4
4,منطقة عسير,صنع منتجات المطاط واللدائن,52,110,46,64,436,436,0,546,2023-10
4,منطقة المدينة المنورة,توصيل الكهرباء والغاز والبخار وتكييف الهواء,28,213,190,23,333,299,34,546,2023-10
4,منطقة نجران,توصيل الكهرباء والغاز والبخار وتكييف الهواء,10,185,177,8,361,360,1,546,2023-10
3,منطقة نجران,الإقامة,131,127,53,74,419,416,3,546,2023-7
2,منطقة الباحة,صُنع الخشب ومنتجات الخشب والفلين ، باستثناء الأثاث ، صُنع أصناف من القش ومواد الضفر,100,104,75,29,441,440,1,545,2023-4
3,منطقة الباحة,صُنع الخشب ومنتجات الخشب والفلين ، باستثناء الأثاث ، صُنع أصناف من القش ومواد الضفر,99,95,69,26,449,448,1,544,2023-7
4,منطقة نجران,الإقامة,130,129,59,70,413,410,3,542,2023-10
3,منطقة عسير,تجميع المياه ومعالجتها وتوصيلها,165,68,37,31,471,467,4,539,2023-7
1,منطقة تبوك,أنشطة المعمارية والهندسية ، والاختبارات الفنية والتحليل,106,187,116,71,352,348,4,539,2023-1
4,منطقة تبوك,إصلاح وتركيب الآلات والمعدات,182,74,53,21,464,463,1,538,2023-10
1,منطقة الحدود الشمالية,صُنع المنتجات الغذائية,127,47,27,20,490,490,0,537,2023-1
4,منطقة حائل,الإقامة,102,182,118,64,355,355,0,537,2023-10
4,منطقة جازان,أنشطة المنظمات ذات العضوية,140,254,109,145,282,277,5,536,2023-10
3,منطقة الحدود الشمالية,الأنشطة الإيجارية,193,60,48,12,476,473,3,536,2023-7
4,منطقة الباحة,صُنع الخشب ومنتجات الخشب والفلين ، باستثناء الأثاث ، صُنع أصناف من القش ومواد الضفر,98,95,67,28,441,440,1,536,2023-10
1,منطقة الباحة,أنشطة العمل الاجتماعي، دون إقامة,75,408,229,179,128,119,9,536,2023-1
4,منطقة حائل,صنع الأثاث,166,47,32,15,485,483,2,532,2023-10
2,منطقة الجوف,التخزين وأنشطة الدعم للنقل,121,125,102,23,406,405,1,531,2023-4
1,منطقة القصيم,الأنشطة الأخرى للتعدين واستغلال المحاجر,41,117,74,43,413,413,0,530,2023-1
4,منطقة الرياض,أنشطة البرمجة والإذاعة,62,164,98,66,365,323,42,529,2023-10
3,منطقة جازان,أنشطة المنظمات ذات العضوية,136,244,100,144,284,280,4,528,2023-7
1,منطقة عسير,تجميع المياه ومعالجتها وتوصيلها,157,77,38,39,450,450,0,527,2023-1
4,منطقة الجوف,التخزين وأنشطة الدعم للنقل,132,122,102,20,405,403,2,527,2023-10
3,منطقة حائل,الإقامة,100,183,127,56,341,341,0,524,2023-7
3,منطقة الجوف,التخزين وأنشطة الدعم للنقل,125,123,102,21,400,399,1,523,2023-7
4,منطقة الحدود الشمالية,صنع منتجات المعادن المشكلة ( باستثناء الآلات والمعدات ),141,54,29,25,469,465,4,523,2023-10
4,منطقة نجران,إصلاح وتركيب الآلات والمعدات,83,112,66,46,408,405,3,520,2023-10
4,منطقة الحدود الشمالية,الأنشطة الإيجارية,192,59,44,15,458,455,3,517,2023-10
2,منطقة حائل,أنشطة العمل الاجتماعي، دون إقامة,91,410,183,227,106,102,4,516,2023-4
2,منطقة حائل,الإقامة,99,169,117,52,346,346,0,515,2023-4
1,منطقة الجوف,التخزين وأنشطة الدعم للنقل,121,117,101,16,393,392,1,510,2023-1
3,منطقة الباحة,صُنع المنتجات الغذائية,121,72,40,32,437,436,1,509,2023-7
3,منطقة نجران,صنع منتجات المطاط واللدائن,23,121,40,81,388,388,0,509,2023-7
3,منطقة تبوك,إصلاح وتركيب الآلات والمعدات,169,70,54,16,438,437,1,508,2023-7
1,منطقة حائل,الإقامة,92,156,109,47,350,349,1,506,2023-1
1,منطقة الباحة,صُنع الخشب ومنتجات الخشب والفلين ، باستثناء الأثاث ، صُنع أصناف من القش ومواد الضفر,98,80,60,20,425,424,1,505,2023-1
2,منطقة جازان,أنشطة المنظمات ذات العضوية,135,226,93,133,279,274,5,505,2023-4
4,منطقة الرياض,الحراجة وقطع الأخشاب,31,86,63,23,418,414,4,504,2023-10
1,منطقة جازان,أنشطة المنظمات ذات العضوية,138,227,95,132,275,269,6,502,2023-1
2,منطقة المدينة المنورة,أنشطة الخدمات المالية ، فيما عدا تمويل التأمين وصناديق المعاشات,44,316,251,65,186,183,3,502,2023-4
1,منطقة جازان,الأنشطة الأخرى للتعدين واستغلال المحاجر,49,124,59,65,372,371,1,496,2023-1
2,منطقة القصيم,صُنع المنسوجات,109,79,58,21,417,417,0,496,2023-4
2,منطقة المدينة المنورة,أنشطة الاستخدام,110,127,70,57,368,156,212,495,2023-4
4,منطقة المدينة المنورة,صُنع الورق ومنتجات الورق,32,130,80,50,364,359,5,494,2023-10
1,منطقة القصيم,صُنع المنسوجات,102,85,59,26,409,409,0,494,2023-1
3,منطقة المدينة المنورة,الصرف الصحي,32,160,140,20,333,332,1,493,2023-7
1,منطقة الباحة,الإقامة,101,151,96,55,339,338,1,490,2023-1
2,منطقة عسير,صنع منتجات المطاط واللدائن,41,111,54,57,379,379,0,490,2023-4
4,منطقة مكة المكرمة,الأنشطة البيطرية,85,152,45,107,337,296,41,489,2023-10
1,منطقة حائل,أنشطة العمل الاجتماعي، دون إقامة,88,391,175,216,98,94,4,489,2023-1
4,منطقة القصيم,صُنع المنسوجات,130,56,32,24,430,430,0,486,2023-10
4,منطقة المدينة المنورة,صناعة الآلات والمعدات غير المصنفة في موضع أخر,28,118,75,43,368,367,1,486,2023-10
4,منطقة القصيم,صنع المعدات الكهربائية,48,97,70,27,388,386,2,485,2023-10
2,منطقة الباحة,الإقامة,97,155,93,62,330,328,2,485,2023-4
1,منطقة الباحة,صُنع المنتجات الغذائية,119,60,34,26,424,423,1,484,2023-1
1,منطقة عسير,صنع منتجات المطاط واللدائن,36,111,60,51,372,372,0,483,2023-1
4,منطقة حائل,الأنشطة الإدارية للمكاتب ، وأنشطة الدعم للمكاتب وغير ذلك من أنشطة الدعم للأعمال,205,70,24,46,413,406,7,483,2023-10
2,منطقة الباحة,صُنع المنتجات الغذائية,115,58,30,28,424,423,1,482,2023-4
1,منطقة تبوك,الأنشطة الإدارية للمكاتب ، وأنشطة الدعم للمكاتب وغير ذلك من أنشطة الدعم للأعمال,167,113,52,61,368,349,19,481,2023-1
3,منطقة مكة المكرمة,الأنشطة البيطرية,81,145,39,106,335,293,42,480,2023-7
4,منطقة عسير,الأنشطة القانونية وأنشطة المحاسبة,103,257,166,91,222,221,1,479,2023-10
2,منطقة جازان,الأنشطة الأخرى للتعدين واستغلال المحاجر,48,116,56,60,361,360,1,477,2023-4
3,منطقة عسير,صنع منتجات المطاط واللدائن,46,108,44,64,367,367,0,475,2023-7
1,منطقة الرياض,تعدين ركازات الفلزات,49,135,73,62,340,339,1,475,2023-1
1,منطقة المدينة المنورة,أنشطة الاستخدام,112,121,71,50,352,165,187,473,2023-1
2,منطقة الحدود الشمالية,الهندسة المدنية,47,74,33,41,398,398,0,472,2023-4
4,منطقة تبوك,أنشطة العمل الاجتماعي، دون إقامة,58,372,130,242,100,91,9,472,2023-10
2,منطقة مكة المكرمة,الأنشطة البيطرية,79,144,35,109,327,287,40,471,2023-4
4,منطقة تبوك,الأنشطة الإدارية للمكاتب ، وأنشطة الدعم للمكاتب وغير ذلك من أنشطة الدعم للأعمال,184,92,43,49,379,365,14,471,2023-10
1,المنطقة الشرقية,أنشطة المنظمات ذات العضوية,81,248,115,133,222,211,11,470,2023-1
3,منطقة نجران,صُنع المشروبات,9,141,101,40,326,326,0,467,2023-7
2,منطقة المدينة المنورة,صناعة الآلات والمعدات غير المصنفة في موضع أخر,29,92,58,34,375,374,1,467,2023-4
1,منطقة مكة المكرمة,الأنشطة البيطرية,77,140,37,103,327,290,37,467,2023-1
1,منطقة نجران,تجميع المياه ومعالجتها وتوصيلها,33,114,86,28,353,350,3,467,2023-1
3,منطقة المدينة المنورة,صُنع الورق ومنتجات الورق,31,119,70,49,347,342,5,466,2023-7
3,منطقة الباحة,الإقامة,95,162,99,63,304,301,3,466,2023-7
4,منطقة نجران,صُنع المشروبات,9,138,94,44,327,327,0,465,2023-10
3,منطقة عسير,الأنشطة القانونية وأنشطة المحاسبة,101,247,171,76,218,218,0,465,2023-7
4,منطقة الحدود الشمالية,الأنشطة الأخرى للتعدين واستغلال المحاجر,16,164,132,32,300,300,0,464,2023-10
3,منطقة تبوك,الأنشطة الإدارية للمكاتب ، وأنشطة الدعم للمكاتب وغير ذلك من أنشطة الدعم للأعمال,167,98,47,51,365,346,19,463,2023-7
2,منطقة تبوك,الأنشطة الإدارية للمكاتب ، وأنشطة الدعم للمكاتب وغير ذلك من أنشطة الدعم للأعمال,167,97,45,52,366,347,19,463,2023-4
2,منطقة نجران,صُنع المشروبات,9,132,98,34,331,331,0,463,2023-4
3,منطقة القصيم,صُنع المنسوجات,118,55,38,17,406,406,0,461,2023-7
1,منطقة المدينة المنورة,صناعة الآلات والمعدات غير المصنفة في موضع أخر,28,90,51,39,371,370,1,461,2023-1
2,منطقة نجران,الأنشطة الأخرى للتعدين واستغلال المحاجر,27,72,33,39,388,387,1,460,2023-4
1,منطقة نجران,صُنع المشروبات,9,132,100,32,328,328,0,460,2023-1
2,منطقة تبوك,إصلاح وتركيب الآلات والمعدات,153,66,55,11,393,392,1,459,2023-4
1,منطقة الجوف,إصلاح أجهزة الحاسوب والسلع الشخصية والمنزلية,159,20,13,7,436,436,0,456,2023-1
3,منطقة جازان,الأنشطة الأخرى للتعدين واستغلال المحاجر,50,105,59,46,349,348,1,454,2023-7
1,منطقة المدينة المنورة,أنشطة الخدمات المالية ، فيما عدا تمويل التأمين وصناديق المعاشات,47,276,225,51,176,174,2,452,2023-1
3,منطقة حائل,الأنشطة الإدارية للمكاتب ، وأنشطة الدعم للمكاتب وغير ذلك من أنشطة الدعم للأعمال,198,71,22,49,381,373,8,452,2023-7
2,منطقة المدينة المنورة,صُنع الورق ومنتجات الورق,28,113,70,43,336,334,2,449,2023-4
4,منطقة الباحة,الإقامة,96,138,85,53,309,307,2,447,2023-10
3,منطقة المدينة المنورة,صناعة الآلات والمعدات غير المصنفة في موضع أخر,29,87,48,39,359,358,1,446,2023-7
3,منطقة تبوك,أنشطة العمل الاجتماعي، دون إقامة,57,375,143,232,71,66,5,446,2023-7
3,منطقة المدينة المنورة,توصيل الكهرباء والغاز والبخار وتكييف الهواء,27,207,187,20,238,229,9,445,2023-7
1,منطقة الباحة,صُنع الملبوسات,169,44,20,24,400,346,54,444,2023-1
1,منطقة حائل,الأنشطة الإدارية للمكاتب ، وأنشطة الدعم للمكاتب وغير ذلك من أنشطة الدعم للأعمال,191,62,24,38,381,373,8,443,2023-1
4,منطقة تبوك,الأنشطة العقارية,162,97,66,31,346,344,2,443,2023-10
4,منطقة القصيم,الأنشطة القانونية وأنشطة المحاسبة,132,321,187,134,122,116,6,443,2023-10
2,منطقة نجران,صنع منتجات المطاط واللدائن,18,100,29,71,341,341,0,441,2023-4
3,منطقة الحدود الشمالية,الأنشطة الأخرى للتعدين واستغلال المحاجر,14,159,130,29,279,279,0,438,2023-7
1,منطقة عسير,الأنشطة القانونية وأنشطة المحاسبة,89,225,153,72,211,211,0,436,2023-1
4,منطقة حائل,التخزين وأنشطة الدعم للنقل,138,41,27,14,395,395,0,436,2023-10
2,منطقة حائل,الأنشطة الرياضية وأنشطة التسلية والترفيه,83,145,64,81,290,284,6,435,2023-4
2,منطقة عسير,الأنشطة القانونية وأنشطة المحاسبة,95,222,154,68,212,212,0,434,2023-4
1,منطقة حائل,الأنشطة الرياضية وأنشطة التسلية والترفيه,83,124,56,68,310,303,7,434,2023-1
1,منطقة الجوف,أنشطة المعمارية والهندسية ، والاختبارات الفنية والتحليل,117,82,52,30,352,349,3,434,2023-1
4,منطقة الباحة,تجميع المياه ومعالجتها وتوصيلها,35,74,69,5,359,359,0,433,2023-10
2,منطقة الجوف,إصلاح أجهزة الحاسوب والسلع الشخصية والمنزلية,157,17,12,5,415,415,0,432,2023-4
3,منطقة الجوف,أنشطة المعمارية والهندسية ، والاختبارات الفنية والتحليل,116,89,56,33,342,340,2,431,2023-7
1,المنطقة الشرقية,الرعاية مع الإقامة,17,274,24,250,157,94,63,431,2023-1
2,منطقة الجوف,أنشطة المعمارية والهندسية ، والاختبارات الفنية والتحليل,118,79,49,30,352,349,3,431,2023-4
1,منطقة القصيم,صنع المعدات الكهربائية,41,61,33,28,369,368,1,430,2023-1
3,منطقة تبوك,الأنشطة العقارية,153,98,68,30,332,329,3,430,2023-7
2,منطقة حائل,الأنشطة الإدارية للمكاتب ، وأنشطة الدعم للمكاتب وغير ذلك من أنشطة الدعم للأعمال,194,58,25,33,370,362,8,428,2023-4
1,منطقة تبوك,الأنشطة العقارية,142,104,72,32,322,321,1,426,2023-1
2,منطقة الباحة,صُنع الملبوسات,170,46,19,27,379,337,42,425,2023-4
4,منطقة نجران,أنشطة الاستخدام,67,49,20,29,376,115,261,425,2023-10
1,منطقة المدينة المنورة,صُنع الورق ومنتجات الورق,30,93,55,38,331,326,5,424,2023-1
1,منطقة الحدود الشمالية,الهندسة المدنية,47,81,44,37,343,342,1,424,2023-1
2,منطقة القصيم,صنع المعدات الكهربائية,42,62,38,24,362,362,0,424,2023-4
1,منطقة الباحة,أنشطة المعمارية والهندسية ، والاختبارات الفنية والتحليل,114,85,48,37,337,335,2,422,2023-1
4,منطقة المدينة المنورة,أنشطة المنظمات ذات العضوية,83,178,115,63,244,240,4,422,2023-10
4,منطقة عسير,صناعة الآلات والمعدات غير المصنفة في موضع أخر,20,120,84,36,301,300,1,421,2023-10
3,منطقة الباحة,صُنع الملبوسات,168,49,28,21,371,337,34,420,2023-7
1,منطقة تبوك,الأنشطة الرياضية وأنشطة التسلية والترفيه,101,137,44,93,283,255,28,420,2023-1
2,المنطقة الشرقية,البحث والتطوير في المجال العلمي,27,229,143,86,191,182,9,420,2023-4
2,منطقة مكة المكرمة,صناعة معدات النقل الأخرى,35,104,36,68,316,284,32,420,2023-4
1,منطقة نجران,صنع منتجات المطاط واللدائن,17,76,31,45,343,343,0,419,2023-1
2,منطقة نجران,أنشطة الاستخدام,65,45,16,29,373,124,249,418,2023-4
4,منطقة الجوف,أنشطة المعمارية والهندسية ، والاختبارات الفنية والتحليل,113,85,60,25,333,331,2,418,2023-10
3,منطقة الجوف,إصلاح أجهزة الحاسوب والسلع الشخصية والمنزلية,151,20,17,3,398,398,0,418,2023-7
1,منطقة الحدود الشمالية,إصلاح وتركيب الآلات والمعدات,71,58,53,5,359,359,0,417,2023-1
2,منطقة الحدود الشمالية,إصلاح وتركيب الآلات والمعدات,70,68,59,9,347,347,0,415,2023-4
4,منطقة الباحة,صُنع الملبوسات,165,40,23,17,375,343,32,415,2023-10
4,منطقة جازان,تجميع المياه ومعالجتها وتوصيلها,98,139,128,11,275,275,0,414,2023-10
1,منطقة تبوك,إصلاح وتركيب الآلات والمعدات,142,62,52,10,351,349,2,413,2023-1
3,منطقة القصيم,الأنشطة القانونية وأنشطة المحاسبة,115,306,180,126,105,102,3,411,2023-7
3,منطقة الباحة,تجميع المياه ومعالجتها وتوصيلها,33,74,66,8,335,335,0,409,2023-7
4,منطقة الحدود الشمالية,إصلاح وتركيب الآلات والمعدات,79,52,46,6,357,357,0,409,2023-10
3,منطقة مكة المكرمة,صناعة معدات النقل الأخرى,32,104,30,74,304,274,30,408,2023-7
3,منطقة عسير,صناعة الآلات والمعدات غير المصنفة في موضع أخر,22,106,84,22,301,300,1,407,2023-7
4,المنطقة الشرقية,الرعاية مع الإقامة,15,265,18,247,139,78,61,404,2023-10
4,منطقة القصيم,أنشطة جمع النفايات ومعالجتها وتصريفها ، واسترجاع المواد,37,65,43,22,338,304,34,403,2023-10
3,منطقة نجران,أنشطة الاستخدام,68,51,22,29,352,120,232,403,2023-7
2,منطقة الباحة,أنشطة المعمارية والهندسية ، والاختبارات الفنية والتحليل,109,92,45,47,309,307,2,401,2023-4
1,المنطقة الشرقية,البحث والتطوير في المجال العلمي,26,212,130,82,189,181,8,401,2023-1
4,منطقة الباحة,أنشطة المعمارية والهندسية ، والاختبارات الفنية والتحليل,107,113,50,63,288,285,3,401,2023-10
4,منطقة القصيم,الرعاية مع الإقامة,8,303,94,209,97,69,28,400,2023-10
3,المنطقة الشرقية,البحث والتطوير في المجال العلمي,26,229,141,88,171,162,9,400,2023-7
4,منطقة حائل,أنشطة الاستخدام,63,90,37,53,309,128,181,399,2023-10
2,منطقة تبوك,الأنشطة الرياضية وأنشطة التسلية والترفيه,102,131,48,83,268,238,30,399,2023-4
2,منطقة الباحة,صيد الأسماك وتربية المائيات,136,6,3,3,393,393,0,399,2023-4
4,منطقة حائل,الأنشطة الرياضية وأنشطة التسلية والترفيه,79,127,43,84,271,259,12,398,2023-10
2,منطقة تبوك,الأنشطة العقارية,140,90,64,26,308,307,1,398,2023-4
4,منطقة جازان,الأنشطة الإدارية للمكاتب ، وأنشطة الدعم للمكاتب وغير ذلك من أنشطة الدعم للأعمال,167,53,26,27,342,336,6,395,2023-10
3,المنطقة الشرقية,الرعاية مع الإقامة,17,246,16,230,147,83,64,393,2023-7
4,منطقة نجران,أنشطة العمل الاجتماعي، دون إقامة,56,250,99,151,143,129,14,393,2023-10
3,منطقة القصيم,الأنشطة الأخرى للتعدين واستغلال المحاجر,39,96,69,27,297,297,0,393,2023-7
3,منطقة الحدود الشمالية,إصلاح وتركيب الآلات والمعدات,74,53,48,5,339,339,0,392,2023-7
4,منطقة الباحة,صنع الأثاث,108,16,7,9,376,376,0,392,2023-10
3,منطقة تبوك,الأنشطة الرياضية وأنشطة التسلية والترفيه,103,131,51,80,261,233,28,392,2023-7
1,منطقة الباحة,صيد الأسماك وتربية المائيات,133,9,5,4,383,383,0,392,2023-1
2,منطقة الباحة,تجميع المياه ومعالجتها وتوصيلها,34,60,51,9,330,330,0,390,2023-4
4,منطقة حائل,صُنع الخشب ومنتجات الخشب والفلين ، باستثناء الأثاث ، صُنع أصناف من القش ومواد الضفر,85,49,20,29,341,341,0,390,2023-10
3,منطقة الجوف,أنشطة العمل الاجتماعي، دون إقامة,53,268,135,133,120,116,4,388,2023-7
3,منطقة القصيم,أنشطة جمع النفايات ومعالجتها وتصريفها ، واسترجاع المواد,32,70,39,31,318,277,41,388,2023-7
3,منطقة جازان,توصيل الكهرباء والغاز والبخار وتكييف الهواء,31,125,112,13,262,262,0,387,2023-7
4,منطقة الجوف,إصلاح أجهزة الحاسوب والسلع الشخصية والمنزلية,148,13,12,1,374,374,0,387,2023-10
4,منطقة الجوف,أنشطة العمل الاجتماعي، دون إقامة,54,251,135,116,135,130,5,386,2023-10
1,منطقة القصيم,صناعة الآلات والمعدات غير المصنفة في موضع أخر,38,84,41,43,302,302,0,386,2023-1
3,منطقة حائل,الأنشطة الرياضية وأنشطة التسلية والترفيه,74,119,45,74,267,261,6,386,2023-7
1,منطقة مكة المكرمة,صناعة معدات النقل الأخرى,36,81,31,50,304,296,8,385,2023-1
2,منطقة القصيم,صناعة الآلات والمعدات غير المصنفة في موضع أخر,37,91,42,49,293,293,0,384,2023-4
3,منطقة القصيم,صنع المعدات الكهربائية,43,63,43,20,321,321,0,384,2023-7
1,منطقة القصيم,أنشطة جمع النفايات ومعالجتها وتصريفها ، واسترجاع المواد,26,66,37,29,317,268,49,383,2023-1
2,منطقة الجوف,أنشطة العمل الاجتماعي، دون إقامة,47,273,135,138,109,105,4,382,2023-4
1,منطقة الجوف,أنشطة العمل الاجتماعي، دون إقامة,46,275,142,133,107,103,4,382,2023-1
1,منطقة نجران,أنشطة الاستخدام,60,45,17,28,336,119,217,381,2023-1
2,منطقة القصيم,أنشطة جمع النفايات ومعالجتها وتصريفها ، واسترجاع المواد,28,66,38,28,315,270,45,381,2023-4
4,منطقة تبوك,الأنشطة الرياضية وأنشطة التسلية والترفيه,99,122,41,81,259,233,26,381,2023-10
4,منطقة القصيم,الصرف الصحي,43,63,41,22,318,316,2,381,2023-10
4,منطقة حائل,صُنع المواد الكيميائية والمنتجات الكيميائية,72,46,25,21,334,334,0,380,2023-10
4,المنطقة الشرقية,البحث والتطوير في المجال العلمي,26,232,140,92,148,142,6,380,2023-10
2,منطقة عسير,صناعة الآلات والمعدات غير المصنفة في موضع أخر,25,101,83,18,277,276,1,378,2023-4
2,منطقة نجران,صُنع المواد الكيميائية والمنتجات الكيميائية,18,81,35,46,297,297,0,378,2023-4
3,منطقة جازان,الأنشطة الإدارية للمكاتب ، وأنشطة الدعم للمكاتب وغير ذلك من أنشطة الدعم للأعمال,161,53,24,29,325,321,4,378,2023-7
1,منطقة تبوك,أنشطة العمل الاجتماعي، دون إقامة,55,305,125,180,70,63,7,375,2023-1
4,منطقة مكة المكرمة,استخراج النفط الخام والغاز الطبيعي,4,338,335,3,37,37,0,375,2023-10
2,منطقة جازان,توصيل الكهرباء والغاز والبخار وتكييف الهواء,29,130,116,14,244,244,0,374,2023-4
2,منطقة مكة المكرمة,استخراج النفط الخام والغاز الطبيعي,4,337,333,4,37,37,0,374,2023-4
1,منطقة مكة المكرمة,استخراج النفط الخام والغاز الطبيعي,4,336,333,3,37,37,0,373,2023-1
3,منطقة مكة المكرمة,استخراج النفط الخام والغاز الطبيعي,4,335,331,4,35,35,0,370,2023-7
4,منطقة نجران,أنشطة الأمن والتحقيقات,2,368,311,57,2,2,0,370,2023-10
4,منطقة جازان,صنع فحم الكوك والمنتجات النفطية المكررة,3,279,270,9,90,86,4,369,2023-10
3,منطقة تبوك,صنع الفلزات القاعدية,15,93,36,57,274,274,0,367,2023-7
4,منطقة حائل,إصلاح وتركيب الآلات والمعدات,110,31,8,23,336,336,0,367,2023-10
2,منطقة جازان,الأنشطة الإدارية للمكاتب ، وأنشطة الدعم للمكاتب وغير ذلك من أنشطة الدعم للأعمال,150,53,24,29,313,309,4,366,2023-4
4,منطقة جازان,توصيل الكهرباء والغاز والبخار وتكييف الهواء,31,114,100,14,251,251,0,365,2023-10
2,منطقة القصيم,الأنشطة القانونية وأنشطة المحاسبة,110,261,152,109,104,102,2,365,2023-4
2,منطقة الباحة,صنع الأثاث,105,17,12,5,348,348,0,365,2023-4
1,منطقة حائل,الأنشطة العقارية,100,91,60,31,273,273,0,364,2023-1
3,منطقة نجران,أنشطة الأمن والتحقيقات,2,362,306,56,1,1,0,363,2023-7
1,منطقة نجران,صُنع المواد الكيميائية والمنتجات الكيميائية,18,80,39,41,282,282,0,362,2023-1
3,منطقة جازان,صنع فحم الكوك والمنتجات النفطية المكررة,3,277,270,7,85,80,5,362,2023-7
1,منطقة تبوك,صُنع المشروبات,21,99,57,42,263,263,0,362,2023-1
4,منطقة تبوك,الأنشطة الأخرى للتعدين واستغلال المحاجر,27,80,48,32,281,281,0,361,2023-10
3,منطقة القصيم,الصرف الصحي,39,57,41,16,304,303,1,361,2023-7
2,منطقة الحدود الشمالية,أنشطة الأمن والتحقيقات,4,30,25,5,331,331,0,361,2023-4
3,منطقة جازان,تجميع المياه ومعالجتها وتوصيلها,97,124,111,13,237,237,0,361,2023-7
3,منطقة القصيم,صناعة الآلات والمعدات غير المصنفة في موضع أخر,35,81,32,49,279,279,0,360,2023-7
4,منطقة الحدود الشمالية,أنشطة الأمن والتحقيقات,4,26,22,4,334,332,2,360,2023-10
4,منطقة تبوك,صُنع المشروبات,22,105,55,50,254,254,0,359,2023-10
2,منطقة تبوك,صنع الفلزات القاعدية,15,87,36,51,272,272,0,359,2023-4
1,منطقة عسير,صناعة الآلات والمعدات غير المصنفة في موضع أخر,24,89,85,4,270,269,1,359,2023-1
1,منطقة جازان,تجميع المياه ومعالجتها وتوصيلها,92,131,116,15,228,228,0,359,2023-1
2,المنطقة الشرقية,النقل الجوي,78,131,96,35,227,226,1,358,2023-4
4,منطقة حائل,تجميع المياه ومعالجتها وتوصيلها,45,61,49,12,297,297,0,358,2023-10
2,منطقة تبوك,صُنع المشروبات,24,89,49,40,268,267,1,357,2023-4
3,منطقة الباحة,أنشطة المعمارية والهندسية ، والاختبارات الفنية والتحليل,107,70,37,33,284,281,3,354,2023-7
3,منطقة الباحة,صنع الأثاث,107,13,6,7,341,341,0,354,2023-7
3,منطقة الحدود الشمالية,أنشطة الأمن والتحقيقات,5,21,17,4,333,331,2,354,2023-7
4,المنطقة الشرقية,النقل الجوي,74,144,107,37,210,209,1,354,2023-10
1,منطقة جازان,الأنشطة الإدارية للمكاتب ، وأنشطة الدعم للمكاتب وغير ذلك من أنشطة الدعم للأعمال,143,51,22,29,303,299,4,354,2023-1
4,منطقة جازان,أنشطة الأمن والتحقيقات,11,332,327,5,21,21,0,353,2023-10
4,منطقة جازان,الأنشطة الأخرى للتعدين واستغلال المحاجر,49,78,48,30,274,274,0,352,2023-10
1,منطقة الحدود الشمالية,أنشطة الأمن والتحقيقات,4,18,13,5,334,333,1,352,2023-1
1,منطقة القصيم,أنشطة البرمجة الحاسوبية والخبرة الاستشارية وما يتصل بها من أنشطة,81,122,58,64,230,230,0,352,2023-1
3,منطقة القصيم,أنشطة البرمجة الحاسوبية والخبرة الاستشارية وما يتصل بها من أنشطة,78,126,62,64,225,224,1,351,2023-7
3,منطقة حائل,صنع منتجات المطاط واللدائن,18,127,90,37,224,224,0,351,2023-7
3,منطقة القصيم,الرعاية مع الإقامة,7,271,87,184,80,53,27,351,2023-7
2,منطقة حائل,أنشطة الاستخدام,58,80,38,42,271,103,168,351,2023-4
4,منطقة تبوك,صنع الفلزات القاعدية,14,96,39,57,255,255,0,351,2023-10
1,منطقة تبوك,صنع الفلزات القاعدية,17,85,32,53,265,265,0,350,2023-1
2,منطقة جازان,تجميع المياه ومعالجتها وتوصيلها,93,123,109,14,226,226,0,349,2023-4
1,المنطقة الشرقية,النقل الجوي,77,120,87,33,229,228,1,349,2023-1
1,منطقة الباحة,الأنشطة الإيجارية,151,21,15,6,327,325,2,348,2023-1
4,منطقة جازان,أبحاث الإعلان والسوق,120,59,28,31,289,283,6,348,2023-10
3,منطقة تبوك,صُنع المشروبات,22,99,50,49,248,248,0,347,2023-7
4,منطقة المدينة المنورة,الأنشطة المهنية والعلمية والتقنية الأخرى,114,74,40,34,272,224,48,346,2023-10
1,منطقة الجوف,صنع الأثاث,131,24,15,9,322,321,1,346,2023-1
1,منطقة حائل,صُنع المواد الكيميائية والمنتجات الكيميائية,67,28,16,12,317,317,0,345,2023-1
2,منطقة حائل,الأنشطة العقارية,102,83,56,27,262,262,0,345,2023-4
3,منطقة المدينة المنورة,أنشطة البرمجة الحاسوبية والخبرة الاستشارية وما يتصل بها من أنشطة,101,117,69,48,228,222,6,345,2023-7
1,منطقة القصيم,الأنشطة القانونية وأنشطة المحاسبة,103,246,136,110,99,98,1,345,2023-1
3,منطقة عسير,صيد الأسماك وتربية المائيات,81,32,23,9,312,312,0,344,2023-7
1,منطقة الباحة,صنع الأثاث,103,15,10,5,329,329,0,344,2023-1
1,منطقة حائل,صنع منتجات المطاط واللدائن,10,128,93,35,215,215,0,343,2023-1
2,منطقة القصيم,أنشطة البرمجة الحاسوبية والخبرة الاستشارية وما يتصل بها من أنشطة,79,125,61,64,218,218,0,343,2023-4
3,المنطقة الشرقية,النقل الجوي,76,127,93,34,215,214,1,342,2023-7
2,منطقة حائل,صُنع المواد الكيميائية والمنتجات الكيميائية,65,36,19,17,306,306,0,342,2023-4
4,منطقة حائل,صنع منتجات المطاط واللدائن,20,125,87,38,217,217,0,342,2023-10
3,منطقة حائل,صُنع المواد الكيميائية والمنتجات الكيميائية,62,46,23,23,295,295,0,341,2023-7
3,منطقة حائل,أنشطة الاستخدام,58,89,38,51,252,110,142,341,2023-7
3,منطقة الرياض,الحراجة وقطع الأخشاب,20,75,48,27,266,264,2,341,2023-7
2,منطقة حائل,صنع منتجات المطاط واللدائن,13,126,92,34,214,214,0,340,2023-4
1,المنطقة الشرقية,صُنع المنتجات الجلدية والمنتجات ذات الصلة,24,67,59,8,273,273,0,340,2023-1
1,منطقة المدينة المنورة,أنشطة البرمجة الحاسوبية والخبرة الاستشارية وما يتصل بها من أنشطة,98,120,65,55,219,213,6,339,2023-1
1,منطقة مكة المكرمة,أنشطة البرمجة والإذاعة,34,134,76,58,205,203,2,339,2023-1
2,منطقة الباحة,الأنشطة الإيجارية,149,24,15,9,314,312,2,338,2023-4
3,منطقة حائل,التخزين وأنشطة الدعم للنقل,112,32,22,10,306,306,0,338,2023-7
2,منطقة المدينة المنورة,أنشطة البرمجة الحاسوبية والخبرة الاستشارية وما يتصل بها من أنشطة,98,116,67,49,221,215,6,337,2023-4
3,منطقة جازان,أبحاث الإعلان والسوق,118,66,29,37,271,266,5,337,2023-7
4,منطقة القصيم,أنشطة البرمجة الحاسوبية والخبرة الاستشارية وما يتصل بها من أنشطة,76,117,58,59,219,218,1,336,2023-10
2,منطقة الجوف,صنع الأثاث,130,24,12,12,311,310,1,335,2023-4
3,منطقة حائل,الأنشطة العقارية,102,77,48,29,257,257,0,334,2023-7
4,منطقة الباحة,الأنشطة الأخرى للتعدين واستغلال المحاجر,12,63,31,32,271,271,0,334,2023-10
3,منطقة الجوف,صنع الأثاث,131,26,18,8,308,307,1,334,2023-7
4,منطقة الجوف,إصلاح وتركيب الآلات والمعدات,97,43,24,19,291,289,2,334,2023-10
3,منطقة حائل,إصلاح وتركيب الآلات والمعدات,103,23,4,19,310,310,0,333,2023-7
3,منطقة عسير,الصناعة التحويلية الأخرى,52,75,40,35,257,240,17,332,2023-7
2,منطقة مكة المكرمة,أنشطة البرمجة والإذاعة,32,129,76,53,203,201,2,332,2023-4
4,منطقة مكة المكرمة,الأنشطة الإبداعية والفنون وأنشطة الترفيه,109,101,37,64,230,206,24,331,2023-10
1,منطقة القصيم,الطباعة واستنساخ وسائط الأعلام المسجّلة,40,98,38,60,232,231,1,330,2023-1
2,المنطقة الشرقية,الأنشطة البيطرية,63,102,39,63,228,215,13,330,2023-4
4,منطقة الباحة,صُنع المشروبات,10,87,20,67,242,241,1,329,2023-10
3,منطقة الباحة,الأنشطة الأخرى للتعدين واستغلال المحاجر,13,63,33,30,265,265,0,328,2023-7
4,منطقة عسير,الصناعة التحويلية الأخرى,52,77,40,37,251,225,26,328,2023-10
4,منطقة الجوف,صنع الأثاث,135,20,13,7,308,307,1,328,2023-10
3,منطقة الجوف,صُنع الخشب ومنتجات الخشب والفلين ، باستثناء الأثاث ، صُنع أصناف من القش ومواد الضفر,111,28,18,10,300,299,1,328,2023-7
4,منطقة عسير,صيد الأسماك وتربية المائيات,75,41,32,9,286,286,0,327,2023-10
4,منطقة الجوف,صُنع الخشب ومنتجات الخشب والفلين ، باستثناء الأثاث ، صُنع أصناف من القش ومواد الضفر,114,25,15,10,302,301,1,327,2023-10
1,منطقة جازان,أبحاث الإعلان والسوق,113,51,24,27,275,268,7,326,2023-1
2,منطقة المدينة المنورة,الأنشطة المهنية والعلمية والتقنية الأخرى,122,73,40,33,253,212,41,326,2023-4
1,منطقة الباحة,صُنع المشروبات,8,83,20,63,243,243,0,326,2023-1
2,منطقة نجران,إصلاح وتركيب الآلات والمعدات,62,49,35,14,276,275,1,325,2023-4
4,منطقة حائل,الأنشطة العقارية,110,64,41,23,261,261,0,325,2023-10
3,منطقة جازان,أنشطة الأمن والتحقيقات,12,301,297,4,23,22,1,324,2023-7
2,منطقة الباحة,صُنع المشروبات,8,92,19,73,232,232,0,324,2023-4
1,منطقة المدينة المنورة,الأنشطة المهنية والعلمية والتقنية الأخرى,123,70,39,31,254,215,39,324,2023-1
3,منطقة مكة المكرمة,أنشطة البرمجة والإذاعة,31,131,77,54,192,190,2,323,2023-7
3,منطقة نجران,صُنع المواد الكيميائية والمنتجات الكيميائية,18,77,29,48,246,246,0,323,2023-7
3,منطقة القصيم,الطباعة واستنساخ وسائط الأعلام المسجّلة,41,84,31,53,239,239,0,323,2023-7
4,المنطقة الشرقية,الأنشطة البيطرية,69,90,34,56,232,218,14,322,2023-10
3,منطقة الباحة,صُنع المشروبات,9,93,24,69,229,229,0,322,2023-7
4,منطقة المدينة المنورة,أنشطة البريد ونقل الرسائل والطرود بواسطة مندوبين,29,89,72,17,232,231,1,321,2023-10
2,منطقة جازان,أبحاث الإعلان والسوق,113,60,29,31,261,258,3,321,2023-4
2,منطقة القصيم,الطباعة واستنساخ وسائط الأعلام المسجّلة,40,95,35,60,225,224,1,320,2023-4
2,المنطقة الشرقية,صُنع المنتجات الجلدية والمنتجات ذات الصلة,24,67,59,8,253,253,0,320,2023-4
1,منطقة تبوك,صُنع الخشب ومنتجات الخشب والفلين ، باستثناء الأثاث ، صُنع أصناف من القش ومواد الضفر,104,28,13,15,292,292,0,320,2023-1
2,المنطقة الشرقية,الرعاية مع الإقامة,16,175,18,157,144,81,63,319,2023-4
3,منطقة مكة المكرمة,الأنشطة الإبداعية والفنون وأنشطة الترفيه,116,101,37,64,217,195,22,318,2023-7
3,منطقة حائل,تجميع المياه ومعالجتها وتوصيلها,40,55,45,10,263,263,0,318,2023-7
4,منطقة تبوك,صُنع الخشب ومنتجات الخشب والفلين ، باستثناء الأثاث ، صُنع أصناف من القش ومواد الضفر,119,26,11,15,292,292,0,318,2023-10
1,منطقة الرياض,استخراج النفط الخام والغاز الطبيعي,29,67,48,19,251,251,0,318,2023-1
1,منطقة القصيم,الرعاية مع الإقامة,6,233,61,172,83,55,28,316,2023-1
3,منطقة المدينة المنورة,الأنشطة المهنية والعلمية والتقنية الأخرى,119,75,38,37,241,200,41,316,2023-7
1,المنطقة الشرقية,الأنشطة البيطرية,63,95,40,55,221,206,15,316,2023-1
2,منطقة جازان,صنع فحم الكوك والمنتجات النفطية المكررة,3,241,233,8,74,70,4,315,2023-4
1,منطقة مكة المكرمة,أنشطة المكتبات والمحفوظات والمتاحف والأنشطة الثقافية الأخرى,71,87,53,34,227,226,1,314,2023-1
2,منطقة تبوك,صُنع الخشب ومنتجات الخشب والفلين ، باستثناء الأثاث ، صُنع أصناف من القش ومواد الضفر,107,32,15,17,282,282,0,314,2023-4
1,منطقة مكة المكرمة,صُنع المنتجات الجلدية والمنتجات ذات الصلة,39,53,22,31,260,259,1,313,2023-1
3,منطقة نجران,إصلاح وتركيب الآلات والمعدات,69,45,34,11,268,267,1,313,2023-7
4,منطقة القصيم,أنشطة المنظمات ذات العضوية,93,156,94,62,156,155,1,312,2023-10
1,منطقة عسير,الصناعة التحويلية الأخرى,49,63,43,20,248,241,7,311,2023-1
2,منطقة الباحة,الهندسة المدنية,34,69,50,19,241,241,0,310,2023-4
4,منطقة نجران,أنشطة جمع النفايات ومعالجتها وتصريفها ، واسترجاع المواد,18,47,18,29,263,263,0,310,2023-10
1,منطقة تبوك,أبحاث الإعلان والسوق,96,60,30,30,250,245,5,310,2023-1
3,منطقة الباحة,الأنشطة الإيجارية,143,16,9,7,294,292,2,310,2023-7
2,منطقة مكة المكرمة,صُنع المنتجات الجلدية والمنتجات ذات الصلة,35,63,28,35,247,245,2,310,2023-4
2,منطقة القصيم,أنشطة المنظمات ذات العضوية,89,155,97,58,154,152,2,309,2023-4
2,منطقة عسير,الصناعة التحويلية الأخرى,49,69,43,26,240,225,15,309,2023-4
3,منطقة المدينة المنورة,أنشطة الأمن والتحقيقات,21,283,261,22,24,24,0,307,2023-7
4,منطقة القصيم,وكالات السفر ومشغّلو الجولات السياحية وخدمات الحجز والأنشطة المتصلة بها,97,57,24,33,250,247,3,307,2023-10
1,منطقة القصيم,وكالات السفر ومشغّلو الجولات السياحية وخدمات الحجز والأنشطة المتصلة بها,93,55,27,28,252,249,3,307,2023-1
3,منطقة القصيم,أنشطة المنظمات ذات العضوية,90,153,86,67,152,150,2,305,2023-7
2,منطقة الرياض,استخراج النفط الخام والغاز الطبيعي,26,72,54,18,233,233,0,305,2023-4
2,منطقة القصيم,الأنشطة الأخرى للتعدين واستغلال المحاجر,38,63,48,15,242,242,0,305,2023-4
4,منطقة المدينة المنورة,أنشطة البرمجة الحاسوبية والخبرة الاستشارية وما يتصل بها من أنشطة,95,106,65,41,199,194,5,305,2023-10
2,منطقة القصيم,الصرف الصحي,34,47,34,13,257,256,1,304,2023-4
3,منطقة تبوك,صُنع الخشب ومنتجات الخشب والفلين ، باستثناء الأثاث ، صُنع أصناف من القش ومواد الضفر,109,21,9,12,283,283,0,304,2023-7
3,منطقة نجران,أنشطة العمل الاجتماعي، دون إقامة,53,191,76,115,113,107,6,304,2023-7
4,منطقة الحدود الشمالية,أنشطة الاستخدام,25,26,10,16,277,33,244,303,2023-10
2,منطقة نجران,الأنشطة الرياضية وأنشطة التسلية والترفيه,60,97,51,46,206,196,10,303,2023-4
1,منطقة جازان,صنع فحم الكوك والمنتجات النفطية المكررة,3,237,229,8,66,62,4,303,2023-1
2,منطقة القصيم,وكالات السفر ومشغّلو الجولات السياحية وخدمات الحجز والأنشطة المتصلة بها,95,52,18,34,250,247,3,302,2023-4
1,منطقة جازان,أنشطة الأمن والتحقيقات,13,276,273,3,26,26,0,302,2023-1
3,منطقة الحدود الشمالية,صنع الأثاث,96,22,18,4,280,278,2,302,2023-7
1,منطقة الحدود الشمالية,الإقامة,49,85,46,39,216,216,0,301,2023-1
4,منطقة الحدود الشمالية,صنع الأثاث,96,21,17,4,280,276,4,301,2023-10
1,منطقة مكة المكرمة,الأنشطة الإبداعية والفنون وأنشطة الترفيه,110,97,35,62,204,182,22,301,2023-1
3,منطقة الحدود الشمالية,الإقامة,50,91,47,44,210,210,0,301,2023-7
3,منطقة تبوك,الأنشطة الأخرى للتعدين واستغلال المحاجر,25,70,41,29,230,230,0,300,2023-7
2,منطقة مكة المكرمة,الأنشطة الإبداعية والفنون وأنشطة الترفيه,113,89,29,60,210,185,25,299,2023-4
2,منطقة جازان,أنشطة الأمن والتحقيقات,13,272,268,4,26,25,1,298,2023-4
3,منطقة مكة المكرمة,صُنع المنتجات الجلدية والمنتجات ذات الصلة,34,65,29,36,232,230,2,297,2023-7
1,منطقة الحدود الشمالية,صنع الأثاث,98,22,15,7,275,275,0,297,2023-1
3,المنطقة الشرقية,الأنشطة البيطرية,64,87,33,54,209,196,13,296,2023-7
2,منطقة تبوك,أبحاث الإعلان والسوق,98,59,26,33,237,232,5,296,2023-4
2,منطقة الحدود الشمالية,الإقامة,48,85,42,43,211,211,0,296,2023-4
1,منطقة الحدود الشمالية,الأنشطة الأخرى للتعدين واستغلال المحاجر,12,135,122,13,160,160,0,295,2023-1
1,منطقة الجوف,صُنع الخشب ومنتجات الخشب والفلين ، باستثناء الأثاث ، صُنع أصناف من القش ومواد الضفر,99,28,13,15,266,265,1,294,2023-1
2,منطقة حائل,تجميع المياه ومعالجتها وتوصيلها,36,63,42,21,231,231,0,294,2023-4
1,منطقة نجران,الأنشطة الرياضية وأنشطة التسلية والترفيه,57,90,51,39,204,194,10,294,2023-1
2,منطقة المدينة المنورة,الصرف الصحي,26,116,111,5,177,177,0,293,2023-4
3,منطقة حائل,صُنع الخشب ومنتجات الخشب والفلين ، باستثناء الأثاث ، صُنع أصناف من القش ومواد الضفر,75,39,16,23,254,254,0,293,2023-7
2,منطقة الرياض,الحراجة وقطع الأخشاب,13,58,37,21,234,233,1,292,2023-4
2,منطقة تبوك,أنشطة العمل الاجتماعي، دون إقامة,53,224,112,112,67,63,4,291,2023-4
3,منطقة الجوف,الإقامة,78,86,44,42,205,204,1,291,2023-7
4,منطقة مكة المكرمة,أنشطة البرمجة والإذاعة,27,116,61,55,173,171,2,289,2023-10
4,منطقة الباحة,الأنشطة الإيجارية,133,18,9,9,270,269,1,288,2023-10
1,منطقة المدينة المنورة,الصرف الصحي,24,116,111,5,172,172,0,288,2023-1
3,المنطقة الشرقية,أنشطة البريد ونقل الرسائل والطرود بواسطة مندوبين,38,100,52,48,187,186,1,287,2023-7
4,منطقة الجوف,الأنشطة الإدارية للمكاتب ، وأنشطة الدعم للمكاتب وغير ذلك من أنشطة الدعم للأعمال,108,34,19,15,253,252,1,287,2023-10
2,منطقة الحدود الشمالية,الأنشطة الأخرى للتعدين واستغلال المحاجر,12,134,121,13,153,153,0,287,2023-4
4,منطقة الباحة,الهندسة المدنية,31,67,48,19,220,220,0,287,2023-10
4,منطقة الحدود الشمالية,الإقامة,48,89,42,47,197,197,0,286,2023-10
1,منطقة القصيم,أنشطة المنظمات ذات العضوية,83,132,77,55,154,153,1,286,2023-1
4,منطقة مكة المكرمة,صُنع المنتجات الجلدية والمنتجات ذات الصلة,30,59,26,33,227,225,2,286,2023-10
2,منطقة حائل,التخزين وأنشطة الدعم للنقل,83,32,18,14,253,253,0,285,2023-4
3,منطقة القصيم,وكالات السفر ومشغّلو الجولات السياحية وخدمات الحجز والأنشطة المتصلة بها,91,42,18,24,243,240,3,285,2023-7
1,منطقة عسير,الأنشطة المهنية والعلمية والتقنية الأخرى,65,81,42,39,203,194,9,284,2023-1
3,منطقة تبوك,أبحاث الإعلان والسوق,100,52,24,28,232,226,6,284,2023-7
4,المنطقة الشرقية,أنشطة البريد ونقل الرسائل والطرود بواسطة مندوبين,40,98,47,51,186,185,1,284,2023-10
2,منطقة مكة المكرمة,أنشطة المكتبات والمحفوظات والمتاحف والأنشطة الثقافية الأخرى,65,77,46,31,206,205,1,283,2023-4
4,منطقة القصيم,أنشطة المكاتب الرئيسية، والأنشطة الاستشارية في مجال الإدارة,25,79,64,15,204,200,4,283,2023-10
2,منطقة الجوف,صُنع الخشب ومنتجات الخشب والفلين ، باستثناء الأثاث ، صُنع أصناف من القش ومواد الضفر,103,21,12,9,262,261,1,283,2023-4
3,منطقة الجوف,إصلاح وتركيب الآلات والمعدات,89,41,26,15,241,238,3,282,2023-7
2,منطقة الجوف,الإقامة,74,80,41,39,202,201,1,282,2023-4
4,منطقة نجران,الأنشطة الإدارية للمكاتب ، وأنشطة الدعم للمكاتب وغير ذلك من أنشطة الدعم للأعمال,127,20,8,12,262,261,1,282,2023-10
1,منطقة القصيم,توصيل الكهرباء والغاز والبخار وتكييف الهواء,16,74,71,3,207,207,0,281,2023-1
4,منطقة الجوف,الإقامة,74,74,37,37,206,205,1,280,2023-10
2,منطقة الحدود الشمالية,صنع الأثاث,96,19,16,3,261,260,1,280,2023-4
3,منطقة الباحة,الهندسة المدنية,33,63,45,18,216,216,0,279,2023-7
1,منطقة القصيم,الصرف الصحي,33,41,32,9,238,237,1,279,2023-1
4,منطقة نجران,صُنع الخشب ومنتجات الخشب والفلين ، باستثناء الأثاث ، صُنع أصناف من القش ومواد الضفر,92,19,7,12,260,260,0,279,2023-10
2,منطقة القصيم,توصيل الكهرباء والغاز والبخار وتكييف الهواء,17,80,77,3,199,199,0,279,2023-4
4,منطقة الحدود الشمالية,الصرف الصحي,8,69,56,13,209,209,0,278,2023-10
2,منطقة المدينة المنورة,أنشطة المنظمات ذات العضوية,82,101,77,24,176,172,4,277,2023-4
3,منطقة الباحة,التعليم,29,149,59,90,126,92,34,275,2023-7
1,منطقة الجوف,الإقامة,73,73,37,36,202,201,1,275,2023-1
2,منطقة نجران,أنشطة الأمن والتحقيقات,3,269,236,33,5,5,0,274,2023-4
1,منطقة حائل,أنشطة الاستخدام,56,86,39,47,188,97,91,274,2023-1
2,منطقة الحدود الشمالية,أنشطة الاستخدام,25,28,12,16,245,31,214,273,2023-4
1,منطقة الباحة,التعليم,27,141,58,83,132,105,27,273,2023-1
4,منطقة الباحة,أنشطة زراعة المحاصيل والإنتاج الحيواني والصيد والخدمات المتصلة,159,29,22,7,244,244,0,273,2023-10
1,منطقة نجران,إصلاح وتركيب الآلات والمعدات,62,38,23,15,235,234,1,273,2023-1
2,منطقة عسير,الأنشطة المهنية والعلمية والتقنية الأخرى,66,74,43,31,199,190,9,273,2023-4
3,المنطقة الشرقية,صُنع المنتجات الجلدية والمنتجات ذات الصلة,21,67,62,5,205,205,0,272,2023-7
3,منطقة الجوف,الأنشطة الإدارية للمكاتب ، وأنشطة الدعم للمكاتب وغير ذلك من أنشطة الدعم للأعمال,102,33,18,15,238,237,1,271,2023-7
2,منطقة حائل,صُنع الخشب ومنتجات الخشب والفلين ، باستثناء الأثاث ، صُنع أصناف من القش ومواد الضفر,70,34,15,19,235,235,0,269,2023-4
3,منطقة نجران,الأنشطة الرياضية وأنشطة التسلية والترفيه,58,85,37,48,184,175,9,269,2023-7
4,منطقة عسير,الأنشطة المهنية والعلمية والتقنية الأخرى,62,76,43,33,193,185,8,269,2023-10
2,منطقة نجران,أنشطة العمل الاجتماعي، دون إقامة,48,151,65,86,116,110,6,267,2023-4
3,منطقة نجران,صُنع الخشب ومنتجات الخشب والفلين ، باستثناء الأثاث ، صُنع أصناف من القش ومواد الضفر,94,17,6,11,250,250,0,267,2023-7
3,منطقة الرياض,استخراج النفط الخام والغاز الطبيعي,23,59,42,17,208,208,0,267,2023-7
4,منطقة المدينة المنورة,الطباعة واستنساخ وسائط الأعلام المسجّلة,56,60,24,36,207,199,8,267,2023-10
2,منطقة الجوف,إصلاح وتركيب الآلات والمعدات,81,38,23,15,227,224,3,265,2023-4
3,منطقة الحدود الشمالية,أنشطة الاستخدام,24,28,9,19,237,30,207,265,2023-7
3,منطقة المدينة المنورة,أنشطة المنظمات ذات العضوية,82,100,72,28,165,162,3,265,2023-7
3,منطقة مكة المكرمة,أنشطة المكتبات والمحفوظات والمتاحف والأنشطة الثقافية الأخرى,58,76,47,29,188,186,2,264,2023-7
1,منطقة الباحة,أنشطة زراعة المحاصيل والإنتاج الحيواني والصيد والخدمات المتصلة,171,20,16,4,244,244,0,264,2023-1
3,منطقة الرياض,تعدين الفحم والليغنيت,22,108,62,46,156,156,0,264,2023-7
4,المنطقة الشرقية,صُنع المنتجات الجلدية والمنتجات ذات الصلة,20,66,62,4,198,198,0,264,2023-10
3,منطقة عسير,الأنشطة المهنية والعلمية والتقنية الأخرى,64,75,45,30,188,181,7,263,2023-7
3,منطقة المدينة المنورة,صيد الأسماك وتربية المائيات,56,6,1,5,257,257,0,263,2023-7
1,منطقة المدينة المنورة,أنشطة المنظمات ذات العضوية,85,80,60,20,183,179,4,263,2023-1
3,منطقة المدينة المنورة,النقل المائي,30,128,98,30,135,133,2,263,2023-7
3,منطقة المدينة المنورة,أنشطة البريد ونقل الرسائل والطرود بواسطة مندوبين,25,94,87,7,168,167,1,262,2023-7
2,منطقة الجوف,الأنشطة الإدارية للمكاتب ، وأنشطة الدعم للمكاتب وغير ذلك من أنشطة الدعم للأعمال,101,37,22,15,225,223,2,262,2023-4
4,منطقة المدينة المنورة,النقل المائي,29,131,101,30,130,128,2,261,2023-10
1,منطقة حائل,التخزين وأنشطة الدعم للنقل,78,27,16,11,233,233,0,260,2023-1
1,منطقة حائل,صُنع الخشب ومنتجات الخشب والفلين ، باستثناء الأثاث ، صُنع أصناف من القش ومواد الضفر,66,31,16,15,229,229,0,260,2023-1
3,منطقة المدينة المنورة,أنشطة خدمات دعم التعدين,4,185,168,17,74,74,0,259,2023-7
4,منطقة تبوك,أبحاث الإعلان والسوق,101,40,24,16,219,215,4,259,2023-10
1,منطقة حائل,تجميع المياه ومعالجتها وتوصيلها,35,45,34,11,214,214,0,259,2023-1
1,منطقة جازان,توصيل الكهرباء والغاز والبخار وتكييف الهواء,25,34,27,7,224,224,0,258,2023-1
3,منطقة الباحة,أنشطة زراعة المحاصيل والإنتاج الحيواني والصيد والخدمات المتصلة,162,23,18,5,234,234,0,257,2023-7
4,منطقة الرياض,استخراج النفط الخام والغاز الطبيعي,24,60,41,19,196,196,0,256,2023-10
1,منطقة المدينة المنورة,أنشطة الأمن والتحقيقات,19,234,226,8,22,22,0,256,2023-1
1,منطقة جازان,صُنع المواد الكيميائية والمنتجات الكيميائية,29,42,21,21,214,211,3,256,2023-1
4,منطقة تبوك,تجميع المياه ومعالجتها وتوصيلها,74,23,10,13,232,232,0,255,2023-10
4,منطقة تبوك,صُنع الورق ومنتجات الورق,8,67,22,45,187,187,0,254,2023-10
4,منطقة عسير,الطباعة واستنساخ وسائط الأعلام المسجّلة,33,47,21,26,207,205,2,254,2023-10
2,منطقة الباحة,التعليم,28,125,53,72,129,95,34,254,2023-4
1,منطقة الحدود الشمالية,أنشطة الاستخدام,24,25,10,15,228,33,195,253,2023-1
1,منطقة حائل,إصلاح وتركيب الآلات والمعدات,84,18,8,10,235,235,0,253,2023-1
3,منطقة المدينة المنورة,الطباعة واستنساخ وسائط الأعلام المسجّلة,50,59,23,36,194,187,7,253,2023-7
1,منطقة المدينة المنورة,النقل المائي,30,114,85,29,138,136,2,252,2023-1
1,منطقة نجران,أنشطة العمل الاجتماعي، دون إقامة,47,137,62,75,115,110,5,252,2023-1
4,منطقة عسير,صُنع المنسوجات,96,12,4,8,240,236,4,252,2023-10
4,منطقة جازان,الأنشطة القانونية وأنشطة المحاسبة,57,190,118,72,62,62,0,252,2023-10
1,منطقة المدينة المنورة,أنشطة البريد ونقل الرسائل والطرود بواسطة مندوبين,18,87,84,3,164,164,0,251,2023-1
2,منطقة المدينة المنورة,أنشطة البريد ونقل الرسائل والطرود بواسطة مندوبين,17,88,84,4,163,163,0,251,2023-4
4,منطقة المدينة المنورة,أنشطة خدمات دعم التعدين,5,169,148,21,82,80,2,251,2023-10
4,منطقة الباحة,التعليم,28,132,46,86,118,82,36,250,2023-10
4,منطقة تبوك,صنع منتجات المطاط واللدائن,18,45,27,18,204,204,0,249,2023-10
2,منطقة الرياض,تعدين الفحم والليغنيت,22,97,51,46,151,151,0,248,2023-4
1,منطقة القصيم,أنشطة المكاتب الرئيسية، والأنشطة الاستشارية في مجال الإدارة,19,107,83,24,140,137,3,247,2023-1
4,منطقة مكة المكرمة,أنشطة المكتبات والمحفوظات والمتاحف والأنشطة الثقافية الأخرى,57,70,42,28,176,174,2,246,2023-10
4,منطقة عسير,الرعاية مع الإقامة,7,216,40,176,30,13,17,246,2023-10
4,منطقة نجران,الأنشطة الرياضية وأنشطة التسلية والترفيه,49,81,35,46,165,157,8,246,2023-10
2,منطقة المدينة المنورة,أنشطة الأمن والتحقيقات,20,222,216,6,24,24,0,246,2023-4
3,منطقة الحدود الشمالية,الصرف الصحي,7,49,34,15,196,196,0,245,2023-7
4,منطقة المدينة المنورة,صيد الأسماك وتربية المائيات,56,13,3,10,232,232,0,245,2023-10
2,منطقة الباحة,أنشطة زراعة المحاصيل والإنتاج الحيواني والصيد والخدمات المتصلة,161,15,11,4,229,229,0,244,2023-4
4,منطقة جازان,صُنع المواد الكيميائية والمنتجات الكيميائية,37,39,21,18,204,201,3,243,2023-10
2,منطقة تبوك,الأنشطة الأخرى للتعدين واستغلال المحاجر,25,62,37,25,180,180,0,242,2023-4
3,منطقة تبوك,صنع منتجات المطاط واللدائن,15,50,29,21,192,192,0,242,2023-7
1,منطقة نجران,أنشطة الأمن والتحقيقات,3,237,209,28,5,5,0,242,2023-1
3,منطقة نجران,الأنشطة الإدارية للمكاتب ، وأنشطة الدعم للمكاتب وغير ذلك من أنشطة الدعم للأعمال,117,20,10,10,222,219,3,242,2023-7
1,منطقة الجوف,الأنشطة الإدارية للمكاتب ، وأنشطة الدعم للمكاتب وغير ذلك من أنشطة الدعم للأعمال,93,31,16,15,210,206,4,241,2023-1
4,منطقة جازان,أنشطة جمع النفايات ومعالجتها وتصريفها ، واسترجاع المواد,18,64,35,29,175,175,0,239,2023-10
2,منطقة المدينة المنورة,النقل المائي,32,113,83,30,125,123,2,238,2023-4
2,منطقة جازان,صُنع المواد الكيميائية والمنتجات الكيميائية,28,39,22,17,199,196,3,238,2023-4
4,منطقة القصيم,الطباعة واستنساخ وسائط الأعلام المسجّلة,42,61,20,41,176,176,0,237,2023-10
1,منطقة تبوك,صنع منتجات المطاط واللدائن,12,53,29,24,183,183,0,236,2023-1
1,منطقة نجران,أبحاث الإعلان والسوق,54,44,19,25,192,190,2,236,2023-1
2,منطقة القصيم,أنشطة المكاتب الرئيسية، والأنشطة الاستشارية في مجال الإدارة,21,96,74,22,140,137,3,236,2023-4
1,منطقة الجوف,الأنشطة العقارية,62,77,43,34,158,155,3,235,2023-1
3,منطقة عسير,صُنع الورق ومنتجات الورق,23,58,20,38,177,177,0,235,2023-7
4,منطقة عسير,صُنع الورق ومنتجات الورق,22,51,16,35,183,183,0,234,2023-10
3,منطقة جازان,صُنع المواد الكيميائية والمنتجات الكيميائية,33,41,22,19,193,190,3,234,2023-7
2,منطقة تبوك,صنع منتجات المطاط واللدائن,13,45,26,19,188,188,0,233,2023-4
1,منطقة عسير,صُنع الورق ومنتجات الورق,21,53,21,32,180,180,0,233,2023-1
2,منطقة المدينة المنورة,أنشطة خدمات دعم التعدين,4,157,141,16,75,75,0,232,2023-4
3,منطقة تبوك,صُنع الورق ومنتجات الورق,8,59,16,43,173,173,0,232,2023-7
3,منطقة تبوك,صُنع المنسوجات,78,12,6,6,220,218,2,232,2023-7
1,منطقة تبوك,الأنشطة الأخرى للتعدين واستغلال المحاجر,23,60,33,27,172,172,0,232,2023-1
4,منطقة الحدود الشمالية,الهندسة المدنية,43,29,18,11,202,202,0,231,2023-10
3,منطقة نجران,الأنشطة العقارية,84,47,24,23,184,183,1,231,2023-7
3,منطقة الباحة,أنشطة الاستخدام,17,12,6,6,219,219,0,231,2023-7
3,منطقة جازان,الأنشطة القانونية وأنشطة المحاسبة,50,168,109,59,62,62,0,230,2023-7
1,منطقة عسير,الرعاية مع الإقامة,8,194,14,180,35,15,20,229,2023-1
1,منطقة نجران,الأنشطة الإدارية للمكاتب ، وأنشطة الدعم للمكاتب وغير ذلك من أنشطة الدعم للأعمال,107,31,14,17,198,198,0,229,2023-1
2,منطقة عسير,صُنع الورق ومنتجات الورق,22,51,20,31,178,178,0,229,2023-4
2,منطقة نجران,أبحاث الإعلان والسوق,57,43,19,24,186,184,2,229,2023-4
3,منطقة عسير,صُنع المنسوجات,84,15,5,10,213,208,5,228,2023-7
2,منطقة نجران,الأنشطة الإدارية للمكاتب ، وأنشطة الدعم للمكاتب وغير ذلك من أنشطة الدعم للأعمال,109,22,9,13,206,206,0,228,2023-4
3,منطقة نجران,أبحاث الإعلان والسوق,57,51,22,29,177,175,2,228,2023-7
2,منطقة تبوك,صُنع المنسوجات,75,12,7,5,214,212,2,226,2023-4
2,منطقة المدينة المنورة,توصيل الكهرباء والغاز والبخار وتكييف الهواء,27,146,139,7,80,80,0,226,2023-4
2,منطقة القصيم,الرعاية مع الإقامة,6,139,32,107,86,58,28,225,2023-4
4,منطقة نجران,صُنع المواد الكيميائية والمنتجات الكيميائية,16,42,13,29,183,183,0,225,2023-10
4,منطقة نجران,الأنشطة العقارية,87,33,13,20,192,191,1,225,2023-10
2,منطقة نجران,صُنع الخشب ومنتجات الخشب والفلين ، باستثناء الأثاث ، صُنع أصناف من القش ومواد الضفر,88,11,3,8,213,213,0,224,2023-4
1,منطقة القصيم,الأنشطة المهنية والعلمية والتقنية الأخرى,48,83,55,28,141,133,8,224,2023-1
2,منطقة حائل,صنع الفلزات القاعدية,37,33,15,18,191,191,0,224,2023-4
3,منطقة القصيم,أنشطة المكاتب الرئيسية، والأنشطة الاستشارية في مجال الإدارة,22,81,67,14,142,139,3,223,2023-7
4,منطقة الحدود الشمالية,أنشطة زراعة المحاصيل والإنتاج الحيواني والصيد والخدمات المتصلة,90,24,16,8,199,199,0,223,2023-10
3,منطقة تبوك,تجميع المياه ومعالجتها وتوصيلها,60,30,19,11,193,193,0,223,2023-7
1,منطقة نجران,صُنع الخشب ومنتجات الخشب والفلين ، باستثناء الأثاث ، صُنع أصناف من القش ومواد الضفر,88,11,4,7,212,212,0,223,2023-1
2,منطقة الباحة,الأنشطة الأخرى للتعدين واستغلال المحاجر,11,36,19,17,187,187,0,223,2023-4
2,منطقة عسير,صنع المعدات الكهربائية,35,48,19,29,174,174,0,222,2023-4
2,منطقة الحدود الشمالية,الصرف الصحي,5,52,38,14,170,170,0,222,2023-4
1,منطقة عسير,صُنع المنسوجات,76,19,12,7,203,200,3,222,2023-1
1,منطقة نجران,الأنشطة العقارية,73,40,22,18,181,180,1,221,2023-1
3,منطقة عسير,الرعاية مع الإقامة,6,201,40,161,20,10,10,221,2023-7
1,منطقة حائل,صنع الفلزات القاعدية,40,30,11,19,190,190,0,220,2023-1
1,منطقة المدينة المنورة,الطباعة واستنساخ وسائط الأعلام المسجّلة,50,42,20,22,178,177,1,220,2023-1
4,منطقة تبوك,صُنع المنسوجات,77,14,5,9,206,203,3,220,2023-10
4,منطقة حائل,صُنع المنسوجات,68,13,8,5,206,206,0,219,2023-10
3,منطقة حائل,صنع الفلزات القاعدية,37,39,16,23,180,180,0,219,2023-7
3,منطقة حائل,الصرف الصحي,19,39,25,14,180,180,0,219,2023-7
1,منطقة الجوف,إصلاح وتركيب الآلات والمعدات,77,21,14,7,197,195,2,218,2023-1
1,منطقة تبوك,صُنع المنسوجات,78,14,6,8,204,202,2,218,2023-1
4,منطقة الحدود الشمالية,إصلاح أجهزة الحاسوب والسلع الشخصية والمنزلية,86,11,7,4,206,204,2,217,2023-10
2,منطقة عسير,أنشطة البرمجة الحاسوبية والخبرة الاستشارية وما يتصل بها من أنشطة,66,54,30,24,163,160,3,217,2023-4
1,منطقة عسير,صنع المعدات الكهربائية,34,42,20,22,174,174,0,216,2023-1
4,منطقة عسير,صنع المعدات الكهربائية,33,41,20,21,174,174,0,215,2023-10
3,منطقة عسير,صنع المعدات الكهربائية,36,43,18,25,171,171,0,214,2023-7
3,منطقة حائل,صُنع المنسوجات,63,17,9,8,197,197,0,214,2023-7
2,منطقة تبوك,صُنع الورق ومنتجات الورق,9,53,17,36,160,160,0,213,2023-4
4,منطقة حائل,صنع الفلزات القاعدية,36,40,16,24,173,173,0,213,2023-10
1,منطقة الجوف,أبحاث الإعلان والسوق,77,19,12,7,194,191,3,213,2023-1
1,منطقة تبوك,تجميع المياه ومعالجتها وتوصيلها,55,29,20,9,184,183,1,213,2023-1
1,منطقة الحدود الشمالية,الأنشطة الرياضية وأنشطة التسلية والترفيه,56,46,18,28,166,144,22,212,2023-1
2,منطقة الحدود الشمالية,الأنشطة الرياضية وأنشطة التسلية والترفيه,55,55,24,31,157,137,20,212,2023-4
1,منطقة عسير,أنشطة البرمجة الحاسوبية والخبرة الاستشارية وما يتصل بها من أنشطة,67,44,23,21,168,165,3,212,2023-1
4,منطقة جازان,الرعاية مع الإقامة,6,186,30,156,26,9,17,212,2023-10
4,منطقة نجران,أبحاث الإعلان والسوق,55,44,13,31,167,165,2,211,2023-10
4,منطقة القصيم,صناعة الآلات والمعدات غير المصنفة في موضع أخر,33,43,23,20,167,167,0,210,2023-10
3,منطقة عسير,أنشطة البرمجة الحاسوبية والخبرة الاستشارية وما يتصل بها من أنشطة,63,55,29,26,155,152,3,210,2023-7
4,منطقة حائل,أبحاث الإعلان والسوق,86,40,14,26,170,169,1,210,2023-10
2,منطقة تبوك,تجميع المياه ومعالجتها وتوصيلها,55,25,16,9,185,185,0,210,2023-4
2,منطقة حائل,الصرف الصحي,20,36,28,8,174,174,0,210,2023-4
2,منطقة المدينة المنورة,الصناعة التحويلية الأخرى,38,47,25,22,163,131,32,210,2023-4
2,منطقة عسير,صُنع المنسوجات,79,11,6,5,198,193,5,209,2023-4
2,منطقة نجران,الأنشطة العقارية,72,40,19,21,168,167,1,208,2023-4
2,منطقة الباحة,أنشطة الاستخدام,16,14,7,7,193,193,0,207,2023-4
3,منطقة حائل,صنع المعدات الكهربائية,16,55,21,34,152,152,0,207,2023-7
3,منطقة جازان,أنشطة جمع النفايات ومعالجتها وتصريفها ، واسترجاع المواد,18,35,18,17,172,172,0,207,2023-7
4,منطقة الحدود الشمالية,أنشطة العمل الاجتماعي، دون إقامة,43,161,72,89,46,43,3,207,2023-10
4,منطقة حائل,الصرف الصحي,16,35,23,12,171,171,0,206,2023-10
1,منطقة حائل,أبحاث الإعلان والسوق,78,29,8,21,177,177,0,206,2023-1
3,منطقة الحدود الشمالية,إصلاح أجهزة الحاسوب والسلع الشخصية والمنزلية,80,15,8,7,190,189,1,205,2023-7
2,منطقة القصيم,الأنشطة المهنية والعلمية والتقنية الأخرى,48,74,44,30,131,123,8,205,2023-4
3,منطقة حائل,أبحاث الإعلان والسوق,81,44,18,26,161,160,1,205,2023-7
2,منطقة جازان,الأنشطة القانونية وأنشطة المحاسبة,50,142,96,46,63,63,0,205,2023-4
1,منطقة الرياض,تعدين الفحم والليغنيت,19,74,34,40,130,130,0,204,2023-1
3,منطقة الحدود الشمالية,الأنشطة الرياضية وأنشطة التسلية والترفيه,51,55,21,34,149,135,14,204,2023-7
1,منطقة حائل,صُنع المنسوجات,56,17,7,10,187,187,0,204,2023-1
3,منطقة جازان,الرعاية مع الإقامة,6,177,26,151,25,8,17,202,2023-7
4,منطقة عسير,أنشطة البرمجة الحاسوبية والخبرة الاستشارية وما يتصل بها من أنشطة,60,55,26,29,147,145,2,202,2023-10
1,منطقة القصيم,الاتصالات,62,44,20,24,157,157,0,201,2023-1
3,منطقة الباحة,إصلاح أجهزة الحاسوب والسلع الشخصية والمنزلية,74,8,6,2,193,193,0,201,2023-7
1,منطقة الحدود الشمالية,أنشطة المعمارية والهندسية ، والاختبارات الفنية والتحليل,61,52,32,20,147,146,1,199,2023-1
2,منطقة المدينة المنورة,الطباعة واستنساخ وسائط الأعلام المسجّلة,46,33,14,19,166,165,1,199,2023-4
1,منطقة نجران,الأنشطة الأخرى للتعدين واستغلال المحاجر,23,33,20,13,166,165,1,199,2023-1
2,منطقة حائل,أبحاث الإعلان والسوق,80,35,10,25,164,164,0,199,2023-4
4,منطقة المدينة المنورة,الصناعة التحويلية الأخرى,40,41,21,20,157,131,26,198,2023-10
4,منطقة الجوف,أنشطة جمع النفايات ومعالجتها وتصريفها ، واسترجاع المواد,8,52,33,19,145,145,0,197,2023-10
4,منطقة حائل,صنع المنتجات الصيدلانية الأساسية والمستحضرات الصيدلانية,12,91,67,24,106,105,1,197,2023-10
1,المنطقة الشرقية,أنشطة المعالجة وخدمات إدارة النفايات الأخرى,11,56,40,16,140,139,1,196,2023-1
3,منطقة المدينة المنورة,الصناعة التحويلية الأخرى,40,44,20,24,152,123,29,196,2023-7
4,منطقة الباحة,إصلاح أجهزة الحاسوب والسلع الشخصية والمنزلية,72,7,6,1,189,189,0,196,2023-10
2,منطقة عسير,وكالات السفر ومشغّلو الجولات السياحية وخدمات الحجز والأنشطة المتصلة بها,63,55,22,33,140,139,1,195,2023-4
3,منطقة حائل,صنع المنتجات الصيدلانية الأساسية والمستحضرات الصيدلانية,13,94,67,27,101,100,1,195,2023-7
2,منطقة حائل,صنع المعدات الكهربائية,14,54,22,32,140,140,0,194,2023-4
3,منطقة عسير,وكالات السفر ومشغّلو الجولات السياحية وخدمات الحجز والأنشطة المتصلة بها,65,48,22,26,146,144,2,194,2023-7
4,منطقة عسير,وكالات السفر ومشغّلو الجولات السياحية وخدمات الحجز والأنشطة المتصلة بها,60,46,23,23,147,145,2,193,2023-10
2,منطقة الحدود الشمالية,أنشطة المعمارية والهندسية ، والاختبارات الفنية والتحليل,58,52,30,22,141,139,2,193,2023-4
1,منطقة المدينة المنورة,توصيل الكهرباء والغاز والبخار وتكييف الهواء,24,137,132,5,56,56,0,193,2023-1
3,منطقة الحدود الشمالية,أنشطة المعمارية والهندسية ، والاختبارات الفنية والتحليل,58,51,29,22,141,138,3,192,2023-7
1,منطقة الجوف,صُنع المنسوجات,68,12,6,6,180,179,1,192,2023-1
2,منطقة حائل,صُنع المنسوجات,57,15,7,8,177,177,0,192,2023-4
4,منطقة حائل,صنع المعدات الكهربائية,14,51,17,34,140,140,0,191,2023-10
2,منطقة جازان,أنشطة جمع النفايات ومعالجتها وتصريفها ، واسترجاع المواد,13,31,17,14,158,158,0,189,2023-4
1,منطقة الجوف,الأنشطة الرياضية وأنشطة التسلية والترفيه,49,60,30,30,129,123,6,189,2023-1
4,منطقة القصيم,الأنشطة المهنية والعلمية والتقنية الأخرى,49,72,41,31,117,110,7,189,2023-10
1,منطقة تبوك,وكالات السفر ومشغّلو الجولات السياحية وخدمات الحجز والأنشطة المتصلة بها,47,46,26,20,142,139,3,188,2023-1
4,منطقة الحدود الشمالية,صُنع الخشب ومنتجات الخشب والفلين ، باستثناء الأثاث ، صُنع أصناف من القش ومواد الضفر,52,8,4,4,179,172,7,187,2023-10
3,منطقة الحدود الشمالية,أنشطة العمل الاجتماعي، دون إقامة,41,144,69,75,43,42,1,187,2023-7
1,منطقة الحدود الشمالية,أنشطة العمل الاجتماعي، دون إقامة,38,140,70,70,47,45,2,187,2023-1
1,منطقة حائل,الصرف الصحي,18,32,26,6,154,154,0,186,2023-1
3,منطقة الحدود الشمالية,أنشطة زراعة المحاصيل والإنتاج الحيواني والصيد والخدمات المتصلة,90,14,10,4,171,171,0,185,2023-7
1,منطقة حائل,صنع المعدات الكهربائية,15,46,18,28,139,139,0,185,2023-1
4,منطقة الجوف,صُنع المنسوجات,76,8,7,1,177,176,1,185,2023-10
1,منطقة الحدود الشمالية,إصلاح أجهزة الحاسوب والسلع الشخصية والمنزلية,78,9,6,3,175,175,0,184,2023-1
2,منطقة الجوف,الأنشطة العقارية,58,60,38,22,124,122,2,184,2023-4
4,منطقة الباحة,الأنشطة الإدارية للمكاتب ، وأنشطة الدعم للمكاتب وغير ذلك من أنشطة الدعم للأعمال,55,20,13,7,163,163,0,183,2023-10
3,منطقة عسير,الطباعة واستنساخ وسائط الأعلام المسجّلة,36,55,26,29,128,127,1,183,2023-7
3,منطقة القصيم,الأنشطة المهنية والعلمية والتقنية الأخرى,46,65,42,23,118,111,7,183,2023-7
3,منطقة الحدود الشمالية,الهندسة المدنية,42,26,13,13,157,157,0,183,2023-7
2,منطقة الجوف,أبحاث الإعلان والسوق,72,23,13,10,160,158,2,183,2023-4
3,منطقة الجوف,صُنع المنسوجات,69,8,5,3,174,173,1,182,2023-7
2,منطقة الباحة,إصلاح أجهزة الحاسوب والسلع الشخصية والمنزلية,74,8,6,2,174,174,0,182,2023-4
1,منطقة جازان,الأنشطة القانونية وأنشطة المحاسبة,46,113,73,40,69,67,2,182,2023-1
3,منطقة الجوف,الأنشطة العقارية,55,53,34,19,127,125,2,180,2023-7
2,منطقة الجوف,صُنع المنسوجات,66,8,6,2,172,171,1,180,2023-4
4,منطقة الحدود الشمالية,الأنشطة الرياضية وأنشطة التسلية والترفيه,48,50,21,29,130,117,13,180,2023-10
4,منطقة الجوف,الأنشطة العقارية,55,53,33,20,127,124,3,180,2023-10
2,منطقة القصيم,الاتصالات,61,39,15,24,141,141,0,180,2023-4
1,منطقة القصيم,أنشطة الأمن والتحقيقات,17,148,138,10,32,28,4,180,2023-1
1,منطقة جازان,أنشطة جمع النفايات ومعالجتها وتصريفها ، واسترجاع المواد,12,31,15,16,148,148,0,179,2023-1
2,منطقة عسير,الطباعة واستنساخ وسائط الأعلام المسجّلة,36,51,28,23,128,127,1,179,2023-4
1,منطقة عسير,الطباعة واستنساخ وسائط الأعلام المسجّلة,35,51,27,24,128,127,1,179,2023-1
4,منطقة جازان,صُنع الورق ومنتجات الورق,10,58,26,32,121,120,1,179,2023-10
1,منطقة حائل,صنع المنتجات الصيدلانية الأساسية والمستحضرات الصيدلانية,9,91,62,29,87,86,1,178,2023-1
2,منطقة الجوف,الأنشطة الرياضية وأنشطة التسلية والترفيه,46,66,25,41,112,106,6,178,2023-4
1,منطقة جازان,صُنع المنتجات الجلدية والمنتجات ذات الصلة,53,2,1,1,176,176,0,178,2023-1
2,منطقة الحدود الشمالية,إصلاح أجهزة الحاسوب والسلع الشخصية والمنزلية,77,12,5,7,166,166,0,178,2023-4
4,منطقة الجوف,الأنشطة الرياضية وأنشطة التسلية والترفيه,45,52,22,30,126,115,11,178,2023-10
4,منطقة مكة المكرمة,أنشطة المعالجة وخدمات إدارة النفايات الأخرى,4,27,16,11,150,150,0,177,2023-10
4,منطقة عسير,أنشطة المنظمات ذات العضوية,41,107,38,69,70,68,2,177,2023-10
2,منطقة حائل,صنع المنتجات الصيدلانية الأساسية والمستحضرات الصيدلانية,9,89,62,27,87,86,1,176,2023-4
1,منطقة عسير,وكالات السفر ومشغّلو الجولات السياحية وخدمات الحجز والأنشطة المتصلة بها,61,43,21,22,132,132,0,175,2023-1
4,منطقة المدينة المنورة,الاتصالات,40,42,24,18,132,132,0,174,2023-10
2,منطقة جازان,صُنع المنتجات الجلدية والمنتجات ذات الصلة,52,3,1,2,171,171,0,174,2023-4
4,منطقة حائل,الأنشطة القانونية وأنشطة المحاسبة,46,118,87,31,55,53,2,173,2023-10
4,منطقة الجوف,تجميع المياه ومعالجتها وتوصيلها,24,35,24,11,138,138,0,173,2023-10
2,منطقة القصيم,أنشطة الأمن والتحقيقات,16,145,137,8,28,24,4,173,2023-4
1,منطقة عسير,أنشطة المنظمات ذات العضوية,39,94,39,55,78,72,6,172,2023-1
3,منطقة جازان,صُنع الورق ومنتجات الورق,11,54,26,28,118,117,1,172,2023-7
2,منطقة الباحة,الأنشطة الإدارية للمكاتب ، وأنشطة الدعم للمكاتب وغير ذلك من أنشطة الدعم للأعمال,55,35,27,8,136,136,0,171,2023-4
2,منطقة جازان,صُنع الورق ومنتجات الورق,8,49,23,26,122,122,0,171,2023-4
3,منطقة حائل,الأنشطة القانونية وأنشطة المحاسبة,43,121,86,35,49,47,2,170,2023-7
1,منطقة الباحة,إصلاح أجهزة الحاسوب والسلع الشخصية والمنزلية,75,13,12,1,153,153,0,166,2023-1
3,منطقة الباحة,الأنشطة الإدارية للمكاتب ، وأنشطة الدعم للمكاتب وغير ذلك من أنشطة الدعم للأعمال,50,20,14,6,145,145,0,165,2023-7
4,منطقة تبوك,أنشطة المنظمات ذات العضوية,21,134,36,98,31,29,2,165,2023-10
3,منطقة الجوف,الأنشطة الرياضية وأنشطة التسلية والترفيه,44,55,25,30,110,104,6,165,2023-7
3,منطقة الجوف,تجميع المياه ومعالجتها وتوصيلها,23,32,22,10,132,132,0,164,2023-7
4,منطقة حائل,صيد الأسماك وتربية المائيات,53,6,0,6,158,156,2,164,2023-10
2,منطقة الجوف,تجميع المياه ومعالجتها وتوصيلها,23,32,23,9,131,131,0,163,2023-4
1,منطقة الحدود الشمالية,التخزين وأنشطة الدعم للنقل,37,42,36,6,120,120,0,162,2023-1
4,منطقة تبوك,أنشطة الاستخدام,70,49,20,29,113,108,5,162,2023-10
1,منطقة المدينة المنورة,الصناعة التحويلية الأخرى,38,36,23,13,125,123,2,161,2023-1
4,منطقة تبوك,الأنشطة القانونية وأنشطة المحاسبة,40,129,58,71,32,31,1,161,2023-10
3,منطقة القصيم,أنشطة الأمن والتحقيقات,15,136,128,8,24,21,3,160,2023-7
1,منطقة الجوف,تجميع المياه ومعالجتها وتوصيلها,23,28,19,9,132,132,0,160,2023-1
1,منطقة تبوك,أنشطة المنظمات ذات العضوية,20,134,39,95,26,24,2,160,2023-1
3,المنطقة الشرقية,أنشطة المعالجة وخدمات إدارة النفايات الأخرى,10,42,36,6,118,117,1,160,2023-7
2,المنطقة الشرقية,أنشطة المعالجة وخدمات إدارة النفايات الأخرى,10,44,37,7,115,114,1,159,2023-4
2,منطقة تبوك,وكالات السفر ومشغّلو الجولات السياحية وخدمات الحجز والأنشطة المتصلة بها,50,33,17,16,125,122,3,158,2023-4
1,منطقة نجران,صُنع المنسوجات,54,8,3,5,150,142,8,158,2023-1
1,منطقة القصيم,الإدارة العامة والدفاع ؛ والضمان الاجتماعي الإلزامي,27,68,28,40,89,83,6,157,2023-1
2,منطقة الحدود الشمالية,أنشطة العمل الاجتماعي، دون إقامة,37,113,64,49,44,43,1,157,2023-4
4,منطقة الحدود الشمالية,أنشطة المعمارية والهندسية ، والاختبارات الفنية والتحليل,50,36,23,13,121,120,1,157,2023-10
3,منطقة الجوف,أبحاث الإعلان والسوق,67,15,10,5,141,140,1,156,2023-7
2,منطقة القصيم,الأنشطة البيطرية,24,54,44,10,102,100,2,156,2023-4
3,منطقة القصيم,الاتصالات,56,34,13,21,122,122,0,156,2023-7
1,منطقة تبوك,صُنع الورق ومنتجات الورق,8,35,16,19,119,119,0,154,2023-1
3,منطقة جازان,صُنع المنتجات الجلدية والمنتجات ذات الصلة,51,0,0,0,154,154,0,154,2023-7
4,منطقة تبوك,وكالات السفر ومشغّلو الجولات السياحية وخدمات الحجز والأنشطة المتصلة بها,52,29,15,14,123,121,2,152,2023-10
4,منطقة القصيم,الاتصالات,59,34,15,19,118,118,0,152,2023-10
4,منطقة القصيم,أنشطة الأمن والتحقيقات,15,131,122,9,21,18,3,152,2023-10
4,منطقة الجوف,أبحاث الإعلان والسوق,66,19,9,10,132,131,1,151,2023-10
2,منطقة الحدود الشمالية,أنشطة زراعة المحاصيل والإنتاج الحيواني والصيد والخدمات المتصلة,89,13,9,4,138,138,0,151,2023-4
1,منطقة حائل,وكالات السفر ومشغّلو الجولات السياحية وخدمات الحجز والأنشطة المتصلة بها,28,41,20,21,109,107,2,150,2023-1
1,منطقة جازان,صُنع الورق ومنتجات الورق,8,35,13,22,115,115,0,150,2023-1
4,منطقة الجوف,أنشطة الاستخدام,36,45,13,32,105,48,57,150,2023-10
2,منطقة نجران,صُنع المنسوجات,53,4,1,3,146,138,8,150,2023-4
2,منطقة القصيم,الإدارة العامة والدفاع ؛ والضمان الاجتماعي الإلزامي,24,65,27,38,85,78,7,150,2023-4
4,منطقة جازان,صُنع المنتجات الجلدية والمنتجات ذات الصلة,52,1,0,1,149,149,0,150,2023-10
2,منطقة جازان,أنشطة الاستخدام,52,25,12,13,124,124,0,149,2023-4
4,منطقة جازان,أنشطة الاستخدام,69,21,10,11,128,127,1,149,2023-10
2,منطقة الحدود الشمالية,صُنع الخشب ومنتجات الخشب والفلين ، باستثناء الأثاث ، صُنع أصناف من القش ومواد الضفر,53,10,6,4,139,139,0,149,2023-4
2,منطقة تبوك,أنشطة الاستخدام,59,50,24,26,98,96,2,148,2023-4
3,منطقة تبوك,الأنشطة القانونية وأنشطة المحاسبة,37,120,55,65,28,28,0,148,2023-7
1,منطقة عسير,الصرف الصحي,13,26,18,8,121,121,0,147,2023-1
2,منطقة الجوف,أنشطة الاستخدام,31,43,14,29,104,32,72,147,2023-4
3,منطقة تبوك,أنشطة الاستخدام,58,53,20,33,93,90,3,146,2023-7
2,منطقة الجوف,الأنشطة القانونية وأنشطة المحاسبة,40,116,75,41,30,30,0,146,2023-4
2,منطقة الحدود الشمالية,وكالات السفر ومشغّلو الجولات السياحية وخدمات الحجز والأنشطة المتصلة بها,14,46,45,1,99,99,0,145,2023-4
1,منطقة القصيم,الأنشطة البيطرية,23,47,42,5,98,96,2,145,2023-1
1,منطقة المدينة المنورة,الرعاية مع الإقامة,9,105,41,64,39,30,9,144,2023-1
1,منطقة الباحة,الأنشطة الإدارية للمكاتب ، وأنشطة الدعم للمكاتب وغير ذلك من أنشطة الدعم للأعمال,49,37,30,7,107,107,0,144,2023-1
3,منطقة القصيم,تعدين ركازات الفلزات,14,94,93,1,49,49,0,143,2023-7
3,منطقة نجران,صُنع المنسوجات,55,6,4,2,137,133,4,143,2023-7
2,منطقة القصيم,تعدين ركازات الفلزات,14,93,92,1,50,50,0,143,2023-4
1,منطقة القصيم,تعدين ركازات الفلزات,14,92,92,0,51,51,0,143,2023-1
3,منطقة تبوك,أنشطة المنظمات ذات العضوية,19,117,33,84,25,23,2,142,2023-7
3,منطقة الحدود الشمالية,وكالات السفر ومشغّلو الجولات السياحية وخدمات الحجز والأنشطة المتصلة بها,15,43,42,1,99,99,0,142,2023-7
1,منطقة تبوك,أنشطة الاستخدام,58,52,26,26,89,87,2,141,2023-1
2,منطقة حائل,الأنشطة القانونية وأنشطة المحاسبة,42,95,69,26,45,43,2,140,2023-4
4,منطقة نجران,صُنع المنسوجات,55,4,2,2,136,134,2,140,2023-10
4,منطقة الحدود الشمالية,وكالات السفر ومشغّلو الجولات السياحية وخدمات الحجز والأنشطة المتصلة بها,15,45,44,1,94,94,0,139,2023-10
4,منطقة حائل,أنشطة المنظمات ذات العضوية,32,82,45,37,57,53,4,139,2023-10
2,منطقة تبوك,أنشطة المنظمات ذات العضوية,19,112,30,82,27,25,2,139,2023-4
1,منطقة الجوف,أنشطة الاستخدام,32,49,20,29,90,33,57,139,2023-1
1,منطقة الجوف,الأنشطة القانونية وأنشطة المحاسبة,41,101,62,39,37,37,0,138,2023-1
3,منطقة تبوك,وكالات السفر ومشغّلو الجولات السياحية وخدمات الحجز والأنشطة المتصلة بها,50,35,19,16,102,100,2,137,2023-7
3,منطقة جازان,أنشطة الاستخدام,55,19,10,9,118,118,0,137,2023-7
2,منطقة حائل,وكالات السفر ومشغّلو الجولات السياحية وخدمات الحجز والأنشطة المتصلة بها,23,38,18,20,98,96,2,136,2023-4
2,منطقة المدينة المنورة,أنشطة خدمات المعلومات,22,80,31,49,56,54,2,136,2023-4
4,منطقة تبوك,الرعاية مع الإقامة,4,111,6,105,25,14,11,136,2023-10
4,منطقة مكة المكرمة,تعدين الفحم والليغنيت,16,35,14,21,101,101,0,136,2023-10
3,منطقة نجران,أنشطة المنظمات ذات العضوية,35,78,63,15,57,56,1,135,2023-7
4,منطقة جازان,الصرف الصحي,32,15,7,8,120,120,0,135,2023-10
4,منطقة القصيم,تعدين ركازات الفلزات,11,90,89,1,44,44,0,134,2023-10
1,منطقة الحدود الشمالية,الأنشطة العقارية,43,31,21,10,103,101,2,134,2023-1
1,منطقة جازان,أنشطة الاستخدام,44,18,9,9,116,116,0,134,2023-1
3,منطقة نجران,الصرف الصحي,6,11,3,8,123,123,0,134,2023-7
1,منطقة القصيم,أنشطة الخدمات المالية ، فيما عدا تمويل التأمين وصناديق المعاشات,32,29,23,6,105,105,0,134,2023-1
4,منطقة الحدود الشمالية,التخزين وأنشطة الدعم للنقل,47,18,11,7,115,114,1,133,2023-10
3,منطقة الجوف,أنشطة الاستخدام,35,45,14,31,88,37,51,133,2023-7
3,منطقة نجران,أنشطة جمع النفايات ومعالجتها وتصريفها ، واسترجاع المواد,17,14,3,11,119,119,0,133,2023-7
4,منطقة تبوك,الطباعة واستنساخ وسائط الأعلام المسجّلة,25,35,15,20,97,95,2,132,2023-10
3,منطقة حائل,صيد الأسماك وتربية المائيات,43,6,0,6,126,125,1,132,2023-7
3,منطقة القصيم,الإدارة العامة والدفاع ؛ والضمان الاجتماعي الإلزامي,22,50,29,21,81,76,5,131,2023-7
2,منطقة تبوك,الأنشطة القانونية وأنشطة المحاسبة,33,103,47,56,28,28,0,131,2023-4
1,منطقة الحدود الشمالية,الأنشطة الإدارية للمكاتب ، وأنشطة الدعم للمكاتب وغير ذلك من أنشطة الدعم للأعمال,53,14,5,9,117,117,0,131,2023-1
4,منطقة الجوف,الأنشطة القانونية وأنشطة المحاسبة,41,97,63,34,34,32,2,131,2023-10
2,منطقة الحدود الشمالية,الأنشطة العقارية,43,24,17,7,106,103,3,130,2023-4
4,منطقة نجران,أنشطة المنظمات ذات العضوية,36,69,60,9,61,60,1,130,2023-10
3,منطقة جازان,الصرف الصحي,31,12,5,7,117,117,0,129,2023-7
4,منطقة نجران,الأنشطة القانونية وأنشطة المحاسبة,46,37,26,11,92,90,2,129,2023-10
2,منطقة نجران,أنشطة المنظمات ذات العضوية,32,74,60,14,54,53,1,128,2023-4
3,منطقة الجوف,الأنشطة القانونية وأنشطة المحاسبة,40,97,60,37,31,31,0,128,2023-7
3,منطقة الحدود الشمالية,الأنشطة العقارية,43,23,18,5,105,101,4,128,2023-7
1,منطقة الحدود الشمالية,صُنع الخشب ومنتجات الخشب والفلين ، باستثناء الأثاث ، صُنع أصناف من القش ومواد الضفر,51,9,5,4,118,118,0,127,2023-1
3,منطقة مكة المكرمة,أنشطة المعالجة وخدمات إدارة النفايات الأخرى,4,18,10,8,109,109,0,127,2023-7
3,منطقة حائل,أنشطة المنظمات ذات العضوية,32,63,35,28,64,60,4,127,2023-7
1,منطقة الحدود الشمالية,أنشطة زراعة المحاصيل والإنتاج الحيواني والصيد والخدمات المتصلة,88,9,5,4,116,116,0,125,2023-1
4,منطقة الحدود الشمالية,الأنشطة العقارية,46,21,16,5,104,100,4,125,2023-10
1,منطقة جازان,الرعاية مع الإقامة,4,109,2,107,15,4,11,124,2023-1
2,منطقة القصيم,أنشطة الخدمات المالية ، فيما عدا تمويل التأمين وصناديق المعاشات,34,31,24,7,93,93,0,124,2023-4
2,منطقة المدينة المنورة,أنشطة المكاتب الرئيسية، والأنشطة الاستشارية في مجال الإدارة,40,61,31,30,63,61,2,124,2023-4
1,المنطقة الشرقية,أنشطة المكتبات والمحفوظات والمتاحف والأنشطة الثقافية الأخرى,30,33,19,14,91,90,1,124,2023-1
3,منطقة المدينة المنورة,أنشطة المكاتب الرئيسية، والأنشطة الاستشارية في مجال الإدارة,39,56,29,27,68,63,5,124,2023-7
3,منطقة الحدود الشمالية,التخزين وأنشطة الدعم للنقل,44,26,16,10,98,98,0,124,2023-7
2,منطقة الحدود الشمالية,الأنشطة الإدارية للمكاتب ، وأنشطة الدعم للمكاتب وغير ذلك من أنشطة الدعم للأعمال,52,13,8,5,111,111,0,124,2023-4
4,منطقة الجوف,أنشطة الأمن والتحقيقات,5,122,114,8,2,2,0,124,2023-10
3,منطقة المدينة المنورة,أنشطة خدمات المعلومات,19,74,27,47,50,47,3,124,2023-7
1,منطقة نجران,صناعة الآلات والمعدات غير المصنفة في موضع أخر,12,1,0,1,123,123,0,124,2023-1
4,منطقة عسير,صنع المنتجات الصيدلانية الأساسية والمستحضرات الصيدلانية,21,28,9,19,95,88,7,123,2023-10
4,منطقة جازان,الصناعة التحويلية الأخرى,29,20,9,11,103,99,4,123,2023-10
3,منطقة نجران,الأنشطة القانونية وأنشطة المحاسبة,44,32,23,9,91,90,1,123,2023-7
3,منطقة تبوك,الرعاية مع الإقامة,4,101,7,94,21,12,9,122,2023-7
3,منطقة حائل,وكالات السفر ومشغّلو الجولات السياحية وخدمات الحجز والأنشطة المتصلة بها,24,31,14,17,91,88,3,122,2023-7
3,منطقة الباحة,إصلاح وتركيب الآلات والمعدات,54,12,7,5,110,110,0,122,2023-7
1,منطقة المدينة المنورة,أنشطة المكاتب الرئيسية، والأنشطة الاستشارية في مجال الإدارة,35,68,35,33,54,53,1,122,2023-1
1,منطقة نجران,الأنشطة القانونية وأنشطة المحاسبة,40,23,15,8,98,97,1,121,2023-1
4,منطقة الباحة,إصلاح وتركيب الآلات والمعدات,53,6,4,2,115,115,0,121,2023-10
4,منطقة الجوف,صُنع المشروبات,10,30,13,17,91,91,0,121,2023-10
2,منطقة نجران,صناعة الآلات والمعدات غير المصنفة في موضع أخر,12,0,0,0,120,120,0,120,2023-4
1,منطقة تبوك,الرعاية مع الإقامة,4,101,3,98,19,10,9,120,2023-1
2,منطقة الباحة,صُنع المواد الكيميائية والمنتجات الكيميائية,8,31,11,20,88,88,0,119,2023-4
1,منطقة حائل,أنشطة المنظمات ذات العضوية,33,67,33,34,52,51,1,119,2023-1
1,منطقة نجران,أنشطة المنظمات ذات العضوية,32,72,59,13,47,46,1,119,2023-1
3,منطقة المدينة المنورة,الاتصالات,40,43,26,17,76,76,0,119,2023-7
2,منطقة نجران,الأنشطة القانونية وأنشطة المحاسبة,42,28,18,10,90,89,1,118,2023-4
2,منطقة تبوك,الطباعة واستنساخ وسائط الأعلام المسجّلة,23,26,12,14,92,91,1,118,2023-4
3,منطقة تبوك,الطباعة واستنساخ وسائط الأعلام المسجّلة,24,26,10,16,92,90,2,118,2023-7
2,منطقة عسير,أنشطة المنظمات ذات العضوية,39,66,38,28,52,47,5,118,2023-4
1,منطقة تبوك,الأنشطة القانونية وأنشطة المحاسبة,32,91,40,51,27,27,0,118,2023-1
4,منطقة حائل,وكالات السفر ومشغّلو الجولات السياحية وخدمات الحجز والأنشطة المتصلة بها,24,31,17,14,87,84,3,118,2023-10
4,منطقة المدينة المنورة,أنشطة خدمات المعلومات,17,77,30,47,41,38,3,118,2023-10
4,منطقة الرياض,تعدين الفحم والليغنيت,26,22,10,12,95,94,1,117,2023-10
1,منطقة حائل,الأنشطة القانونية وأنشطة المحاسبة,39,73,57,16,44,42,2,117,2023-1
1,منطقة الباحة,صُنع المواد الكيميائية والمنتجات الكيميائية,9,26,11,15,89,89,0,115,2023-1
3,منطقة عسير,أنشطة المنظمات ذات العضوية,40,66,32,34,49,47,2,115,2023-7
1,منطقة جازان,الإدارة العامة والدفاع ؛ والضمان الاجتماعي الإلزامي,36,6,2,4,109,106,3,115,2023-1
4,منطقة الباحة,الأنشطة العقارية,35,28,19,9,86,86,0,114,2023-10
3,منطقة الحدود الشمالية,صُنع الخشب ومنتجات الخشب والفلين ، باستثناء الأثاث ، صُنع أصناف من القش ومواد الضفر,49,6,2,4,108,108,0,114,2023-7
4,منطقة المدينة المنورة,أنشطة المكاتب الرئيسية، والأنشطة الاستشارية في مجال الإدارة,38,57,25,32,56,55,1,113,2023-10
1,منطقة الباحة,إصلاح وتركيب الآلات والمعدات,55,9,7,2,104,104,0,113,2023-1
2,منطقة الجوف,صُنع المشروبات,9,29,17,12,83,83,0,112,2023-4
1,منطقة القصيم,صنع فحم الكوك والمنتجات النفطية المكررة,7,28,25,3,84,84,0,112,2023-1
4,منطقة جازان,الأنشطة المهنية والعلمية والتقنية الأخرى,47,26,10,16,85,80,5,111,2023-10
3,منطقة الحدود الشمالية,الأنشطة الإدارية للمكاتب ، وأنشطة الدعم للمكاتب وغير ذلك من أنشطة الدعم للأعمال,54,9,3,6,102,102,0,111,2023-7
1,منطقة تبوك,الطباعة واستنساخ وسائط الأعلام المسجّلة,22,25,9,16,86,85,1,111,2023-1
4,منطقة الباحة,التخزين وأنشطة الدعم للنقل,34,24,9,15,86,86,0,110,2023-10
2,منطقة القصيم,صنع فحم الكوك والمنتجات النفطية المكررة,7,25,23,2,85,85,0,110,2023-4
2,منطقة الباحة,إصلاح وتركيب الآلات والمعدات,52,7,5,2,103,103,0,110,2023-4
3,منطقة القصيم,أنشطة الخدمات المالية ، فيما عدا تمويل التأمين وصناديق المعاشات,34,26,21,5,84,84,0,110,2023-7
2,منطقة الباحة,الأنشطة العقارية,35,29,22,7,81,81,0,110,2023-4
1,منطقة الباحة,الأنشطة العقارية,33,32,25,7,77,77,0,109,2023-1
3,منطقة عسير,صنع المنتجات الصيدلانية الأساسية والمستحضرات الصيدلانية,15,31,8,23,78,71,7,109,2023-7
2,منطقة جازان,الإدارة العامة والدفاع ؛ والضمان الاجتماعي الإلزامي,35,5,2,3,104,101,3,109,2023-4
2,منطقة المدينة المنورة,استخراج النفط الخام والغاز الطبيعي,1,78,78,0,31,31,0,109,2023-4
1,منطقة المدينة المنورة,استخراج النفط الخام والغاز الطبيعي,1,76,76,0,33,33,0,109,2023-1
4,منطقة الحدود الشمالية,الأنشطة الإدارية للمكاتب ، وأنشطة الدعم للمكاتب وغير ذلك من أنشطة الدعم للأعمال,53,7,2,5,101,100,1,108,2023-10
1,منطقة تبوك,الأنشطة المهنية والعلمية والتقنية الأخرى,48,20,11,9,88,84,4,108,2023-1
1,منطقة المدينة المنورة,الإدارة العامة والدفاع ؛ والضمان الاجتماعي الإلزامي,34,29,21,8,79,78,1,108,2023-1
3,منطقة نجران,صناعة الآلات والمعدات غير المصنفة في موضع أخر,10,0,0,0,108,108,0,108,2023-7
1,منطقة تبوك,الإدارة العامة والدفاع ؛ والضمان الاجتماعي الإلزامي,16,52,23,29,55,53,2,107,2023-1
4,منطقة المدينة المنورة,النقل الجوي,11,46,39,7,61,60,1,107,2023-10
4,منطقة نجران,صناعة الآلات والمعدات غير المصنفة في موضع أخر,11,0,0,0,107,107,0,107,2023-10
1,منطقة جازان,الأنشطة المهنية والعلمية والتقنية الأخرى,49,27,7,20,80,77,3,107,2023-1
1,منطقة المدينة المنورة,أنشطة خدمات المعلومات,20,68,24,44,39,37,2,107,2023-1
1,منطقة الحدود الشمالية,أبحاث الإعلان والسوق,32,24,8,16,82,82,0,106,2023-1
3,منطقة الجوف,صُنع المشروبات,9,21,11,10,85,85,0,106,2023-7
2,منطقة حائل,أنشطة المنظمات ذات العضوية,30,55,27,28,51,50,1,106,2023-4
3,منطقة حائل,أنشطة الأمن والتحقيقات,5,96,90,6,10,10,0,106,2023-7
4,منطقة عسير,الأنشطة البيطرية,35,19,6,13,87,84,3,106,2023-10
4,المنطقة الشرقية,الأنشطة الإبداعية والفنون وأنشطة الترفيه,33,41,11,30,65,60,5,106,2023-10
2,منطقة المدينة المنورة,الإدارة العامة والدفاع ؛ والضمان الاجتماعي الإلزامي,32,30,22,8,75,74,1,105,2023-4
4,منطقة جازان,صُنع المنسوجات,40,9,6,3,96,95,1,105,2023-10
3,منطقة عسير,أنشطة المكاتب الرئيسية، والأنشطة الاستشارية في مجال الإدارة,20,74,30,44,31,29,2,105,2023-7
4,منطقة القصيم,أنشطة الخدمات المالية ، فيما عدا تمويل التأمين وصناديق المعاشات,27,24,21,3,81,81,0,105,2023-10
1,منطقة عسير,الاتصالات,46,23,16,7,82,81,1,105,2023-1
4,منطقة جازان,النقل المائي,16,59,35,24,46,46,0,105,2023-10
3,منطقة الحدود الشمالية,تجميع المياه ومعالجتها وتوصيلها,23,11,9,2,94,94,0,105,2023-7
3,منطقة جازان,النقل المائي,16,62,37,25,42,42,0,104,2023-7
3,منطقة الباحة,الأنشطة العقارية,33,27,18,9,76,76,0,103,2023-7
4,منطقة القصيم,الإدارة العامة والدفاع ؛ والضمان الاجتماعي الإلزامي,21,41,23,18,62,59,3,103,2023-10
3,منطقة الباحة,صُنع المواد الكيميائية والمنتجات الكيميائية,8,25,12,13,78,78,0,103,2023-7
4,منطقة حائل,صُنع الورق ومنتجات الورق,10,19,3,16,84,84,0,103,2023-10
3,منطقة المدينة المنورة,النقل الجوي,13,48,40,8,55,55,0,103,2023-7
4,منطقة الباحة,صُنع المواد الكيميائية والمنتجات الكيميائية,9,23,10,13,79,79,0,102,2023-10
2,منطقة جازان,الأنشطة المهنية والعلمية والتقنية الأخرى,48,23,8,15,79,77,2,102,2023-4
4,منطقة الحدود الشمالية,تجميع المياه ومعالجتها وتوصيلها,26,12,7,5,90,90,0,102,2023-10
1,منطقة المدينة المنورة,صُنع المنتجات الجلدية والمنتجات ذات الصلة,12,14,5,9,88,87,1,102,2023-1
2,المنطقة الشرقية,الأنشطة الإبداعية والفنون وأنشطة الترفيه,31,43,10,33,59,54,5,102,2023-4
2,منطقة حائل,صُنع الورق ومنتجات الورق,10,23,3,20,79,79,0,102,2023-4
3,منطقة عسير,الأنشطة البيطرية,35,18,5,13,84,81,3,102,2023-7
4,منطقة القصيم,صنع فحم الكوك والمنتجات النفطية المكررة,8,26,22,4,76,76,0,102,2023-10
1,منطقة عسير,تعدين ركازات الفلزات,37,10,6,4,91,91,0,101,2023-1
3,منطقة جازان,الأنشطة المهنية والعلمية والتقنية الأخرى,46,22,10,12,79,76,3,101,2023-7
2,منطقة مكة المكرمة,أنشطة المعالجة وخدمات إدارة النفايات الأخرى,4,16,9,7,85,85,0,101,2023-4
3,منطقة جازان,الإدارة العامة والدفاع ؛ والضمان الاجتماعي الإلزامي,33,7,3,4,93,90,3,100,2023-7
4,منطقة الحدود الشمالية,أنشطة جمع النفايات ومعالجتها وتصريفها ، واسترجاع المواد,3,41,23,18,59,59,0,100,2023-10
3,منطقة القصيم,صنع فحم الكوك والمنتجات النفطية المكررة,7,25,23,2,75,75,0,100,2023-7
3,منطقة المدينة المنورة,استخراج النفط الخام والغاز الطبيعي,1,75,75,0,25,25,0,100,2023-7
2,منطقة المدينة المنورة,الاتصالات,35,32,13,19,67,67,0,99,2023-4
4,منطقة القصيم,الحراجة وقطع الأخشاب,7,33,17,16,66,66,0,99,2023-10
1,منطقة حائل,أنشطة الأمن والتحقيقات,5,89,84,5,10,10,0,99,2023-1
1,منطقة الباحة,الأنشطة الرياضية وأنشطة التسلية والترفيه,32,30,15,15,68,61,7,98,2023-1
2,منطقة الحدود الشمالية,أبحاث الإعلان والسوق,33,22,6,16,76,76,0,98,2023-4
3,المنطقة الشرقية,الأنشطة الإبداعية والفنون وأنشطة الترفيه,33,39,10,29,59,55,4,98,2023-7
3,منطقة حائل,صُنع الورق ومنتجات الورق,10,19,3,16,79,79,0,98,2023-7
4,منطقة المدينة المنورة,استخراج النفط الخام والغاز الطبيعي,1,73,73,0,25,25,0,98,2023-10
1,منطقة الجوف,صُنع المشروبات,9,22,12,10,76,76,0,98,2023-1
3,منطقة المدينة المنورة,الإدارة العامة والدفاع ؛ والضمان الاجتماعي الإلزامي,33,28,22,6,70,70,0,98,2023-7
3,منطقة المدينة المنورة,الأنشطة المساعدة لأنشطة الخدمات المالية وأنشطة التأمين,15,86,76,10,12,12,0,98,2023-7
3,منطقة تبوك,صيد الأسماك وتربية المائيات,32,0,0,0,97,95,2,97,2023-7
4,منطقة المدينة المنورة,الأنشطة المساعدة لأنشطة الخدمات المالية وأنشطة التأمين,16,86,76,10,11,11,0,97,2023-10
1,منطقة الجوف,الأنشطة الأخرى للتعدين واستغلال المحاجر,14,20,16,4,76,76,0,96,2023-1
2,منطقة المدينة المنورة,صُنع المنتجات الجلدية والمنتجات ذات الصلة,11,14,5,9,82,81,1,96,2023-4
3,منطقة الحدود الشمالية,أبحاث الإعلان والسوق,32,25,8,17,70,70,0,95,2023-7
2,منطقة عسير,تعدين ركازات الفلزات,35,8,4,4,87,87,0,95,2023-4
3,منطقة نجران,صُنع الورق ومنتجات الورق,23,13,8,5,81,81,0,94,2023-7
1,منطقة عسير,أنشطة النشر,12,25,17,8,69,69,0,94,2023-1
2,منطقة عسير,الأنشطة البيطرية,36,13,5,8,81,78,3,94,2023-4
1,منطقة عسير,الأنشطة البيطرية,36,13,7,6,81,77,4,94,2023-1
2,منطقة تبوك,الأنشطة المهنية والعلمية والتقنية الأخرى,44,16,10,6,78,74,4,94,2023-4
1,منطقة عسير,الأنشطة الإبداعية والفنون وأنشطة الترفيه,15,28,9,19,65,65,0,93,2023-1
1,منطقة جازان,النقل المائي,16,55,36,19,38,38,0,93,2023-1
3,منطقة الباحة,أبحاث الإعلان والسوق,31,27,16,11,66,66,0,93,2023-7
2,منطقة جازان,الرعاية مع الإقامة,5,71,2,69,22,7,15,93,2023-4
2,منطقة الباحة,الأنشطة الرياضية وأنشطة التسلية والترفيه,32,29,13,16,64,60,4,93,2023-4
2,منطقة الباحة,صُنع المنسوجات,22,12,5,7,81,80,1,93,2023-4
4,منطقة عسير,الاتصالات,45,18,16,2,75,73,2,93,2023-10
4,منطقة جازان,وكالات السفر ومشغّلو الجولات السياحية وخدمات الحجز والأنشطة المتصلة بها,37,29,6,23,64,62,2,93,2023-10
3,منطقة الحدود الشمالية,أنشطة جمع النفايات ومعالجتها وتصريفها ، واسترجاع المواد,3,30,16,14,62,62,0,92,2023-7
1,منطقة الجوف,أنشطة المنظمات ذات العضوية,24,55,41,14,37,37,0,92,2023-1
2,منطقة الحدود الشمالية,التخزين وأنشطة الدعم للنقل,36,15,8,7,77,77,0,92,2023-4
2,منطقة الجوف,الأنشطة الأخرى للتعدين واستغلال المحاجر,13,21,16,5,71,71,0,92,2023-4
1,منطقة حائل,صُنع الورق ومنتجات الورق,9,21,6,15,71,71,0,92,2023-1
3,منطقة عسير,أنشطة الخدمات المالية ، فيما عدا تمويل التأمين وصناديق المعاشات,28,32,12,20,60,58,2,92,2023-7
4,منطقة جازان,الإدارة العامة والدفاع ؛ والضمان الاجتماعي الإلزامي,29,5,3,2,87,84,3,92,2023-10
3,منطقة جازان,صُنع المنسوجات,37,7,5,2,85,85,0,92,2023-7
1,منطقة حائل,أنشطة النشر,25,6,1,5,85,85,0,91,2023-1
2,منطقة الباحة,أبحاث الإعلان والسوق,32,24,17,7,67,67,0,91,2023-4
1,منطقة نجران,صُنع الورق ومنتجات الورق,22,8,4,4,83,83,0,91,2023-1
3,منطقة جازان,الصناعة التحويلية الأخرى,24,11,4,7,80,79,1,91,2023-7
2,منطقة عسير,صنع المنتجات الصيدلانية الأساسية والمستحضرات الصيدلانية,13,25,8,17,66,59,7,91,2023-4
2,منطقة جازان,النقل المائي,17,54,35,19,37,37,0,91,2023-4
1,المنطقة الشرقية,الأنشطة الإبداعية والفنون وأنشطة الترفيه,32,30,11,19,60,55,5,90,2023-1
4,منطقة تبوك,صيد الأسماك وتربية المائيات,30,0,0,0,90,88,2,90,2023-10
4,منطقة نجران,صُنع الورق ومنتجات الورق,22,13,9,4,77,77,0,90,2023-10
2,منطقة تبوك,الإدارة العامة والدفاع ؛ والضمان الاجتماعي الإلزامي,12,46,16,30,44,43,1,90,2023-4
3,منطقة المدينة المنورة,الرعاية مع الإقامة,5,63,10,53,27,23,4,90,2023-7
1,منطقة المدينة المنورة,الاتصالات,34,27,13,14,63,63,0,90,2023-1
2,منطقة عسير,الاتصالات,39,16,12,4,74,72,2,90,2023-4
3,منطقة الباحة,صُنع المنسوجات,21,10,5,5,80,79,1,90,2023-7
4,منطقة الحدود الشمالية,صُنع المنسوجات,33,7,7,0,82,82,0,89,2023-10
4,منطقة عسير,أنشطة الخدمات المالية ، فيما عدا تمويل التأمين وصناديق المعاشات,25,33,13,20,56,54,2,89,2023-10
1,منطقة عسير,أنشطة الخدمات المالية ، فيما عدا تمويل التأمين وصناديق المعاشات,28,32,14,18,57,56,1,89,2023-1
1,منطقة الباحة,صُنع المنسوجات,23,10,4,6,79,78,1,89,2023-1
3,منطقة تبوك,النقل المائي,16,20,13,7,68,55,13,88,2023-7
2,منطقة جازان,صُنع المنسوجات,36,7,4,3,81,81,0,88,2023-4
2,منطقة عسير,أنشطة الخدمات المالية ، فيما عدا تمويل التأمين وصناديق المعاشات,28,31,13,18,57,56,1,88,2023-4
2,منطقة الحدود الشمالية,صُنع المنسوجات,30,6,4,2,81,81,0,87,2023-4
2,منطقة عسير,الأنشطة الإبداعية والفنون وأنشطة الترفيه,14,23,8,15,64,64,0,87,2023-4
4,منطقة جازان,الطباعة واستنساخ وسائط الأعلام المسجّلة,18,24,18,6,63,63,0,87,2023-10
4,منطقة المدينة المنورة,الإدارة العامة والدفاع ؛ والضمان الاجتماعي الإلزامي,28,25,21,4,62,62,0,87,2023-10
2,منطقة حائل,أنشطة النشر,25,5,3,2,82,82,0,87,2023-4
1,منطقة عسير,صنع فحم الكوك والمنتجات النفطية المكررة,2,22,12,10,65,65,0,87,2023-1
3,منطقة تبوك,الإدارة العامة والدفاع ؛ والضمان الاجتماعي الإلزامي,11,47,18,29,40,39,1,87,2023-7
3,منطقة حائل,أنشطة النشر,25,12,4,8,74,74,0,86,2023-7
4,منطقة مكة المكرمة,الحراجة وقطع الأخشاب,10,6,4,2,80,80,0,86,2023-10
2,منطقة عسير,أنشطة النشر,12,23,15,8,63,63,0,86,2023-4
4,منطقة تبوك,النقل المائي,15,19,10,9,67,54,13,86,2023-10
2,منطقة حائل,أنشطة الأمن والتحقيقات,5,76,71,5,10,10,0,86,2023-4
1,منطقة الباحة,أبحاث الإعلان والسوق,30,21,14,7,65,65,0,86,2023-1
3,منطقة الباحة,الأنشطة الرياضية وأنشطة التسلية والترفيه,30,26,13,13,59,55,4,85,2023-7
1,منطقة عسير,صنع الحواسيب والمنتجات الإلكترونية والبصرية,39,4,3,1,81,81,0,85,2023-1
3,منطقة عسير,تعدين ركازات الفلزات,31,8,4,4,77,77,0,85,2023-7
2,منطقة جازان,وكالات السفر ومشغّلو الجولات السياحية وخدمات الحجز والأنشطة المتصلة بها,30,27,6,21,58,58,0,85,2023-4
4,منطقة عسير,أنشطة النشر,15,20,10,10,65,64,1,85,2023-10
2,منطقة عسير,صنع فحم الكوك والمنتجات النفطية المكررة,2,21,11,10,64,64,0,85,2023-4
4,منطقة الحدود الشمالية,أبحاث الإعلان والسوق,29,17,6,11,68,68,0,85,2023-10
1,منطقة الحدود الشمالية,تجميع المياه ومعالجتها وتوصيلها,22,7,6,1,77,77,0,84,2023-1
3,منطقة الحدود الشمالية,صُنع المنسوجات,30,5,4,1,79,79,0,84,2023-7
4,المنطقة الشرقية,الحراجة وقطع الأخشاب,12,27,18,9,57,57,0,84,2023-10
1,منطقة جازان,صُنع المنسوجات,33,7,4,3,76,76,0,83,2023-1
4,منطقة حائل,أنشطة النشر,24,16,8,8,67,67,0,83,2023-10
1,منطقة الحدود الشمالية,صُنع المنسوجات,29,7,6,1,76,76,0,83,2023-1
4,منطقة تبوك,الصناعة التحويلية الأخرى,15,28,8,20,55,52,3,83,2023-10
2,منطقة نجران,صُنع الورق ومنتجات الورق,22,7,3,4,76,76,0,83,2023-4
4,منطقة الجوف,الأنشطة الأخرى للتعدين واستغلال المحاجر,13,16,10,6,67,66,1,83,2023-10
4,منطقة الجوف,أنشطة المنظمات ذات العضوية,23,54,37,17,28,28,0,82,2023-10
2,منطقة الجوف,أنشطة المنظمات ذات العضوية,24,48,36,12,34,34,0,82,2023-4
2,المنطقة الشرقية,أنشطة المكتبات والمحفوظات والمتاحف والأنشطة الثقافية الأخرى,26,16,9,7,66,65,1,82,2023-4
3,منطقة جازان,وكالات السفر ومشغّلو الجولات السياحية وخدمات الحجز والأنشطة المتصلة بها,33,25,5,20,57,57,0,82,2023-7
3,منطقة القصيم,توصيل الكهرباء والغاز والبخار وتكييف الهواء,15,15,13,2,67,67,0,82,2023-7
1,منطقة جازان,وكالات السفر ومشغّلو الجولات السياحية وخدمات الحجز والأنشطة المتصلة بها,28,24,8,16,58,58,0,82,2023-1
4,منطقة حائل,الطباعة واستنساخ وسائط الأعلام المسجّلة,22,16,6,10,66,66,0,82,2023-10
2,منطقة عسير,صنع الحواسيب والمنتجات الإلكترونية والبصرية,39,4,3,1,78,78,0,82,2023-4
4,منطقة جازان,الاتصالات,30,36,19,17,46,46,0,82,2023-10
2,منطقة المدينة المنورة,الأنشطة المساعدة لأنشطة الخدمات المالية وأنشطة التأمين,16,71,61,10,11,11,0,82,2023-4
3,منطقة عسير,أنشطة البريد ونقل الرسائل والطرود بواسطة مندوبين,14,49,20,29,32,32,0,81,2023-7
2,منطقة الحدود الشمالية,تجميع المياه ومعالجتها وتوصيلها,21,8,7,1,73,73,0,81,2023-4
4,منطقة تبوك,الإدارة العامة والدفاع ؛ والضمان الاجتماعي الإلزامي,11,44,16,28,37,36,1,81,2023-10
2,منطقة جازان,الصناعة التحويلية الأخرى,21,9,4,5,72,71,1,81,2023-4
3,منطقة الجوف,أنشطة المنظمات ذات العضوية,23,52,37,15,29,29,0,81,2023-7
3,منطقة عسير,الاتصالات,42,13,10,3,68,66,2,81,2023-7
4,منطقة عسير,تعدين ركازات الفلزات,30,7,3,4,74,74,0,81,2023-10
3,منطقة الباحة,التخزين وأنشطة الدعم للنقل,33,16,7,9,65,65,0,81,2023-7
3,منطقة عسير,أنشطة النشر,10,21,14,7,59,59,0,80,2023-7
3,منطقة الجوف,الأنشطة الأخرى للتعدين واستغلال المحاجر,14,14,10,4,66,66,0,80,2023-7
2,منطقة حائل,الطباعة واستنساخ وسائط الأعلام المسجّلة,22,14,8,6,65,65,0,79,2023-4
1,منطقة حائل,الطباعة واستنساخ وسائط الأعلام المسجّلة,21,14,8,6,65,65,0,79,2023-1
2,منطقة جازان,صنع المعدات الكهربائية,29,3,2,1,76,76,0,79,2023-4
1,منطقة المدينة المنورة,صنع الحواسيب والمنتجات الإلكترونية والبصرية,18,21,18,3,58,58,0,79,2023-1
3,منطقة المدينة المنورة,الأنشطة البيطرية,21,19,7,12,59,54,5,78,2023-7
3,منطقة تبوك,الصناعة التحويلية الأخرى,15,22,5,17,56,53,3,78,2023-7
2,منطقة المدينة المنورة,الأنشطة البيطرية,21,19,6,13,59,54,5,78,2023-4
3,منطقة حائل,الطباعة واستنساخ وسائط الأعلام المسجّلة,23,14,8,6,64,64,0,78,2023-7
4,منطقة الباحة,الأنشطة الرياضية وأنشطة التسلية والترفيه,27,25,13,12,53,50,3,78,2023-10
1,منطقة جازان,صنع المعدات الكهربائية,28,1,1,0,77,77,0,78,2023-1
4,منطقة نجران,أنشطة البريد ونقل الرسائل والطرود بواسطة مندوبين,6,4,0,4,73,73,0,77,2023-10
4,منطقة القصيم,الأنشطة البيطرية,25,26,18,8,51,49,2,77,2023-10
1,منطقة الباحة,التخزين وأنشطة الدعم للنقل,27,16,7,9,61,61,0,77,2023-1
3,منطقة جازان,صنع المعدات الكهربائية,28,1,1,0,76,76,0,77,2023-7
1,منطقة عسير,صنع المنتجات الصيدلانية الأساسية والمستحضرات الصيدلانية,8,20,7,13,57,50,7,77,2023-1
3,منطقة عسير,صنع الحواسيب والمنتجات الإلكترونية والبصرية,36,5,3,2,71,71,0,76,2023-7
3,منطقة الجوف,أنشطة الأمن والتحقيقات,6,74,66,8,2,2,0,76,2023-7
1,منطقة الباحة,تجميع المياه ومعالجتها وتوصيلها,32,7,4,3,69,69,0,76,2023-1
4,منطقة المدينة المنورة,الأنشطة البيطرية,20,19,6,13,57,52,5,76,2023-10
1,منطقة عسير,الإدارة العامة والدفاع ؛ والضمان الاجتماعي الإلزامي,23,8,4,4,67,67,0,75,2023-1
4,منطقة الباحة,أبحاث الإعلان والسوق,28,14,8,6,61,61,0,75,2023-10
4,منطقة القصيم,توصيل الكهرباء والغاز والبخار وتكييف الهواء,15,13,10,3,62,62,0,75,2023-10
1,منطقة جازان,الصناعة التحويلية الأخرى,20,11,7,4,64,64,0,75,2023-1
3,منطقة تبوك,الأنشطة المهنية والعلمية والتقنية الأخرى,40,9,9,0,66,63,3,75,2023-7
4,منطقة نجران,صيد الأسماك وتربية المائيات,23,2,2,0,72,72,0,74,2023-10
1,منطقة الجوف,وكالات السفر ومشغّلو الجولات السياحية وخدمات الحجز والأنشطة المتصلة بها,20,18,10,8,56,56,0,74,2023-1
1,منطقة الجوف,أنشطة الأمن والتحقيقات,9,71,55,16,3,3,0,74,2023-1
1,منطقة جازان,أنشطة البرمجة الحاسوبية والخبرة الاستشارية وما يتصل بها من أنشطة,31,4,3,1,70,70,0,74,2023-1
2,منطقة المدينة المنورة,النقل الجوي,12,36,31,5,37,37,0,73,2023-4
4,منطقة تبوك,الأنشطة المهنية والعلمية والتقنية الأخرى,39,12,9,3,61,56,5,73,2023-10
3,منطقة عسير,الأنشطة الإبداعية والفنون وأنشطة الترفيه,12,20,7,13,53,53,0,73,2023-7
4,منطقة عسير,صنع الحواسيب والمنتجات الإلكترونية والبصرية,38,4,3,1,69,69,0,73,2023-10
2,منطقة الجوف,وكالات السفر ومشغّلو الجولات السياحية وخدمات الحجز والأنشطة المتصلة بها,21,18,12,6,55,55,0,73,2023-4
1,منطقة المدينة المنورة,الأنشطة المساعدة لأنشطة الخدمات المالية وأنشطة التأمين,17,62,53,9,11,11,0,73,2023-1
2,منطقة الباحة,التخزين وأنشطة الدعم للنقل,27,17,8,9,56,56,0,73,2023-4
1,منطقة نجران,وكالات السفر ومشغّلو الجولات السياحية وخدمات الحجز والأنشطة المتصلة بها,19,15,8,7,57,57,0,72,2023-1
4,المنطقة الشرقية,أنشطة المكتبات والمحفوظات والمتاحف والأنشطة الثقافية الأخرى,25,12,8,4,59,58,1,71,2023-10
2,منطقة جازان,الصرف الصحي,29,4,4,0,67,67,0,71,2023-4
4,منطقة جازان,صنع منتجات المطاط واللدائن,21,7,3,4,64,64,0,71,2023-10
1,منطقة جازان,الصرف الصحي,27,6,4,2,65,65,0,71,2023-1
3,منطقة جازان,أنشطة البرمجة الحاسوبية والخبرة الاستشارية وما يتصل بها من أنشطة,27,11,8,3,60,60,0,71,2023-7
1,منطقة نجران,الأنشطة المهنية والعلمية والتقنية الأخرى,31,1,0,1,69,65,4,70,2023-1
1,منطقة جازان,صناعة الآلات والمعدات غير المصنفة في موضع أخر,20,3,1,2,67,67,0,70,2023-1
1,منطقة المدينة المنورة,الأنشطة البيطرية,21,17,5,12,53,47,6,70,2023-1
4,منطقة الجوف,وكالات السفر ومشغّلو الجولات السياحية وخدمات الحجز والأنشطة المتصلة بها,24,17,10,7,53,53,0,70,2023-10
1,منطقة المدينة المنورة,النقل الجوي,12,28,25,3,42,42,0,70,2023-1
2,منطقة المدينة المنورة,الرعاية مع الإقامة,6,36,21,15,34,26,8,70,2023-4
3,منطقة عسير,صنع فحم الكوك والمنتجات النفطية المكررة,2,7,4,3,62,62,0,69,2023-7
2,منطقة جازان,صناعة الآلات والمعدات غير المصنفة في موضع أخر,20,5,2,3,63,63,0,68,2023-4
4,منطقة عسير,الأنشطة الإبداعية والفنون وأنشطة الترفيه,10,20,7,13,48,48,0,68,2023-10
1,منطقة الباحة,الأنشطة الأخرى للتعدين واستغلال المحاجر,10,17,6,11,51,51,0,68,2023-1
2,منطقة تبوك,النقل المائي,17,18,12,6,49,36,13,67,2023-4
3,منطقة الجوف,وكالات السفر ومشغّلو الجولات السياحية وخدمات الحجز والأنشطة المتصلة بها,23,15,10,5,52,52,0,67,2023-7
3,المنطقة الشرقية,أنشطة المكتبات والمحفوظات والمتاحف والأنشطة الثقافية الأخرى,23,15,8,7,52,51,1,67,2023-7
1,منطقة حائل,الأنشطة المهنية والعلمية والتقنية الأخرى,30,8,2,6,59,55,4,67,2023-1
3,منطقة القصيم,الأنشطة البيطرية,22,23,14,9,44,42,2,67,2023-7
1,منطقة الحدود الشمالية,أنشطة الخدمات المالية ، فيما عدا تمويل التأمين وصناديق المعاشات,5,0,0,0,67,67,0,67,2023-1
4,منطقة الجوف,صناعة الآلات والمعدات غير المصنفة في موضع أخر,4,13,4,9,53,53,0,66,2023-10
4,منطقة عسير,صنع فحم الكوك والمنتجات النفطية المكررة,2,7,4,3,59,59,0,66,2023-10
2,منطقة عسير,الإدارة العامة والدفاع ؛ والضمان الاجتماعي الإلزامي,21,6,2,4,60,60,0,66,2023-4
2,منطقة عسير,الرعاية مع الإقامة,5,50,9,41,16,9,7,66,2023-4
3,منطقة القصيم,الحراجة وقطع الأخشاب,4,25,6,19,41,41,0,66,2023-7
2,منطقة جازان,أنشطة البرمجة الحاسوبية والخبرة الاستشارية وما يتصل بها من أنشطة,26,4,3,1,62,62,0,66,2023-4
4,منطقة عسير,أنشطة البريد ونقل الرسائل والطرود بواسطة مندوبين,16,35,11,24,30,30,0,65,2023-10
2,منطقة عسير,أنشطة البريد ونقل الرسائل والطرود بواسطة مندوبين,14,28,15,13,37,37,0,65,2023-4
4,منطقة جازان,صنع المعدات الكهربائية,24,1,1,0,64,63,1,65,2023-10
2,منطقة نجران,الأنشطة المهنية والعلمية والتقنية الأخرى,30,1,1,0,64,62,2,65,2023-4
2,منطقة تبوك,الصناعة التحويلية الأخرى,14,14,6,8,50,47,3,64,2023-4
4,منطقة المدينة المنورة,صنع الحواسيب والمنتجات الإلكترونية والبصرية,19,21,16,5,43,43,0,64,2023-10
2,منطقة عسير,أنشطة المكاتب الرئيسية، والأنشطة الاستشارية في مجال الإدارة,17,40,16,24,24,23,1,64,2023-4
4,منطقة الجوف,صُنع الورق ومنتجات الورق,6,21,8,13,43,43,0,64,2023-10
1,منطقة المدينة المنورة,أنشطة المكتبات والمحفوظات والمتاحف والأنشطة الثقافية الأخرى,27,12,8,4,51,51,0,63,2023-1
1,منطقة نجران,أنشطة النشر,3,0,0,0,63,63,0,63,2023-1
1,منطقة تبوك,أنشطة البرمجة الحاسوبية والخبرة الاستشارية وما يتصل بها من أنشطة,21,11,6,5,52,52,0,63,2023-1
2,منطقة الجوف,الطباعة واستنساخ وسائط الأعلام المسجّلة,12,13,10,3,50,50,0,63,2023-4
4,منطقة الباحة,صُنع المنسوجات,20,6,4,2,56,55,1,62,2023-10
1,منطقة الرياض,أنشطة المكتبات والمحفوظات والمتاحف والأنشطة الثقافية الأخرى,21,12,8,4,50,49,1,62,2023-1
4,منطقة المدينة المنورة,الرعاية مع الإقامة,5,35,9,26,27,23,4,62,2023-10
1,منطقة تبوك,النقل المائي,15,15,11,4,47,35,12,62,2023-1
3,منطقة نجران,وكالات السفر ومشغّلو الجولات السياحية وخدمات الحجز والأنشطة المتصلة بها,16,16,8,8,46,46,0,62,2023-7
4,منطقة جازان,صناعة الآلات والمعدات غير المصنفة في موضع أخر,20,7,0,7,55,55,0,62,2023-10
3,منطقة نجران,الأنشطة المهنية والعلمية والتقنية الأخرى,27,4,2,2,57,55,2,61,2023-7
3,منطقة جازان,صناعة الآلات والمعدات غير المصنفة في موضع أخر,20,2,1,1,59,59,0,61,2023-7
3,منطقة جازان,صناعة المركبات ذات المحركات والمركبات المقطورة ونصف المقطورة,13,7,0,7,54,54,0,61,2023-7
2,منطقة المدينة المنورة,أنشطة المكتبات والمحفوظات والمتاحف والأنشطة الثقافية الأخرى,24,11,6,5,50,49,1,61,2023-4
3,منطقة حائل,الأنشطة المهنية والعلمية والتقنية الأخرى,29,8,1,7,53,49,4,61,2023-7
4,منطقة جازان,أنشطة البرمجة الحاسوبية والخبرة الاستشارية وما يتصل بها من أنشطة,28,3,2,1,58,58,0,61,2023-10
2,منطقة حائل,الأنشطة المهنية والعلمية والتقنية الأخرى,30,6,0,6,55,51,4,61,2023-4
3,منطقة عسير,الإدارة العامة والدفاع ؛ والضمان الاجتماعي الإلزامي,20,3,1,2,57,57,0,60,2023-7
1,منطقة تبوك,صناعة المركبات ذات المحركات والمركبات المقطورة ونصف المقطورة,6,14,5,9,46,46,0,60,2023-1
4,منطقة عسير,الإدارة العامة والدفاع ؛ والضمان الاجتماعي الإلزامي,20,3,2,1,57,57,0,60,2023-10
3,منطقة تبوك,النقل الجوي,8,21,12,9,39,39,0,60,2023-7
3,منطقة الجوف,صناعة الآلات والمعدات غير المصنفة في موضع أخر,3,5,4,1,55,55,0,60,2023-7
2,منطقة تبوك,أنشطة البرمجة الحاسوبية والخبرة الاستشارية وما يتصل بها من أنشطة,22,10,5,5,50,50,0,60,2023-4
4,منطقة القصيم,أنشطة البريد ونقل الرسائل والطرود بواسطة مندوبين,20,9,5,4,50,50,0,59,2023-10
4,منطقة جازان,صنع الحواسيب والمنتجات الإلكترونية والبصرية,21,10,6,4,49,49,0,59,2023-10
3,منطقة الجوف,الطباعة واستنساخ وسائط الأعلام المسجّلة,12,12,9,3,47,47,0,59,2023-7
1,منطقة الجوف,الرعاية مع الإقامة,4,58,0,58,1,1,0,59,2023-1
1,منطقة القصيم,أنشطة النشر,13,1,1,0,58,58,0,59,2023-1
2,منطقة الجوف,صُنع الورق ومنتجات الورق,4,18,5,13,41,41,0,59,2023-4
2,منطقة نجران,وكالات السفر ومشغّلو الجولات السياحية وخدمات الحجز والأنشطة المتصلة بها,16,11,6,5,48,48,0,59,2023-4
4,منطقة حائل,أنشطة جمع النفايات ومعالجتها وتصريفها ، واسترجاع المواد,22,4,2,2,55,54,1,59,2023-10
4,منطقة نجران,الأنشطة المهنية والعلمية والتقنية الأخرى,27,2,1,1,57,55,2,59,2023-10
4,منطقة القصيم,صيد الأسماك وتربية المائيات,18,1,1,0,57,57,0,58,2023-10
4,منطقة نجران,وكالات السفر ومشغّلو الجولات السياحية وخدمات الحجز والأنشطة المتصلة بها,16,15,7,8,43,43,0,58,2023-10
2,منطقة جازان,صناعة المركبات ذات المحركات والمركبات المقطورة ونصف المقطورة,13,8,2,6,50,50,0,58,2023-4
1,منطقة الحدود الشمالية,وكالات السفر ومشغّلو الجولات السياحية وخدمات الحجز والأنشطة المتصلة بها,13,6,6,0,52,52,0,58,2023-1
2,منطقة المدينة المنورة,صنع الحواسيب والمنتجات الإلكترونية والبصرية,16,18,15,3,40,40,0,58,2023-4
1,منطقة تبوك,النقل الجوي,8,16,13,3,41,41,0,57,2023-1
1,منطقة حائل,الصناعة التحويلية الأخرى,17,10,8,2,47,46,1,57,2023-1
4,منطقة المدينة المنورة,صنع المنتجات الصيدلانية الأساسية والمستحضرات الصيدلانية,14,9,7,2,48,48,0,57,2023-10
3,منطقة الجوف,الرعاية مع الإقامة,4,56,0,56,1,1,0,57,2023-7
2,منطقة الجوف,صناعة الآلات والمعدات غير المصنفة في موضع أخر,3,2,0,2,55,55,0,57,2023-4
4,منطقة تبوك,أنشطة البرمجة الحاسوبية والخبرة الاستشارية وما يتصل بها من أنشطة,22,14,7,7,43,43,0,57,2023-10
2,منطقة جازان,الاتصالات,23,10,7,3,46,46,0,56,2023-4
1,المنطقة الشرقية,أنشطة البرمجة والإذاعة,14,17,8,9,39,38,1,56,2023-1
2,منطقة نجران,أنشطة النشر,2,0,0,0,56,56,0,56,2023-4
2,المنطقة الشرقية,أنشطة البرمجة والإذاعة,14,19,9,10,37,36,1,56,2023-4
3,المنطقة الشرقية,أنشطة البرمجة والإذاعة,13,18,10,8,38,37,1,56,2023-7
1,منطقة المدينة المنورة,صناعة المركبات ذات المحركات والمركبات المقطورة ونصف المقطورة,16,3,1,2,53,53,0,56,2023-1
2,منطقة تبوك,صناعة المركبات ذات المحركات والمركبات المقطورة ونصف المقطورة,6,11,6,5,45,45,0,56,2023-4
3,منطقة جازان,الاتصالات,26,13,8,5,42,42,0,55,2023-7
1,منطقة جازان,صناعة المركبات ذات المحركات والمركبات المقطورة ونصف المقطورة,13,5,2,3,50,50,0,55,2023-1
3,منطقة الجوف,صُنع الورق ومنتجات الورق,5,14,6,8,41,41,0,55,2023-7
3,منطقة جازان,صنع منتجات المطاط واللدائن,18,4,3,1,51,51,0,55,2023-7
3,منطقة نجران,صيد الأسماك وتربية المائيات,16,2,1,1,53,53,0,55,2023-7
4,منطقة الرياض,أنشطة المكتبات والمحفوظات والمتاحف والأنشطة الثقافية الأخرى,18,20,6,14,35,34,1,55,2023-10
4,منطقة الباحة,توصيل الكهرباء والغاز والبخار وتكييف الهواء,6,10,10,0,45,45,0,55,2023-10
3,منطقة نجران,أنشطة النشر,3,1,1,0,54,54,0,55,2023-7
4,منطقة الجوف,الطباعة واستنساخ وسائط الأعلام المسجّلة,9,11,8,3,43,43,0,54,2023-10
1,منطقة جازان,الاتصالات,23,6,5,1,48,48,0,54,2023-1
2,منطقة الجوف,صنع الفلزات القاعدية,17,6,4,2,48,48,0,54,2023-4
4,منطقة الباحة,الطباعة واستنساخ وسائط الأعلام المسجّلة,14,9,3,6,45,45,0,54,2023-10
4,المنطقة الشرقية,تعدين الفحم والليغنيت,9,14,9,5,40,39,1,54,2023-10
2,منطقة المدينة المنورة,صناعة المركبات ذات المحركات والمركبات المقطورة ونصف المقطورة,15,4,3,1,50,50,0,54,2023-4
2,منطقة حائل,الصناعة التحويلية الأخرى,15,13,11,2,41,40,1,54,2023-4
4,منطقة الجوف,الرعاية مع الإقامة,4,51,0,51,3,1,2,54,2023-10
3,منطقة المدينة المنورة,صنع المنتجات الصيدلانية الأساسية والمستحضرات الصيدلانية,11,8,7,1,46,46,0,54,2023-7
3,منطقة تبوك,أنشطة البرمجة الحاسوبية والخبرة الاستشارية وما يتصل بها من أنشطة,20,12,6,6,42,42,0,54,2023-7
4,منطقة الحدود الشمالية,الأنشطة القانونية وأنشطة المحاسبة,16,39,28,11,14,14,0,53,2023-10
1,منطقة حائل,أنشطة البرمجة الحاسوبية والخبرة الاستشارية وما يتصل بها من أنشطة,16,10,4,6,43,43,0,53,2023-1
3,منطقة حائل,النقل الجوي,17,3,1,2,50,49,1,53,2023-7
2,منطقة الرياض,أنشطة المكتبات والمحفوظات والمتاحف والأنشطة الثقافية الأخرى,21,18,7,11,35,34,1,53,2023-4
3,منطقة المدينة المنورة,صنع الحواسيب والمنتجات الإلكترونية والبصرية,16,20,18,2,33,33,0,53,2023-7
4,منطقة نجران,أنشطة النشر,3,1,1,0,52,52,0,53,2023-10
1,منطقة جازان,صناعة معدات النقل الأخرى,6,7,6,1,46,46,0,53,2023-1
3,منطقة الرياض,أنشطة المكتبات والمحفوظات والمتاحف والأنشطة الثقافية الأخرى,18,22,6,16,31,30,1,53,2023-7
1,منطقة المدينة المنورة,أنشطة النشر,17,15,7,8,38,38,0,53,2023-1
1,منطقة جازان,صنع الحواسيب والمنتجات الإلكترونية والبصرية,20,2,2,0,50,50,0,52,2023-1
1,منطقة نجران,صنع المعدات الكهربائية,9,7,3,4,45,45,0,52,2023-1
4,منطقة المدينة المنورة,صناعة معدات النقل الأخرى,9,12,8,4,40,40,0,52,2023-10
3,منطقة حائل,أنشطة الخدمات المالية ، فيما عدا تمويل التأمين وصناديق المعاشات,18,6,4,2,46,46,0,52,2023-7
1,منطقة الجوف,أنشطة المكاتب الرئيسية، والأنشطة الاستشارية في مجال الإدارة,2,19,1,18,33,30,3,52,2023-1
1,منطقة حائل,أنشطة الخدمات المالية ، فيما عدا تمويل التأمين وصناديق المعاشات,19,4,4,0,48,48,0,52,2023-1
3,المنطقة الشرقية,تعدين الفحم والليغنيت,9,11,8,3,41,40,1,52,2023-7
4,منطقة حائل,أنشطة الأمن والتحقيقات,2,52,50,2,0,0,0,52,2023-10
2,منطقة تبوك,النقل الجوي,8,18,11,7,34,34,0,52,2023-4
2,منطقة الحدود الشمالية,أنشطة الخدمات المالية ، فيما عدا تمويل التأمين وصناديق المعاشات,5,0,0,0,52,52,0,52,2023-4
4,منطقة المدينة المنورة,صناعة المركبات ذات المحركات والمركبات المقطورة ونصف المقطورة,14,3,1,2,49,49,0,52,2023-10
1,منطقة الجوف,صنع الفلزات القاعدية,17,4,4,0,48,48,0,52,2023-1
4,منطقة حائل,أنشطة البرمجة الحاسوبية والخبرة الاستشارية وما يتصل بها من أنشطة,16,11,2,9,41,41,0,52,2023-10
3,منطقة المدينة المنورة,صناعة المركبات ذات المحركات والمركبات المقطورة ونصف المقطورة,14,4,2,2,48,48,0,52,2023-7
3,منطقة الجوف,أنشطة جمع النفايات ومعالجتها وتصريفها ، واسترجاع المواد,3,12,6,6,40,40,0,52,2023-7
1,منطقة جازان,الطباعة واستنساخ وسائط الأعلام المسجّلة,14,10,5,5,41,41,0,51,2023-1
3,منطقة حائل,أنشطة البرمجة الحاسوبية والخبرة الاستشارية وما يتصل بها من أنشطة,15,12,3,9,39,39,0,51,2023-7
2,منطقة حائل,الاتصالات,15,10,2,8,41,37,4,51,2023-4
4,منطقة حائل,الأنشطة المهنية والعلمية والتقنية الأخرى,25,5,1,4,46,42,4,51,2023-10
3,منطقة حائل,الصناعة التحويلية الأخرى,15,12,11,1,39,39,0,51,2023-7
3,منطقة المدينة المنورة,أنشطة المكتبات والمحفوظات والمتاحف والأنشطة الثقافية الأخرى,21,8,4,4,43,42,1,51,2023-7
4,منطقة جازان,صناعة المركبات ذات المحركات والمركبات المقطورة ونصف المقطورة,10,7,0,7,44,44,0,51,2023-10
4,منطقة تبوك,النقل الجوي,7,17,8,9,34,34,0,51,2023-10
1,منطقة عسير,أنشطة البريد ونقل الرسائل والطرود بواسطة مندوبين,12,13,6,7,37,37,0,50,2023-1
2,منطقة نجران,صنع المعدات الكهربائية,9,6,2,4,44,44,0,50,2023-4
3,منطقة مكة المكرمة,تعدين الفحم والليغنيت,13,11,6,5,39,39,0,50,2023-7
2,منطقة جازان,الطباعة واستنساخ وسائط الأعلام المسجّلة,13,10,6,4,40,40,0,50,2023-4
1,منطقة تبوك,الصناعة التحويلية الأخرى,13,11,6,5,39,36,3,50,2023-1
3,منطقة تبوك,صناعة المركبات ذات المحركات والمركبات المقطورة ونصف المقطورة,6,12,7,5,38,38,0,50,2023-7
3,منطقة الجوف,صنع الفلزات القاعدية,17,6,5,1,44,44,0,50,2023-7
1,منطقة نجران,أنشطة جمع النفايات ومعالجتها وتصريفها ، واسترجاع المواد,13,4,0,4,45,45,0,49,2023-1
2,المنطقة الشرقية,تعدين الفحم والليغنيت,9,14,10,4,35,34,1,49,2023-4
1,منطقة الرياض,الحراجة وقطع الأخشاب,8,6,1,5,43,43,0,49,2023-1
4,المنطقة الشرقية,أنشطة البرمجة والإذاعة,11,15,11,4,34,32,2,49,2023-10
2,منطقة القصيم,أنشطة النشر,11,1,0,1,48,48,0,49,2023-4
2,منطقة جازان,تعدين ركازات الفلزات,8,27,11,16,22,22,0,49,2023-4
2,منطقة جازان,صنع الحواسيب والمنتجات الإلكترونية والبصرية,20,1,1,0,48,48,0,49,2023-4
2,منطقة تبوك,الأنشطة البيطرية,10,15,6,9,34,33,1,49,2023-4
4,منطقة جازان,تعدين ركازات الفلزات,8,27,17,10,22,22,0,49,2023-10
3,منطقة الباحة,توصيل الكهرباء والغاز والبخار وتكييف الهواء,5,9,9,0,40,40,0,49,2023-7
1,منطقة حائل,الاتصالات,18,9,2,7,39,37,2,48,2023-1
4,منطقة حائل,أنشطة المكاتب الرئيسية، والأنشطة الاستشارية في مجال الإدارة,13,21,11,10,27,25,2,48,2023-10
1,منطقة حائل,صناعة الآلات والمعدات غير المصنفة في موضع أخر,14,16,16,0,32,32,0,48,2023-1
3,منطقة تبوك,الأنشطة البيطرية,10,12,7,5,36,35,1,48,2023-7
4,منطقة نجران,صنع المعدات الكهربائية,8,4,1,3,44,44,0,48,2023-10
4,منطقة حائل,الصناعة التحويلية الأخرى,15,9,7,2,39,39,0,48,2023-10
2,منطقة نجران,الطباعة واستنساخ وسائط الأعلام المسجّلة,10,12,6,6,36,36,0,48,2023-4
4,منطقة المدينة المنورة,أنشطة المكتبات والمحفوظات والمتاحف والأنشطة الثقافية الأخرى,22,8,5,3,40,39,1,48,2023-10
2,منطقة نجران,أنشطة جمع النفايات ومعالجتها وتصريفها ، واسترجاع المواد,13,5,1,4,43,43,0,48,2023-4
1,منطقة مكة المكرمة,أنشطة المعالجة وخدمات إدارة النفايات الأخرى,3,8,5,3,40,40,0,48,2023-1
3,منطقة جازان,تعدين ركازات الفلزات,8,26,9,17,22,22,0,48,2023-7
1,منطقة نجران,الطباعة واستنساخ وسائط الأعلام المسجّلة,10,10,6,4,38,38,0,48,2023-1
3,منطقة نجران,صنع المعدات الكهربائية,9,6,3,3,42,42,0,48,2023-7
1,منطقة جازان,أنشطة البريد ونقل الرسائل والطرود بواسطة مندوبين,8,9,8,1,38,38,0,47,2023-1
3,منطقة الحدود الشمالية,أنشطة الخدمات المالية ، فيما عدا تمويل التأمين وصناديق المعاشات,5,0,0,0,47,47,0,47,2023-7
3,منطقة جازان,صنع الحواسيب والمنتجات الإلكترونية والبصرية,20,3,3,0,44,44,0,47,2023-7
2,منطقة المدينة المنورة,أنشطة النشر,16,14,6,8,33,33,0,47,2023-4
4,منطقة عسير,أنشطة المكاتب الرئيسية، والأنشطة الاستشارية في مجال الإدارة,18,21,9,12,26,25,1,47,2023-10
3,منطقة جازان,الطباعة واستنساخ وسائط الأعلام المسجّلة,13,9,5,4,38,38,0,47,2023-7
1,منطقة المدينة المنورة,صنع المنتجات الصيدلانية الأساسية والمستحضرات الصيدلانية,7,10,8,2,37,37,0,47,2023-1
2,منطقة حائل,صُنع المنتجات الجلدية والمنتجات ذات الصلة,8,1,0,1,46,46,0,47,2023-4
4,منطقة حائل,النقل الجوي,16,1,0,1,46,45,1,47,2023-10
1,منطقة حائل,النقل الجوي,16,0,0,0,46,45,1,46,2023-1
2,منطقة جازان,صنع منتجات المطاط واللدائن,13,6,3,3,40,40,0,46,2023-4
4,منطقة تبوك,صناعة المركبات ذات المحركات والمركبات المقطورة ونصف المقطورة,6,8,5,3,38,38,0,46,2023-10
3,منطقة المدينة المنورة,أنشطة النشر,19,12,5,7,34,34,0,46,2023-7
3,منطقة نجران,الرعاية مع الإقامة,1,39,11,28,7,3,4,46,2023-7
3,منطقة جازان,أنشطة البريد ونقل الرسائل والطرود بواسطة مندوبين,11,4,2,2,42,39,3,46,2023-7
2,منطقة مكة المكرمة,تعدين الفحم والليغنيت,11,10,5,5,36,36,0,46,2023-4
4,منطقة حائل,أنشطة الخدمات المالية ، فيما عدا تمويل التأمين وصناديق المعاشات,16,3,2,1,43,43,0,46,2023-10
3,منطقة حائل,أنشطة جمع النفايات ومعالجتها وتصريفها ، واسترجاع المواد,19,3,2,1,42,41,1,45,2023-7
1,منطقة تبوك,الأنشطة البيطرية,10,14,7,7,31,30,1,45,2023-1
3,منطقة القصيم,أنشطة النشر,12,0,0,0,45,45,0,45,2023-7
2,منطقة حائل,أنشطة الخدمات المالية ، فيما عدا تمويل التأمين وصناديق المعاشات,18,2,1,1,43,43,0,45,2023-4
1,منطقة مكة المكرمة,تعدين الفحم والليغنيت,11,8,5,3,37,37,0,45,2023-1
2,منطقة حائل,النقل الجوي,16,0,0,0,45,44,1,45,2023-4
4,منطقة حائل,الاتصالات,14,8,1,7,36,34,2,44,2023-10
2,منطقة المدينة المنورة,صنع المنتجات الصيدلانية الأساسية والمستحضرات الصيدلانية,7,8,7,1,36,36,0,44,2023-4
3,منطقة الباحة,أنشطة جمع النفايات ومعالجتها وتصريفها ، واسترجاع المواد,3,10,4,6,34,34,0,44,2023-7
4,منطقة القصيم,أنشطة خدمات المعلومات,11,10,4,6,34,34,0,44,2023-10
1,منطقة الباحة,الأنشطة القانونية وأنشطة المحاسبة,13,22,7,15,21,15,6,43,2023-1
4,منطقة الباحة,صناعة المركبات ذات المحركات والمركبات المقطورة ونصف المقطورة,2,19,11,8,24,23,1,43,2023-10
4,منطقة الباحة,أنشطة جمع النفايات ومعالجتها وتصريفها ، واسترجاع المواد,3,10,2,8,33,33,0,43,2023-10
4,منطقة المدينة المنورة,أنشطة النشر,17,10,4,6,33,33,0,43,2023-10
1,منطقة الجوف,الأنشطة المهنية والعلمية والتقنية الأخرى,19,6,3,3,37,29,8,43,2023-1
2,منطقة جازان,أنشطة البريد ونقل الرسائل والطرود بواسطة مندوبين,8,5,4,1,38,38,0,43,2023-4
3,منطقة القصيم,أنشطة خدمات المعلومات,10,8,4,4,34,34,0,42,2023-7
1,منطقة نجران,الصناعة التحويلية الأخرى,7,15,8,7,27,23,4,42,2023-1
1,منطقة القصيم,أنشطة خدمات المعلومات,10,9,5,4,33,33,0,42,2023-1
3,منطقة حائل,صُنع المنتجات الجلدية والمنتجات ذات الصلة,7,2,0,2,40,40,0,42,2023-7
2,منطقة حائل,أنشطة البرمجة الحاسوبية والخبرة الاستشارية وما يتصل بها من أنشطة,13,6,2,4,36,36,0,42,2023-4
3,منطقة حائل,أنشطة المكاتب الرئيسية، والأنشطة الاستشارية في مجال الإدارة,10,18,10,8,24,22,2,42,2023-7
3,منطقة حائل,توصيل الكهرباء والغاز والبخار وتكييف الهواء,13,5,3,2,37,37,0,42,2023-7
4,منطقة تبوك,الأنشطة البيطرية,11,6,4,2,36,35,1,42,2023-10
3,منطقة الحدود الشمالية,الأنشطة القانونية وأنشطة المحاسبة,12,28,21,7,13,13,0,41,2023-7
2,منطقة الجوف,أنشطة الأمن والتحقيقات,8,39,32,7,2,2,0,41,2023-4
3,منطقة القصيم,أنشطة البريد ونقل الرسائل والطرود بواسطة مندوبين,13,13,9,4,28,28,0,41,2023-7
4,منطقة حائل,توصيل الكهرباء والغاز والبخار وتكييف الهواء,12,6,2,4,35,35,0,41,2023-10
4,منطقة جازان,صنع المنتجات الصيدلانية الأساسية والمستحضرات الصيدلانية,14,5,5,0,36,34,2,41,2023-10
3,منطقة نجران,الصناعة التحويلية الأخرى,9,14,7,7,27,24,3,41,2023-7
3,منطقة القصيم,صيد الأسماك وتربية المائيات,13,2,1,1,38,38,0,40,2023-7
3,منطقة حائل,الاتصالات,13,8,1,7,32,29,3,40,2023-7
4,منطقة الجوف,الاتصالات,19,8,4,4,32,32,0,40,2023-10
3,منطقة عسير,البحث والتطوير في المجال العلمي,5,31,3,28,9,8,1,40,2023-7
2,منطقة نجران,الصناعة التحويلية الأخرى,7,16,8,8,24,21,3,40,2023-4
3,منطقة الحدود الشمالية,النقل الجوي,2,15,11,4,25,25,0,40,2023-7
4,منطقة الجوف,صنع الفلزات القاعدية,14,4,3,1,36,36,0,40,2023-10
2,منطقة القصيم,أنشطة خدمات المعلومات,9,7,3,4,32,32,0,39,2023-4
2,منطقة الجوف,صُنع المواد الكيميائية والمنتجات الكيميائية,10,5,1,4,34,34,0,39,2023-4
4,منطقة نجران,الصناعة التحويلية الأخرى,9,12,7,5,27,24,3,39,2023-10
3,منطقة الجوف,الاتصالات,19,6,3,3,33,33,0,39,2023-7
4,منطقة عسير,النقل المائي,15,3,1,2,35,35,0,38,2023-10
1,منطقة جازان,صنع منتجات المطاط واللدائن,9,3,2,1,35,35,0,38,2023-1
3,منطقة المدينة المنورة,صناعة معدات النقل الأخرى,9,8,6,2,30,30,0,38,2023-7
3,منطقة الباحة,الطباعة واستنساخ وسائط الأعلام المسجّلة,11,9,4,5,29,29,0,38,2023-7
4,منطقة الحدود الشمالية,أنشطة الخدمات المالية ، فيما عدا تمويل التأمين وصناديق المعاشات,5,0,0,0,37,37,0,37,2023-10
2,منطقة حائل,توصيل الكهرباء والغاز والبخار وتكييف الهواء,11,6,3,3,31,31,0,37,2023-4
2,منطقة الباحة,الطباعة واستنساخ وسائط الأعلام المسجّلة,11,7,2,5,30,30,0,37,2023-4
1,منطقة عسير,أنشطة المكاتب الرئيسية، والأنشطة الاستشارية في مجال الإدارة,17,15,9,6,22,21,1,37,2023-1
1,منطقة الباحة,الأنشطة المهنية والعلمية والتقنية الأخرى,15,4,3,1,33,29,4,37,2023-1
1,منطقة عسير,النقل الجوي,13,6,4,2,31,31,0,37,2023-1
2,منطقة حائل,صناعة الآلات والمعدات غير المصنفة في موضع أخر,14,7,6,1,30,30,0,37,2023-4
4,منطقة الحدود الشمالية,النقل الجوي,2,12,9,3,25,25,0,37,2023-10
1,منطقة نجران,الاتصالات,12,1,1,0,36,36,0,37,2023-1
2,منطقة الباحة,أنشطة جمع النفايات ومعالجتها وتصريفها ، واسترجاع المواد,2,5,3,2,31,31,0,36,2023-4
1,منطقة الباحة,الطباعة واستنساخ وسائط الأعلام المسجّلة,10,8,4,4,28,28,0,36,2023-1
1,منطقة الحدود الشمالية,النقل الجوي,2,11,8,3,25,25,0,36,2023-1
3,منطقة عسير,النقل المائي,14,2,1,1,34,34,0,36,2023-7
2,منطقة عسير,النقل الجوي,12,4,3,1,32,32,0,36,2023-4
1,منطقة جازان,أنشطة الخدمات المالية ، فيما عدا تمويل التأمين وصناديق المعاشات,16,1,0,1,35,35,0,36,2023-1
1,منطقة حائل,الرعاية مع الإقامة,2,30,8,22,5,4,1,35,2023-1
3,منطقة نجران,استخراج النفط الخام والغاز الطبيعي,6,7,7,0,28,27,1,35,2023-7
2,منطقة الحدود الشمالية,النقل الجوي,2,10,7,3,25,25,0,35,2023-4
2,منطقة الباحة,الأنشطة المهنية والعلمية والتقنية الأخرى,14,3,2,1,32,29,3,35,2023-4
1,منطقة عسير,النقل المائي,13,1,1,0,34,34,0,35,2023-1
4,منطقة جازان,أنشطة الخدمات المالية ، فيما عدا تمويل التأمين وصناديق المعاشات,14,2,0,2,33,33,0,35,2023-10
2,منطقة عسير,البحث والتطوير في المجال العلمي,5,25,3,22,10,9,1,35,2023-4
2,منطقة جازان,أنشطة الخدمات المالية ، فيما عدا تمويل التأمين وصناديق المعاشات,16,1,0,1,34,34,0,35,2023-4
2,منطقة الجوف,الأنشطة المهنية والعلمية والتقنية الأخرى,17,4,1,3,31,28,3,35,2023-4
2,منطقة عسير,النقل المائي,14,1,1,0,34,34,0,35,2023-4
4,منطقة القصيم,الأنشطة المساعدة لأنشطة الخدمات المالية وأنشطة التأمين,6,20,9,11,15,15,0,35,2023-10
4,منطقة الجوف,صُنع المواد الكيميائية والمنتجات الكيميائية,10,4,1,3,31,30,1,35,2023-10
3,منطقة جازان,أنشطة الخدمات المالية ، فيما عدا تمويل التأمين وصناديق المعاشات,16,1,0,1,34,34,0,35,2023-7
1,منطقة الحدود الشمالية,صنع المعدات الكهربائية,16,0,0,0,34,34,0,34,2023-1
4,منطقة الحدود الشمالية,الاتصالات,15,6,4,2,28,27,1,34,2023-10
4,منطقة نجران,استخراج النفط الخام والغاز الطبيعي,6,8,7,1,26,25,1,34,2023-10
3,منطقة نجران,توصيل الكهرباء والغاز والبخار وتكييف الهواء,9,3,3,0,31,31,0,34,2023-7
1,منطقة الجوف,أنشطة البرمجة الحاسوبية والخبرة الاستشارية وما يتصل بها من أنشطة,11,9,4,5,25,25,0,34,2023-1
3,منطقة عسير,النقل الجوي,12,4,3,1,30,30,0,34,2023-7
4,منطقة تبوك,أنشطة جمع النفايات ومعالجتها وتصريفها ، واسترجاع المواد,10,4,3,1,30,30,0,34,2023-10
2,منطقة الحدود الشمالية,صنع المعدات الكهربائية,15,0,0,0,34,34,0,34,2023-4
2,منطقة المدينة المنورة,صناعة معدات النقل الأخرى,9,8,6,2,26,26,0,34,2023-4
3,منطقة الجوف,صُنع المواد الكيميائية والمنتجات الكيميائية,9,4,1,3,30,30,0,34,2023-7
1,منطقة عسير,البحث والتطوير في المجال العلمي,5,26,3,23,8,7,1,34,2023-1
1,منطقة جازان,تعدين ركازات الفلزات,8,13,3,10,21,21,0,34,2023-1
2,منطقة الحدود الشمالية,الاتصالات,13,5,1,4,29,28,1,34,2023-4
3,منطقة الحدود الشمالية,الاتصالات,15,6,2,4,28,27,1,34,2023-7
4,منطقة تبوك,الاتصالات,19,6,5,1,27,27,0,33,2023-10
2,منطقة الحدود الشمالية,الأنشطة القانونية وأنشطة المحاسبة,11,22,16,6,11,11,0,33,2023-4
4,منطقة الحدود الشمالية,صُنع الورق ومنتجات الورق,4,4,2,2,29,29,0,33,2023-10
3,منطقة المدينة المنورة,صُنع المنتجات الجلدية والمنتجات ذات الصلة,10,2,1,1,31,30,1,33,2023-7
3,منطقة حائل,صناعة الآلات والمعدات غير المصنفة في موضع أخر,14,2,1,1,31,31,0,33,2023-7
4,منطقة الجوف,الحراجة وقطع الأخشاب,6,5,5,0,28,28,0,33,2023-10
4,منطقة الحدود الشمالية,أنشطة البريد ونقل الرسائل والطرود بواسطة مندوبين,4,17,15,2,16,16,0,33,2023-10
4,منطقة الباحة,الأنشطة القانونية وأنشطة المحاسبة,13,21,13,8,12,12,0,33,2023-10
4,منطقة جازان,أنشطة خدمات دعم التعدين,5,1,1,0,32,32,0,33,2023-10
4,منطقة عسير,النقل الجوي,11,3,2,1,30,30,0,33,2023-10
2,منطقة الجوف,أنشطة البرمجة الحاسوبية والخبرة الاستشارية وما يتصل بها من أنشطة,10,8,6,2,25,25,0,33,2023-4
3,منطقة الحدود الشمالية,صُنع الورق ومنتجات الورق,3,4,2,2,28,28,0,32,2023-7
1,منطقة نجران,الأنشطة المساعدة لأنشطة الخدمات المالية وأنشطة التأمين,3,20,19,1,12,12,0,32,2023-1
4,منطقة الباحة,الصناعة التحويلية الأخرى,11,4,4,0,28,27,1,32,2023-10
4,منطقة حائل,الرعاية مع الإقامة,3,30,12,18,2,1,1,32,2023-10
1,منطقة حائل,صُنع المنتجات الجلدية والمنتجات ذات الصلة,9,0,0,0,32,32,0,32,2023-1
1,منطقة تبوك,الاتصالات,17,8,5,3,24,24,0,32,2023-1
1,منطقة نجران,أنشطة البرمجة الحاسوبية والخبرة الاستشارية وما يتصل بها من أنشطة,11,7,0,7,25,24,1,32,2023-1
1,منطقة القصيم,الأنشطة المساعدة لأنشطة الخدمات المالية وأنشطة التأمين,6,19,11,8,13,13,0,32,2023-1
4,منطقة المدينة المنورة,صُنع المنتجات الجلدية والمنتجات ذات الصلة,9,3,2,1,29,29,0,32,2023-10
2,منطقة القصيم,النقل الجوي,11,6,1,5,26,26,0,32,2023-4
1,منطقة الجوف,الصناعة التحويلية الأخرى,9,2,2,0,30,30,0,32,2023-1
1,منطقة نجران,أنشطة الخدمات المالية ، فيما عدا تمويل التأمين وصناديق المعاشات,12,5,1,4,27,27,0,32,2023-1
1,منطقة الحدود الشمالية,الأنشطة القانونية وأنشطة المحاسبة,10,21,15,6,11,11,0,32,2023-1
2,منطقة نجران,الاتصالات,10,2,2,0,30,30,0,32,2023-4
3,منطقة الباحة,الصناعة التحويلية الأخرى,10,4,4,0,28,27,1,32,2023-7
3,منطقة جازان,أنشطة خدمات دعم التعدين,4,1,1,0,31,31,0,32,2023-7
1,منطقة الحدود الشمالية,الاتصالات,13,4,0,4,28,27,1,32,2023-1
2,منطقة تبوك,الرعاية مع الإقامة,4,14,1,13,18,9,9,32,2023-4
4,منطقة القصيم,أنشطة النشر,8,1,0,1,31,31,0,32,2023-10
1,منطقة المدينة المنورة,الأنشطة الإبداعية والفنون وأنشطة الترفيه,14,4,2,2,27,25,2,31,2023-1
1,منطقة عسير,صُنع المنتجات الجلدية والمنتجات ذات الصلة,10,2,2,0,29,29,0,31,2023-1
4,منطقة الحدود الشمالية,صُنع المشروبات,5,3,2,1,28,28,0,31,2023-10
2,منطقة القصيم,أنشطة البريد ونقل الرسائل والطرود بواسطة مندوبين,12,5,2,3,26,26,0,31,2023-4
1,منطقة نجران,صنع المنتجات الصيدلانية الأساسية والمستحضرات الصيدلانية,4,2,0,2,29,29,0,31,2023-1
2,منطقة جازان,أنشطة خدمات دعم التعدين,4,0,0,0,31,31,0,31,2023-4
4,منطقة القصيم,أنشطة خدمات دعم التعدين,8,2,2,0,29,29,0,31,2023-10
3,منطقة نجران,الإدارة العامة والدفاع ؛ والضمان الاجتماعي الإلزامي,14,2,1,1,29,29,0,31,2023-7
2,منطقة نجران,الإدارة العامة والدفاع ؛ والضمان الاجتماعي الإلزامي,14,2,1,1,29,29,0,31,2023-4
2,منطقة نجران,توصيل الكهرباء والغاز والبخار وتكييف الهواء,8,3,3,0,28,28,0,31,2023-4
4,منطقة الجوف,الصناعة التحويلية الأخرى,11,3,3,0,28,28,0,31,2023-10
1,منطقة المدينة المنورة,صناعة معدات النقل الأخرى,10,3,3,0,28,28,0,31,2023-1
1,منطقة الباحة,أنشطة المنظمات ذات العضوية,15,22,18,4,8,8,0,30,2023-1
3,منطقة القصيم,النقل الجوي,10,5,3,2,25,25,0,30,2023-7
1,منطقة الباحة,أنشطة النشر,7,6,4,2,24,24,0,30,2023-1
2,منطقة الباحة,الصناعة التحويلية الأخرى,11,6,6,0,24,24,0,30,2023-4
4,منطقة جازان,النقل الجوي,12,1,1,0,29,29,0,30,2023-10
1,منطقة المدينة المنورة,البحث والتطوير في المجال العلمي,11,13,9,4,17,15,2,30,2023-1
3,منطقة الحدود الشمالية,صنع المعدات الكهربائية,15,0,0,0,30,30,0,30,2023-7
4,منطقة الجوف,الأنشطة المهنية والعلمية والتقنية الأخرى,14,3,0,3,27,23,4,30,2023-10
4,منطقة حائل,صناعة الآلات والمعدات غير المصنفة في موضع أخر,13,1,1,0,29,29,0,30,2023-10
1,منطقة جازان,أنشطة خدمات دعم التعدين,4,0,0,0,30,30,0,30,2023-1
4,منطقة الباحة,أنشطة الاستخدام,20,8,5,3,22,21,1,30,2023-10
2,منطقة الجوف,صناعة المركبات ذات المحركات والمركبات المقطورة ونصف المقطورة,10,4,4,0,26,26,0,30,2023-4
3,منطقة تبوك,الاتصالات,18,7,6,1,23,23,0,30,2023-7
1,منطقة عسير,أنشطة خدمات دعم التعدين,14,2,1,1,28,28,0,30,2023-1
1,منطقة الباحة,الصناعة التحويلية الأخرى,10,4,3,1,26,25,1,30,2023-1
2,منطقة الجوف,الاتصالات,16,6,3,3,24,24,0,30,2023-4
1,منطقة الباحة,الإدارة العامة والدفاع ؛ والضمان الاجتماعي الإلزامي,9,8,4,4,22,22,0,30,2023-1
1,منطقة الباحة,أنشطة الاستخدام,15,12,5,7,18,18,0,30,2023-1
1,منطقة الحدود الشمالية,الأنشطة المهنية والعلمية والتقنية الأخرى,13,6,0,6,24,21,3,30,2023-1
3,منطقة نجران,الأنشطة المساعدة لأنشطة الخدمات المالية وأنشطة التأمين,4,20,19,1,10,10,0,30,2023-7
4,منطقة نجران,الإدارة العامة والدفاع ؛ والضمان الاجتماعي الإلزامي,14,1,1,0,29,29,0,30,2023-10
2,منطقة جازان,النقل الجوي,11,2,1,1,27,27,0,29,2023-4
3,منطقة جازان,صنع المنتجات الصيدلانية الأساسية والمستحضرات الصيدلانية,10,5,4,1,24,22,2,29,2023-7
1,منطقة الجوف,صناعة المركبات ذات المحركات والمركبات المقطورة ونصف المقطورة,10,3,3,0,26,26,0,29,2023-1
1,منطقة الجوف,صُنع المواد الكيميائية والمنتجات الكيميائية,10,4,1,3,25,25,0,29,2023-1
3,منطقة الجوف,صنع المعدات الكهربائية,13,2,1,1,27,27,0,29,2023-7
3,منطقة الجوف,أنشطة البرمجة الحاسوبية والخبرة الاستشارية وما يتصل بها من أنشطة,9,7,3,4,22,22,0,29,2023-7
1,منطقة الحدود الشمالية,صُنع الورق ومنتجات الورق,3,3,1,2,26,26,0,29,2023-1
1,منطقة الحدود الشمالية,أنشطة خدمات دعم التعدين,2,5,3,2,24,24,0,29,2023-1
3,منطقة الجوف,صناعة المركبات ذات المحركات والمركبات المقطورة ونصف المقطورة,9,3,3,0,26,26,0,29,2023-7
1,المنطقة الشرقية,تعدين الفحم والليغنيت,7,8,8,0,21,21,0,29,2023-1
2,منطقة تبوك,الاتصالات,15,6,5,1,23,23,0,29,2023-4
2,منطقة حائل,الرعاية مع الإقامة,2,28,7,21,1,0,1,29,2023-4
3,منطقة نجران,الطباعة واستنساخ وسائط الأعلام المسجّلة,9,7,2,5,22,22,0,29,2023-7
2,منطقة الباحة,الإدارة العامة والدفاع ؛ والضمان الاجتماعي الإلزامي,9,8,4,4,21,21,0,29,2023-4
2,منطقة الجوف,الصناعة التحويلية الأخرى,9,2,2,0,27,27,0,29,2023-4
3,منطقة القصيم,الأنشطة المساعدة لأنشطة الخدمات المالية وأنشطة التأمين,6,17,10,7,12,12,0,29,2023-7
4,منطقة نجران,الطباعة واستنساخ وسائط الأعلام المسجّلة,9,4,1,3,25,25,0,29,2023-10
1,منطقة الجوف,الاتصالات,15,7,3,4,22,22,0,29,2023-1
4,منطقة الجوف,صنع المعدات الكهربائية,12,2,2,0,27,27,0,29,2023-10
1,منطقة نجران,الإدارة العامة والدفاع ؛ والضمان الاجتماعي الإلزامي,15,1,1,0,28,28,0,29,2023-1
3,منطقة الباحة,الأنشطة المهنية والعلمية والتقنية الأخرى,13,2,1,1,27,24,3,29,2023-7
2,منطقة الحدود الشمالية,صُنع الورق ومنتجات الورق,3,3,1,2,26,26,0,29,2023-4
1,منطقة نجران,استخراج النفط الخام والغاز الطبيعي,8,5,5,0,24,23,1,29,2023-1
1,منطقة القصيم,النقل الجوي,11,4,1,3,24,24,0,28,2023-1
4,منطقة الحدود الشمالية,صنع المعدات الكهربائية,14,0,0,0,28,28,0,28,2023-10
4,منطقة تبوك,أنشطة البريد ونقل الرسائل والطرود بواسطة مندوبين,9,3,1,2,25,24,1,28,2023-10
3,منطقة الباحة,الأنشطة القانونية وأنشطة المحاسبة,12,13,5,8,15,15,0,28,2023-7
2,منطقة الباحة,أنشطة النشر,6,7,4,3,21,21,0,28,2023-4
2,منطقة المدينة المنورة,الأنشطة الإبداعية والفنون وأنشطة الترفيه,13,3,1,2,25,25,0,28,2023-4
3,منطقة الحدود الشمالية,الأنشطة المهنية والعلمية والتقنية الأخرى,12,8,1,7,20,17,3,28,2023-7
4,منطقة القصيم,النقل الجوي,12,3,1,2,25,25,0,28,2023-10
1,منطقة جازان,النقل الجوي,11,1,1,0,27,27,0,28,2023-1
3,منطقة الحدود الشمالية,صُنع المشروبات,4,3,2,1,25,25,0,28,2023-7
2,منطقة حائل,أنشطة جمع النفايات ومعالجتها وتصريفها ، واسترجاع المواد,11,4,3,1,24,24,0,28,2023-4
2,منطقة نجران,استخراج النفط الخام والغاز الطبيعي,8,7,6,1,21,20,1,28,2023-4
4,منطقة نجران,صنع الحواسيب والمنتجات الإلكترونية والبصرية,8,4,0,4,24,24,0,28,2023-10
2,منطقة الباحة,أنشطة المنظمات ذات العضوية,15,21,16,5,7,7,0,28,2023-4
4,منطقة الباحة,الأنشطة المهنية والعلمية والتقنية الأخرى,14,0,0,0,28,26,2,28,2023-10
2,منطقة القصيم,الأنشطة المساعدة لأنشطة الخدمات المالية وأنشطة التأمين,6,17,11,6,11,11,0,28,2023-4
2,منطقة حائل,الأنشطة الأخرى للتعدين واستغلال المحاجر,12,5,1,4,23,23,0,28,2023-4
1,منطقة تبوك,توصيل الكهرباء والغاز والبخار وتكييف الهواء,13,3,0,3,25,25,0,28,2023-1
3,منطقة جازان,الأنشطة البيطرية,7,6,1,5,22,20,2,28,2023-7
3,منطقة جازان,النقل الجوي,11,2,1,1,26,26,0,28,2023-7
3,منطقة المدينة المنورة,الأنشطة الإبداعية والفنون وأنشطة الترفيه,13,2,1,1,26,26,0,28,2023-7
3,منطقة حائل,الأنشطة الأخرى للتعدين واستغلال المحاجر,11,5,2,3,23,23,0,28,2023-7
1,منطقة حائل,أنشطة جمع النفايات ومعالجتها وتصريفها ، واسترجاع المواد,9,4,2,2,23,23,0,27,2023-1
2,منطقة تبوك,أنشطة البريد ونقل الرسائل والطرود بواسطة مندوبين,10,3,0,3,24,23,1,27,2023-4
3,منطقة تبوك,أنشطة البريد ونقل الرسائل والطرود بواسطة مندوبين,10,1,0,1,26,25,1,27,2023-7
2,منطقة الباحة,الأنشطة القانونية وأنشطة المحاسبة,13,13,7,6,14,14,0,27,2023-4
3,منطقة نجران,أنشطة البرمجة الحاسوبية والخبرة الاستشارية وما يتصل بها من أنشطة,10,1,0,1,26,25,1,27,2023-7
1,منطقة الجوف,النقل الجوي,8,1,1,0,26,26,0,27,2023-1
3,منطقة القصيم,صُنع المنتجات الجلدية والمنتجات ذات الصلة,8,1,0,1,26,26,0,27,2023-7
4,منطقة جازان,الأنشطة البيطرية,7,6,1,5,21,20,1,27,2023-10
2,منطقة نجران,الرعاية مع الإقامة,1,21,9,12,6,2,4,27,2023-4
4,منطقة نجران,الأنشطة المساعدة لأنشطة الخدمات المالية وأنشطة التأمين,4,18,17,1,9,9,0,27,2023-10
2,منطقة جازان,الأنشطة البيطرية,7,7,2,5,20,20,0,27,2023-4
1,منطقة تبوك,أنشطة الخدمات المالية ، فيما عدا تمويل التأمين وصناديق المعاشات,14,2,2,0,25,25,0,27,2023-1
4,منطقة الجوف,صناعة المركبات ذات المحركات والمركبات المقطورة ونصف المقطورة,9,2,2,0,25,25,0,27,2023-10
4,منطقة القصيم,صُنع المنتجات الجلدية والمنتجات ذات الصلة,8,2,0,2,25,25,0,27,2023-10
2,منطقة عسير,صُنع المنتجات الجلدية والمنتجات ذات الصلة,9,2,2,0,25,25,0,27,2023-4
4,منطقة تبوك,صنع المعدات الكهربائية,9,4,0,4,23,23,0,27,2023-10
3,منطقة عسير,صُنع المنتجات الجلدية والمنتجات ذات الصلة,9,1,0,1,26,26,0,27,2023-7
3,منطقة الباحة,أنشطة المنظمات ذات العضوية,14,21,15,6,6,6,0,27,2023-7
2,منطقة تبوك,توصيل الكهرباء والغاز والبخار وتكييف الهواء,13,2,0,2,25,25,0,27,2023-4
1,منطقة حائل,الأنشطة الأخرى للتعدين واستغلال المحاجر,12,4,1,3,23,23,0,27,2023-1
4,منطقة عسير,صُنع المنتجات الجلدية والمنتجات ذات الصلة,10,0,0,0,27,27,0,27,2023-10
3,منطقة تبوك,الصرف الصحي,8,2,1,1,25,24,1,27,2023-7
3,منطقة تبوك,صنع المعدات الكهربائية,9,4,0,4,23,23,0,27,2023-7
4,منطقة حائل,الأنشطة البيطرية,12,3,0,3,23,22,1,26,2023-10
3,منطقة الباحة,أنشطة النشر,6,6,4,2,20,20,0,26,2023-7
3,منطقة الجوف,الصناعة التحويلية الأخرى,9,2,2,0,24,24,0,26,2023-7
3,منطقة الجوف,الصرف الصحي,11,1,1,0,25,25,0,26,2023-7
2,منطقة جازان,أنشطة المكتبات والمحفوظات والمتاحف والأنشطة الثقافية الأخرى,11,1,1,0,25,25,0,26,2023-4
4,منطقة حائل,الأنشطة الأخرى للتعدين واستغلال المحاجر,11,5,2,3,21,21,0,26,2023-10
3,منطقة الجوف,الأنشطة المهنية والعلمية والتقنية الأخرى,15,2,0,2,24,20,4,26,2023-7
1,منطقة الحدود الشمالية,أنشطة المنظمات ذات العضوية,7,11,10,1,15,15,0,26,2023-1
3,المنطقة الشرقية,أنشطة الاسر المعيشية التي تستخدم أفراداً للعمل المنزلي,7,4,1,3,22,21,1,26,2023-7
4,منطقة الباحة,أنشطة المنظمات ذات العضوية,13,19,13,6,7,7,0,26,2023-10
4,منطقة نجران,الاتصالات,11,1,0,1,25,25,0,26,2023-10
3,منطقة تبوك,توصيل الكهرباء والغاز والبخار وتكييف الهواء,12,2,0,2,24,24,0,26,2023-7
4,منطقة جازان,أنشطة المكتبات والمحفوظات والمتاحف والأنشطة الثقافية الأخرى,11,1,1,0,25,25,0,26,2023-10
4,منطقة المدينة المنورة,الأنشطة الإبداعية والفنون وأنشطة الترفيه,13,1,1,0,25,25,0,26,2023-10
2,منطقة نجران,أنشطة البرمجة الحاسوبية والخبرة الاستشارية وما يتصل بها من أنشطة,10,1,0,1,25,24,1,26,2023-4
3,منطقة حائل,الرعاية مع الإقامة,3,24,7,17,2,1,1,26,2023-7
1,منطقة حائل,توصيل الكهرباء والغاز والبخار وتكييف الهواء,9,5,4,1,21,21,0,26,2023-1
4,المنطقة الشرقية,أنشطة الاسر المعيشية التي تستخدم أفراداً للعمل المنزلي,7,4,1,3,22,21,1,26,2023-10
1,منطقة الحدود الشمالية,صنع الفلزات القاعدية,10,3,3,0,23,23,0,26,2023-1
4,منطقة الباحة,أنشطة النشر,6,6,4,2,20,20,0,26,2023-10
1,منطقة جازان,أنشطة المكتبات والمحفوظات والمتاحف والأنشطة الثقافية الأخرى,11,0,0,0,26,26,0,26,2023-1
2,منطقة الحدود الشمالية,أنشطة جمع النفايات ومعالجتها وتصريفها ، واسترجاع المواد,2,3,3,0,23,23,0,26,2023-4
2,منطقة تبوك,أنشطة الخدمات المالية ، فيما عدا تمويل التأمين وصناديق المعاشات,15,1,1,0,25,25,0,26,2023-4
1,منطقة عسير,صناعة المركبات ذات المحركات والمركبات المقطورة ونصف المقطورة,10,3,1,2,23,23,0,26,2023-1
1,منطقة تبوك,صنع المعدات الكهربائية,9,3,0,3,23,23,0,26,2023-1
4,منطقة تبوك,الصرف الصحي,7,4,3,1,21,20,1,25,2023-10
3,منطقة جازان,أنشطة المكتبات والمحفوظات والمتاحف والأنشطة الثقافية الأخرى,11,0,0,0,25,25,0,25,2023-7
2,منطقة المدينة المنورة,البحث والتطوير في المجال العلمي,9,10,5,5,15,13,2,25,2023-4
3,منطقة نجران,الاتصالات,8,2,1,1,23,23,0,25,2023-7
4,منطقة عسير,البحث والتطوير في المجال العلمي,4,22,0,22,3,3,0,25,2023-10
1,منطقة الجوف,صنع المعدات الكهربائية,14,2,2,0,23,23,0,25,2023-1
4,منطقة نجران,أنشطة البرمجة الحاسوبية والخبرة الاستشارية وما يتصل بها من أنشطة,10,1,0,1,24,23,1,25,2023-10
3,منطقة حائل,الأنشطة البيطرية,12,1,0,1,24,23,1,25,2023-7
1,منطقة القصيم,صُنع المنتجات الجلدية والمنتجات ذات الصلة,8,2,0,2,23,23,0,25,2023-1
1,منطقة تبوك,أنشطة البريد ونقل الرسائل والطرود بواسطة مندوبين,9,1,0,1,24,23,1,25,2023-1
3,المنطقة الشرقية,الحراجة وقطع الأخشاب,6,16,12,4,9,9,0,25,2023-7
2,منطقة عسير,أنشطة خدمات دعم التعدين,12,1,1,0,24,24,0,25,2023-4
3,منطقة عسير,أنشطة خدمات دعم التعدين,11,1,0,1,24,24,0,25,2023-7
2,منطقة القصيم,صُنع المنتجات الجلدية والمنتجات ذات الصلة,8,2,0,2,23,23,0,25,2023-4
2,منطقة نجران,أنشطة الخدمات المالية ، فيما عدا تمويل التأمين وصناديق المعاشات,10,4,0,4,21,21,0,25,2023-4
2,منطقة الجوف,صنع المعدات الكهربائية,13,1,1,0,24,24,0,25,2023-4
3,منطقة عسير,صناعة المركبات ذات المحركات والمركبات المقطورة ونصف المقطورة,11,1,0,1,24,24,0,25,2023-7
1,منطقة القصيم,أنشطة البريد ونقل الرسائل والطرود بواسطة مندوبين,11,3,1,2,22,22,0,25,2023-1
2,منطقة الباحة,صنع الفلزات القاعدية,11,2,1,1,23,23,0,25,2023-4
1,منطقة الحدود الشمالية,صُنع المنتجات الجلدية والمنتجات ذات الصلة,8,1,0,1,24,24,0,25,2023-1
2,منطقة حائل,أنشطة المكاتب الرئيسية، والأنشطة الاستشارية في مجال الإدارة,7,7,6,1,18,17,1,25,2023-4
2,منطقة تبوك,صنع المعدات الكهربائية,9,2,0,2,23,23,0,25,2023-4
2,منطقة حائل,الأنشطة البيطرية,11,3,1,2,21,20,1,24,2023-4
2,منطقة عسير,أنشطة المكتبات والمحفوظات والمتاحف والأنشطة الثقافية الأخرى,12,5,4,1,19,19,0,24,2023-4
2,منطقة تبوك,الصرف الصحي,7,5,2,3,19,18,1,24,2023-4
1,منطقة عسير,أنشطة المكتبات والمحفوظات والمتاحف والأنشطة الثقافية الأخرى,12,5,4,1,19,19,0,24,2023-1
4,منطقة عسير,صناعة المركبات ذات المحركات والمركبات المقطورة ونصف المقطورة,10,1,0,1,23,23,0,24,2023-10
2,منطقة الحدود الشمالية,أنشطة المنظمات ذات العضوية,5,10,9,1,14,14,0,24,2023-4
2,منطقة عسير,صناعة المركبات ذات المحركات والمركبات المقطورة ونصف المقطورة,10,2,1,1,22,22,0,24,2023-4
4,منطقة الحدود الشمالية,الأنشطة المهنية والعلمية والتقنية الأخرى,11,6,0,6,18,15,3,24,2023-10
2,منطقة الحدود الشمالية,الأنشطة المهنية والعلمية والتقنية الأخرى,12,5,0,5,19,16,3,24,2023-4
4,منطقة عسير,أنشطة خدمات دعم التعدين,11,1,0,1,23,23,0,24,2023-10
1,منطقة الجوف,الطباعة واستنساخ وسائط الأعلام المسجّلة,11,3,2,1,21,21,0,24,2023-1
4,منطقة الباحة,وكالات السفر ومشغّلو الجولات السياحية وخدمات الحجز والأنشطة المتصلة بها,10,2,2,0,22,22,0,24,2023-10
2,منطقة نجران,الأنشطة المساعدة لأنشطة الخدمات المالية وأنشطة التأمين,3,18,17,1,6,6,0,24,2023-4
2,المنطقة الشرقية,أنشطة الاسر المعيشية التي تستخدم أفراداً للعمل المنزلي,7,4,1,3,19,18,1,23,2023-4
3,منطقة نجران,أنشطة الخدمات المالية ، فيما عدا تمويل التأمين وصناديق المعاشات,8,5,0,5,18,18,0,23,2023-7
4,منطقة الحدود الشمالية,الطباعة واستنساخ وسائط الأعلام المسجّلة,8,5,2,3,18,18,0,23,2023-10
1,منطقة الحدود الشمالية,الطباعة واستنساخ وسائط الأعلام المسجّلة,7,3,1,2,20,20,0,23,2023-1
4,منطقة الحدود الشمالية,صنع الفلزات القاعدية,8,4,2,2,19,19,0,23,2023-10
1,منطقة حائل,الإدارة العامة والدفاع ؛ والضمان الاجتماعي الإلزامي,10,7,5,2,16,16,0,23,2023-1
3,منطقة المدينة المنورة,البحث والتطوير في المجال العلمي,9,10,6,4,13,11,2,23,2023-7
4,منطقة نجران,أنشطة الخدمات المالية ، فيما عدا تمويل التأمين وصناديق المعاشات,8,5,0,5,18,18,0,23,2023-10
1,منطقة نجران,توصيل الكهرباء والغاز والبخار وتكييف الهواء,8,1,1,0,22,22,0,23,2023-1
4,منطقة الجوف,أنشطة البرمجة الحاسوبية والخبرة الاستشارية وما يتصل بها من أنشطة,7,5,2,3,18,18,0,23,2023-10
3,منطقة تبوك,أنشطة الخدمات المالية ، فيما عدا تمويل التأمين وصناديق المعاشات,13,1,1,0,22,22,0,23,2023-7
4,منطقة المدينة المنورة,البحث والتطوير في المجال العلمي,11,10,5,5,13,13,0,23,2023-10
1,منطقة نجران,الرعاية مع الإقامة,1,17,9,8,6,2,4,23,2023-1
2,منطقة الحدود الشمالية,صنع منتجات المطاط واللدائن,5,5,2,3,18,18,0,23,2023-4
3,منطقة نجران,تعدين ركازات الفلزات,5,7,1,6,15,15,0,22,2023-7
3,منطقة نجران,الأنشطة البيطرية,10,5,0,5,17,17,0,22,2023-7
2,منطقة الحدود الشمالية,صُنع المشروبات,3,4,3,1,18,18,0,22,2023-4
3,منطقة الحدود الشمالية,الطباعة واستنساخ وسائط الأعلام المسجّلة,7,4,2,2,18,18,0,22,2023-7
2,منطقة الحدود الشمالية,صنع الفلزات القاعدية,8,2,2,0,20,20,0,22,2023-4
2,منطقة الحدود الشمالية,الطباعة واستنساخ وسائط الأعلام المسجّلة,7,3,1,2,19,19,0,22,2023-4
1,منطقة تبوك,الصرف الصحي,6,3,1,2,19,18,1,22,2023-1
4,منطقة عسير,أنشطة المكتبات والمحفوظات والمتاحف والأنشطة الثقافية الأخرى,12,4,3,1,17,17,0,21,2023-10
4,منطقة حائل,صنع الحواسيب والمنتجات الإلكترونية والبصرية,10,1,0,1,20,20,0,21,2023-10
2,منطقة الحدود الشمالية,صُنع المنتجات الجلدية والمنتجات ذات الصلة,7,1,0,1,20,20,0,21,2023-4
3,منطقة الباحة,صنع الفلزات القاعدية,10,0,0,0,21,21,0,21,2023-7
2,منطقة حائل,الإدارة العامة والدفاع ؛ والضمان الاجتماعي الإلزامي,9,6,5,1,15,15,0,21,2023-4
1,المنطقة الشرقية,أنشطة الاسر المعيشية التي تستخدم أفراداً للعمل المنزلي,7,4,1,3,17,16,1,21,2023-1
1,منطقة حائل,الأنشطة البيطرية,8,1,0,1,20,19,1,21,2023-1
3,منطقة الحدود الشمالية,صنع الفلزات القاعدية,8,3,3,0,18,18,0,21,2023-7
2,منطقة الباحة,الصرف الصحي,5,1,0,1,20,20,0,21,2023-4
2,منطقة الباحة,صناعة الآلات والمعدات غير المصنفة في موضع أخر,7,5,3,2,16,16,0,21,2023-4
3,منطقة نجران,النقل المائي,8,1,0,1,20,20,0,21,2023-7
4,منطقة تبوك,توصيل الكهرباء والغاز والبخار وتكييف الهواء,10,2,0,2,19,19,0,21,2023-10
3,منطقة القصيم,النقل المائي,7,1,0,1,19,19,0,20,2023-7
4,منطقة حائل,الإدارة العامة والدفاع ؛ والضمان الاجتماعي الإلزامي,8,6,5,1,14,14,0,20,2023-10
4,منطقة حائل,صُنع المنتجات الجلدية والمنتجات ذات الصلة,6,0,0,0,20,20,0,20,2023-10
4,منطقة تبوك,أنشطة الخدمات المالية ، فيما عدا تمويل التأمين وصناديق المعاشات,11,0,0,0,20,20,0,20,2023-10
3,منطقة الباحة,الإدارة العامة والدفاع ؛ والضمان الاجتماعي الإلزامي,8,3,2,1,17,17,0,20,2023-7
2,منطقة القصيم,النقل المائي,6,1,0,1,19,19,0,20,2023-4
3,منطقة عسير,أنشطة المكتبات والمحفوظات والمتاحف والأنشطة الثقافية الأخرى,11,5,4,1,15,15,0,20,2023-7
2,منطقة نجران,الأنشطة البيطرية,10,3,2,1,17,17,0,20,2023-4
2,منطقة تبوك,صنع الحواسيب والمنتجات الإلكترونية والبصرية,11,2,0,2,18,18,0,20,2023-4
4,منطقة جازان,أنشطة البريد ونقل الرسائل والطرود بواسطة مندوبين,9,0,0,0,20,17,3,20,2023-10
4,منطقة جازان,أنشطة المكاتب الرئيسية، والأنشطة الاستشارية في مجال الإدارة,8,10,1,9,10,9,1,20,2023-10
1,منطقة القصيم,تعدين الفحم والليغنيت,5,4,0,4,16,16,0,20,2023-1
1,منطقة القصيم,النقل المائي,6,1,0,1,19,19,0,20,2023-1
3,منطقة حائل,الإدارة العامة والدفاع ؛ والضمان الاجتماعي الإلزامي,9,6,5,1,14,14,0,20,2023-7
2,منطقة الجوف,الصرف الصحي,11,2,2,0,18,18,0,20,2023-4
3,منطقة الباحة,الصرف الصحي,5,2,1,1,18,18,0,20,2023-7
3,منطقة حائل,صنع الحواسيب والمنتجات الإلكترونية والبصرية,9,0,0,0,19,19,0,19,2023-7
1,منطقة القصيم,أنشطة المكتبات والمحفوظات والمتاحف والأنشطة الثقافية الأخرى,5,5,4,1,14,14,0,19,2023-1
1,منطقة الباحة,صنع الفلزات القاعدية,10,1,1,0,18,18,0,19,2023-1
3,منطقة تبوك,أنشطة جمع النفايات ومعالجتها وتصريفها ، واسترجاع المواد,6,2,1,1,17,17,0,19,2023-7
1,منطقة الباحة,صناعة الآلات والمعدات غير المصنفة في موضع أخر,7,5,3,2,14,14,0,19,2023-1
2,منطقة تبوك,أنشطة خدمات المعلومات,9,6,2,4,13,13,0,19,2023-4
1,منطقة حائل,أنشطة خدمات المعلومات,4,4,1,3,15,15,0,19,2023-1
4,منطقة نجران,النقل المائي,8,0,0,0,19,19,0,19,2023-10
1,منطقة الجوف,أنشطة جمع النفايات ومعالجتها وتصريفها ، واسترجاع المواد,4,4,2,2,15,15,0,19,2023-1
4,منطقة حائل,أنشطة خدمات المعلومات,4,2,0,2,17,17,0,19,2023-10
3,منطقة نجران,أنشطة البريد ونقل الرسائل والطرود بواسطة مندوبين,5,7,2,5,12,12,0,19,2023-7
1,منطقة تبوك,أنشطة خدمات المعلومات,9,6,2,4,13,13,0,19,2023-1
2,منطقة الجوف,أنشطة جمع النفايات ومعالجتها وتصريفها ، واسترجاع المواد,3,3,0,3,16,16,0,19,2023-4
1,منطقة نجران,الأنشطة البيطرية,11,2,1,1,17,17,0,19,2023-1
3,منطقة تبوك,صنع المنتجات الصيدلانية الأساسية والمستحضرات الصيدلانية,7,2,1,1,17,17,0,19,2023-7
4,منطقة الحدود الشمالية,أنشطة البرمجة الحاسوبية والخبرة الاستشارية وما يتصل بها من أنشطة,9,7,2,5,11,11,0,18,2023-10
4,منطقة نجران,الأنشطة البيطرية,9,1,0,1,17,17,0,18,2023-10
3,منطقة القصيم,أنشطة خدمات دعم التعدين,5,2,1,1,16,16,0,18,2023-7
3,منطقة القصيم,أنشطة المكتبات والمحفوظات والمتاحف والأنشطة الثقافية الأخرى,4,6,6,0,12,12,0,18,2023-7
4,منطقة الباحة,الإدارة العامة والدفاع ؛ والضمان الاجتماعي الإلزامي,8,0,0,0,18,18,0,18,2023-10
1,منطقة عسير,أنشطة البرمجة والإذاعة,8,2,2,0,16,16,0,18,2023-1
3,منطقة جازان,أنشطة المكاتب الرئيسية، والأنشطة الاستشارية في مجال الإدارة,5,8,0,8,10,9,1,18,2023-7
3,منطقة الحدود الشمالية,صُنع المنتجات الجلدية والمنتجات ذات الصلة,7,1,0,1,17,17,0,18,2023-7
2,منطقة عسير,أنشطة خدمات المعلومات,8,4,1,3,14,13,1,18,2023-4
4,منطقة حائل,صناعة المركبات ذات المحركات والمركبات المقطورة ونصف المقطورة,6,1,1,0,17,17,0,18,2023-10
1,منطقة جازان,الأنشطة البيطرية,7,4,2,2,14,14,0,18,2023-1
2,منطقة الجوف,النقل الجوي,7,0,0,0,18,18,0,18,2023-4
3,منطقة حائل,صناعة المركبات ذات المحركات والمركبات المقطورة ونصف المقطورة,6,1,1,0,17,17,0,18,2023-7
4,منطقة تبوك,صنع المنتجات الصيدلانية الأساسية والمستحضرات الصيدلانية,7,1,0,1,17,16,1,18,2023-10
4,منطقة الجوف,النقل الجوي,7,0,0,0,18,18,0,18,2023-10
1,منطقة القصيم,أنشطة الاسر المعيشية التي تستخدم أفراداً للعمل المنزلي,6,1,1,0,17,17,0,18,2023-1
2,منطقة نجران,النقل المائي,7,0,0,0,18,18,0,18,2023-4
2,منطقة الحدود الشمالية,أنشطة البرمجة الحاسوبية والخبرة الاستشارية وما يتصل بها من أنشطة,9,1,1,0,17,17,0,18,2023-4
1,منطقة الباحة,الصرف الصحي,4,1,0,1,17,17,0,18,2023-1
4,منطقة القصيم,النقل المائي,6,0,0,0,18,18,0,18,2023-10
2,منطقة القصيم,تعدين الفحم والليغنيت,5,4,1,3,14,14,0,18,2023-4
4,منطقة عسير,أنشطة خدمات المعلومات,7,3,0,3,15,14,1,18,2023-10
2,منطقة القصيم,أنشطة الاسر المعيشية التي تستخدم أفراداً للعمل المنزلي,6,1,1,0,17,17,0,18,2023-4
4,منطقة الباحة,صنع الفلزات القاعدية,8,0,0,0,17,17,0,17,2023-10
3,منطقة جازان,صناعة معدات النقل الأخرى,5,0,0,0,17,17,0,17,2023-7
1,منطقة تبوك,أنشطة خدمات دعم التعدين,2,3,2,1,14,14,0,17,2023-1
4,منطقة الحدود الشمالية,أنشطة المكاتب الرئيسية، والأنشطة الاستشارية في مجال الإدارة,5,1,1,0,16,15,1,17,2023-10
4,منطقة الجوف,الصرف الصحي,9,0,0,0,17,17,0,17,2023-10
2,منطقة تبوك,أنشطة الأمن والتحقيقات,10,5,4,1,12,12,0,17,2023-4
1,منطقة حائل,صناعة المركبات ذات المحركات والمركبات المقطورة ونصف المقطورة,6,1,1,0,16,16,0,17,2023-1
2,منطقة نجران,تعدين ركازات الفلزات,5,0,0,0,17,17,0,17,2023-4
1,منطقة نجران,تعدين ركازات الفلزات,4,0,0,0,17,17,0,17,2023-1
4,منطقة عسير,أنشطة البرمجة والإذاعة,7,2,2,0,15,15,0,17,2023-10
4,منطقة الباحة,الصرف الصحي,5,2,1,1,15,15,0,17,2023-10
3,منطقة الجوف,الإدارة العامة والدفاع ؛ والضمان الاجتماعي الإلزامي,7,2,1,1,15,15,0,17,2023-7
2,منطقة حائل,صناعة المركبات ذات المحركات والمركبات المقطورة ونصف المقطورة,6,1,1,0,16,16,0,17,2023-4
2,منطقة القصيم,أنشطة المكتبات والمحفوظات والمتاحف والأنشطة الثقافية الأخرى,4,6,6,0,11,11,0,17,2023-4
2,منطقة جازان,صناعة معدات النقل الأخرى,5,1,0,1,16,16,0,17,2023-4
3,منطقة عسير,أنشطة خدمات المعلومات,8,3,0,3,14,13,1,17,2023-7
1,منطقة عسير,أنشطة خدمات المعلومات,8,5,1,4,12,11,1,17,2023-1
4,منطقة القصيم,أنشطة المكتبات والمحفوظات والمتاحف والأنشطة الثقافية الأخرى,4,5,5,0,12,12,0,17,2023-10
1,منطقة تبوك,صنع الحواسيب والمنتجات الإلكترونية والبصرية,11,1,0,1,16,16,0,17,2023-1
3,منطقة الباحة,وكالات السفر ومشغّلو الجولات السياحية وخدمات الحجز والأنشطة المتصلة بها,9,1,1,0,16,16,0,17,2023-7
2,منطقة الجوف,صنع المنتجات الصيدلانية الأساسية والمستحضرات الصيدلانية,7,1,1,0,16,15,1,17,2023-4
2,منطقة عسير,أنشطة البرمجة والإذاعة,7,3,3,0,14,14,0,17,2023-4
1,منطقة الجوف,الإدارة العامة والدفاع ؛ والضمان الاجتماعي الإلزامي,7,1,0,1,16,15,1,17,2023-1
1,منطقة الحدود الشمالية,أنشطة البرمجة الحاسوبية والخبرة الاستشارية وما يتصل بها من أنشطة,9,2,1,1,15,15,0,17,2023-1
3,منطقة الجوف,النقل الجوي,7,0,0,0,17,17,0,17,2023-7
1,منطقة الجوف,صُنع الورق ومنتجات الورق,3,2,2,0,15,15,0,17,2023-1
2,منطقة الجوف,الإدارة العامة والدفاع ؛ والضمان الاجتماعي الإلزامي,7,1,0,1,16,15,1,17,2023-4
4,منطقة الحدود الشمالية,صنع منتجات المطاط واللدائن,4,3,1,2,14,14,0,17,2023-10
3,منطقة مكة المكرمة,الحراجة وقطع الأخشاب,5,3,2,1,13,11,2,16,2023-7
3,منطقة القصيم,تعدين الفحم والليغنيت,5,4,1,3,12,12,0,16,2023-7
4,منطقة نجران,أنشطة المكتبات والمحفوظات والمتاحف والأنشطة الثقافية الأخرى,7,0,0,0,16,16,0,16,2023-10
1,منطقة الجوف,أنشطة الخدمات المالية ، فيما عدا تمويل التأمين وصناديق المعاشات,9,8,8,0,8,8,0,16,2023-1
3,منطقة نجران,صنع المنتجات الصيدلانية الأساسية والمستحضرات الصيدلانية,5,2,0,2,14,14,0,16,2023-7
3,منطقة الجوف,صنع الحواسيب والمنتجات الإلكترونية والبصرية,5,3,0,3,13,13,0,16,2023-7
3,منطقة نجران,صنع الحواسيب والمنتجات الإلكترونية والبصرية,6,1,0,1,15,15,0,16,2023-7
2,منطقة حائل,أنشطة خدمات المعلومات,4,2,0,2,14,14,0,16,2023-4
3,منطقة تبوك,أنشطة الأمن والتحقيقات,9,5,3,2,11,11,0,16,2023-7
3,منطقة تبوك,صنع الحواسيب والمنتجات الإلكترونية والبصرية,11,2,1,1,14,14,0,16,2023-7
4,منطقة تبوك,أنشطة خدمات المعلومات,8,4,1,3,12,12,0,16,2023-10
4,منطقة عسير,صناعة معدات النقل الأخرى,6,1,0,1,15,15,0,16,2023-10
3,منطقة الجوف,توصيل الكهرباء والغاز والبخار وتكييف الهواء,7,1,1,0,15,15,0,16,2023-7
1,منطقة المدينة المنورة,تعدين ركازات الفلزات,7,1,1,0,15,15,0,16,2023-1
3,منطقة حائل,أنشطة خدمات المعلومات,4,1,1,0,15,15,0,16,2023-7
4,منطقة الحدود الشمالية,صُنع المنتجات الجلدية والمنتجات ذات الصلة,7,1,0,1,15,15,0,16,2023-10
1,منطقة حائل,صنع الحواسيب والمنتجات الإلكترونية والبصرية,7,0,0,0,16,16,0,16,2023-1
2,منطقة القصيم,أنشطة خدمات دعم التعدين,4,2,1,1,14,14,0,16,2023-4
3,منطقة الباحة,أنشطة الأمن والتحقيقات,1,16,9,7,0,0,0,16,2023-7
3,منطقة الحدود الشمالية,صنع منتجات المطاط واللدائن,4,3,1,2,13,13,0,16,2023-7
3,منطقة القصيم,أنشطة الاسر المعيشية التي تستخدم أفراداً للعمل المنزلي,6,0,0,0,16,16,0,16,2023-7
1,منطقة الجوف,صنع المنتجات الصيدلانية الأساسية والمستحضرات الصيدلانية,6,0,0,0,16,16,0,16,2023-1
4,منطقة تبوك,صناعة الآلات والمعدات غير المصنفة في موضع أخر,7,2,2,0,14,14,0,16,2023-10
4,منطقة الجوف,صنع المنتجات الصيدلانية الأساسية والمستحضرات الصيدلانية,9,0,0,0,16,15,1,16,2023-10
1,منطقة القصيم,الأنشطة الإبداعية والفنون وأنشطة الترفيه,6,4,2,2,12,12,0,16,2023-1
2,منطقة نجران,صناعة المركبات ذات المحركات والمركبات المقطورة ونصف المقطورة,8,1,0,1,15,15,0,16,2023-4
4,منطقة القصيم,صنع الحواسيب والمنتجات الإلكترونية والبصرية,8,0,0,0,16,16,0,16,2023-10
1,منطقة جازان,أنشطة المكاتب الرئيسية، والأنشطة الاستشارية في مجال الإدارة,5,6,0,6,10,9,1,16,2023-1
2,منطقة نجران,صنع الحواسيب والمنتجات الإلكترونية والبصرية,6,1,0,1,15,15,0,16,2023-4
2,منطقة حائل,صنع الحواسيب والمنتجات الإلكترونية والبصرية,7,0,0,0,16,16,0,16,2023-4
3,منطقة نجران,صناعة المركبات ذات المحركات والمركبات المقطورة ونصف المقطورة,8,1,0,1,14,14,0,15,2023-7
1,منطقة نجران,النقل المائي,6,0,0,0,15,15,0,15,2023-1
3,منطقة عسير,صناعة معدات النقل الأخرى,5,2,1,1,13,13,0,15,2023-7
3,منطقة تبوك,الأنشطة المساعدة لأنشطة الخدمات المالية وأنشطة التأمين,4,9,7,2,6,6,0,15,2023-7
4,منطقة تبوك,صنع فحم الكوك والمنتجات النفطية المكررة,3,5,4,1,10,10,0,15,2023-10
4,منطقة حائل,أنشطة البريد ونقل الرسائل والطرود بواسطة مندوبين,5,0,0,0,15,15,0,15,2023-10
1,منطقة الحدود الشمالية,صُنع المشروبات,1,3,2,1,12,12,0,15,2023-1
1,منطقة الباحة,الاتصالات,4,6,4,2,9,9,0,15,2023-1
1,منطقة عسير,صناعة معدات النقل الأخرى,5,1,1,0,14,14,0,15,2023-1
4,منطقة تبوك,أنشطة خدمات دعم التعدين,4,4,3,1,11,11,0,15,2023-10
2,منطقة عسير,صناعة معدات النقل الأخرى,5,1,1,0,14,14,0,15,2023-4
3,منطقة تبوك,أنشطة خدمات المعلومات,7,4,1,3,11,11,0,15,2023-7
2,منطقة جازان,أنشطة المكاتب الرئيسية، والأنشطة الاستشارية في مجال الإدارة,5,6,0,6,9,8,1,15,2023-4
1,منطقة تبوك,أنشطة الأمن والتحقيقات,8,5,4,1,10,10,0,15,2023-1
3,منطقة الحدود الشمالية,أنشطة البرمجة الحاسوبية والخبرة الاستشارية وما يتصل بها من أنشطة,8,3,2,1,12,12,0,15,2023-7
2,منطقة الباحة,أنشطة الأمن والتحقيقات,1,15,11,4,0,0,0,15,2023-4
4,منطقة تبوك,صنع الحواسيب والمنتجات الإلكترونية والبصرية,10,0,0,0,15,15,0,15,2023-10
1,منطقة نجران,صنع الحواسيب والمنتجات الإلكترونية والبصرية,5,1,0,1,14,14,0,15,2023-1
2,منطقة الجوف,أنشطة الخدمات المالية ، فيما عدا تمويل التأمين وصناديق المعاشات,9,7,7,0,8,8,0,15,2023-4
1,منطقة القصيم,أنشطة خدمات دعم التعدين,4,2,1,1,13,13,0,15,2023-1
2,منطقة الجوف,أنشطة خدمات المعلومات,6,2,0,2,13,13,0,15,2023-4
1,منطقة الباحة,وكالات السفر ومشغّلو الجولات السياحية وخدمات الحجز والأنشطة المتصلة بها,7,2,2,0,13,13,0,15,2023-1
4,منطقة جازان,صناعة معدات النقل الأخرى,4,0,0,0,15,15,0,15,2023-10
1,منطقة الجوف,أنشطة خدمات المعلومات,5,1,0,1,13,13,0,14,2023-1
3,منطقة الجوف,أنشطة خدمات المعلومات,5,1,0,1,13,13,0,14,2023-7
1,المنطقة الشرقية,الحراجة وقطع الأخشاب,4,3,3,0,11,11,0,14,2023-1
3,منطقة نجران,أنشطة المكتبات والمحفوظات والمتاحف والأنشطة الثقافية الأخرى,6,1,0,1,13,13,0,14,2023-7
2,منطقة تبوك,أنشطة جمع النفايات ومعالجتها وتصريفها ، واسترجاع المواد,4,2,1,1,12,12,0,14,2023-4
3,منطقة عسير,أنشطة البرمجة والإذاعة,6,2,2,0,12,12,0,14,2023-7
2,منطقة الباحة,وكالات السفر ومشغّلو الجولات السياحية وخدمات الحجز والأنشطة المتصلة بها,8,2,2,0,12,12,0,14,2023-4
1,منطقة الجوف,الصرف الصحي,9,0,0,0,14,14,0,14,2023-1
3,منطقة الجوف,صنع المنتجات الصيدلانية الأساسية والمستحضرات الصيدلانية,7,0,0,0,14,13,1,14,2023-7
3,منطقة الجوف,أنشطة الخدمات المالية ، فيما عدا تمويل التأمين وصناديق المعاشات,9,7,7,0,7,7,0,14,2023-7
4,منطقة تبوك,الأنشطة المساعدة لأنشطة الخدمات المالية وأنشطة التأمين,4,9,7,2,5,5,0,14,2023-10
4,منطقة نجران,صناعة المركبات ذات المحركات والمركبات المقطورة ونصف المقطورة,7,1,0,1,13,13,0,14,2023-10
1,منطقة جازان,البحث والتطوير في المجال العلمي,2,12,7,5,2,2,0,14,2023-1
2,منطقة الجوف,استخراج النفط الخام والغاز الطبيعي,7,2,1,1,12,12,0,14,2023-4
4,منطقة نجران,صنع المنتجات الصيدلانية الأساسية والمستحضرات الصيدلانية,5,0,0,0,14,14,0,14,2023-10
1,المنطقة الشرقية,الأنشطة غير المتميزة لإنتاج السلع والخدمات التي تقوم بها الأسر المعيشية الخاصة لإستعمالها الخاص,3,0,0,0,14,14,0,14,2023-1
4,منطقة الحدود الشمالية,الأنشطة البيطرية,6,4,2,2,10,10,0,14,2023-10
1,منطقة نجران,صناعة المركبات ذات المحركات والمركبات المقطورة ونصف المقطورة,8,1,0,1,13,13,0,14,2023-1
2,منطقة المدينة المنورة,تعدين ركازات الفلزات,7,1,1,0,13,13,0,14,2023-4
1,منطقة تبوك,أنشطة جمع النفايات ومعالجتها وتصريفها ، واسترجاع المواد,5,3,2,1,11,11,0,14,2023-1
2,منطقة نجران,صناعة معدات النقل الأخرى,4,1,0,1,12,12,0,13,2023-4
2,منطقة تبوك,الأنشطة المساعدة لأنشطة الخدمات المالية وأنشطة التأمين,4,7,6,1,6,6,0,13,2023-4
3,منطقة تبوك,صنع فحم الكوك والمنتجات النفطية المكررة,3,5,4,1,8,8,0,13,2023-7
3,منطقة الجوف,الحراجة وقطع الأخشاب,3,2,2,0,11,11,0,13,2023-7
2,منطقة حائل,أنشطة البريد ونقل الرسائل والطرود بواسطة مندوبين,4,0,0,0,13,13,0,13,2023-4
2,المنطقة الشرقية,الحراجة وقطع الأخشاب,4,2,2,0,11,11,0,13,2023-4
4,منطقة الجوف,أنشطة خدمات المعلومات,5,1,0,1,12,12,0,13,2023-10
4,منطقة القصيم,أنشطة الاسر المعيشية التي تستخدم أفراداً للعمل المنزلي,5,0,0,0,13,13,0,13,2023-10
2,منطقة نجران,أنشطة المكتبات والمحفوظات والمتاحف والأنشطة الثقافية الأخرى,6,0,0,0,13,13,0,13,2023-4
2,منطقة الجوف,صنع الحواسيب والمنتجات الإلكترونية والبصرية,5,0,0,0,13,13,0,13,2023-4
2,منطقة مكة المكرمة,الحراجة وقطع الأخشاب,4,3,1,2,10,10,0,13,2023-4
2,منطقة الباحة,صنع الحواسيب والمنتجات الإلكترونية والبصرية,6,4,4,0,9,9,0,13,2023-4
1,منطقة نجران,صناعة معدات النقل الأخرى,4,1,0,1,12,12,0,13,2023-1
1,منطقة الجوف,استخراج النفط الخام والغاز الطبيعي,7,0,0,0,13,13,0,13,2023-1
4,منطقة الجوف,أنشطة الخدمات المالية ، فيما عدا تمويل التأمين وصناديق المعاشات,8,7,7,0,6,6,0,13,2023-10
4,منطقة جازان,أنشطة خدمات المعلومات,4,2,1,1,11,11,0,13,2023-10
1,منطقة الحدود الشمالية,الأنشطة البيطرية,5,3,2,1,10,10,0,13,2023-1
3,منطقة الجوف,استخراج النفط الخام والغاز الطبيعي,7,0,0,0,13,13,0,13,2023-7
1,منطقة الباحة,صنع الحواسيب والمنتجات الإلكترونية والبصرية,7,5,5,0,8,8,0,13,2023-1
2,منطقة تبوك,أنشطة خدمات دعم التعدين,2,3,2,1,10,10,0,13,2023-4
4,منطقة الجوف,توصيل الكهرباء والغاز والبخار وتكييف الهواء,6,0,0,0,13,13,0,13,2023-10
2,المنطقة الشرقية,الأنشطة غير المتميزة لإنتاج السلع والخدمات التي تقوم بها الأسر المعيشية الخاصة لإستعمالها الخاص,2,0,0,0,13,13,0,13,2023-4
1,منطقة حائل,أنشطة المكاتب الرئيسية، والأنشطة الاستشارية في مجال الإدارة,5,2,1,1,11,11,0,13,2023-1
2,منطقة نجران,صنع المنتجات الصيدلانية الأساسية والمستحضرات الصيدلانية,4,2,0,2,11,11,0,13,2023-4
1,منطقة نجران,أنشطة المكتبات والمحفوظات والمتاحف والأنشطة الثقافية الأخرى,6,0,0,0,13,13,0,13,2023-1
4,منطقة الجوف,صنع الحواسيب والمنتجات الإلكترونية والبصرية,5,0,0,0,13,13,0,13,2023-10
3,منطقة تبوك,أنشطة النشر,6,3,2,1,10,10,0,13,2023-7
3,منطقة حائل,أنشطة البريد ونقل الرسائل والطرود بواسطة مندوبين,4,0,0,0,13,13,0,13,2023-7
3,المنطقة الشرقية,الأنشطة غير المتميزة لإنتاج السلع والخدمات التي تقوم بها الأسر المعيشية الخاصة لإستعمالها الخاص,2,0,0,0,12,12,0,12,2023-7
4,منطقة القصيم,تعدين الفحم والليغنيت,3,1,0,1,11,11,0,12,2023-10
1,منطقة الجوف,صنع الحواسيب والمنتجات الإلكترونية والبصرية,4,0,0,0,12,12,0,12,2023-1
2,منطقة جازان,الأنشطة المساعدة لأنشطة الخدمات المالية وأنشطة التأمين,1,4,4,0,8,8,0,12,2023-4
4,منطقة الحدود الشمالية,صنع المنتجات الصيدلانية الأساسية والمستحضرات الصيدلانية,3,2,0,2,10,10,0,12,2023-10
1,منطقة الجوف,أنشطة خدمات دعم التعدين,6,0,0,0,12,12,0,12,2023-1
3,منطقة جازان,الأنشطة المساعدة لأنشطة الخدمات المالية وأنشطة التأمين,1,4,4,0,8,8,0,12,2023-7
1,منطقة تبوك,أنشطة المكتبات والمحفوظات والمتاحف والأنشطة الثقافية الأخرى,6,3,3,0,9,9,0,12,2023-1
1,منطقة تبوك,صنع فحم الكوك والمنتجات النفطية المكررة,2,4,3,1,8,8,0,12,2023-1
3,منطقة تبوك,أنشطة خدمات دعم التعدين,2,3,2,1,9,9,0,12,2023-7
1,منطقة نجران,أنشطة المكاتب الرئيسية، والأنشطة الاستشارية في مجال الإدارة,4,0,0,0,12,12,0,12,2023-1
3,منطقة الباحة,صنع الحواسيب والمنتجات الإلكترونية والبصرية,7,3,3,0,9,9,0,12,2023-7
4,منطقة القصيم,الأنشطة الإبداعية والفنون وأنشطة الترفيه,5,4,2,2,8,8,0,12,2023-10
3,منطقة الباحة,صناعة الآلات والمعدات غير المصنفة في موضع أخر,5,2,1,1,10,10,0,12,2023-7
4,منطقة الحدود الشمالية,صنع الحواسيب والمنتجات الإلكترونية والبصرية,5,2,1,1,10,10,0,12,2023-10
1,منطقة تبوك,صناعة الآلات والمعدات غير المصنفة في موضع أخر,6,1,1,0,11,11,0,12,2023-1
2,منطقة الباحة,الاتصالات,4,5,4,1,7,7,0,12,2023-4
4,منطقة الحدود الشمالية,الإدارة العامة والدفاع ؛ والضمان الاجتماعي الإلزامي,3,2,2,0,10,10,0,12,2023-10
1,منطقة مكة المكرمة,الحراجة وقطع الأخشاب,3,2,1,1,10,10,0,12,2023-1
4,منطقة الجوف,الإدارة العامة والدفاع ؛ والضمان الاجتماعي الإلزامي,5,1,1,0,11,11,0,12,2023-10
4,منطقة الجوف,استخراج النفط الخام والغاز الطبيعي,6,0,0,0,12,12,0,12,2023-10
3,منطقة الحدود الشمالية,الأنشطة البيطرية,5,4,2,2,8,8,0,12,2023-7
1,منطقة حائل,أنشطة البريد ونقل الرسائل والطرود بواسطة مندوبين,4,0,0,0,12,12,0,12,2023-1
2,منطقة القصيم,صنع الحواسيب والمنتجات الإلكترونية والبصرية,7,0,0,0,12,12,0,12,2023-4
3,منطقة المدينة المنورة,تعدين ركازات الفلزات,6,1,1,0,11,11,0,12,2023-7
1,منطقة القصيم,صنع الحواسيب والمنتجات الإلكترونية والبصرية,7,0,0,0,12,12,0,12,2023-1
2,منطقة الحدود الشمالية,الأنشطة البيطرية,5,3,2,1,9,9,0,12,2023-4
2,منطقة تبوك,صنع فحم الكوك والمنتجات النفطية المكررة,2,4,3,1,8,8,0,12,2023-4
2,منطقة القصيم,الأنشطة الإبداعية والفنون وأنشطة الترفيه,5,3,1,2,9,9,0,12,2023-4
2,منطقة جازان,أنشطة خدمات المعلومات,5,2,0,2,9,9,0,11,2023-4
2,منطقة تبوك,أنشطة المكتبات والمحفوظات والمتاحف والأنشطة الثقافية الأخرى,5,3,3,0,8,8,0,11,2023-4
4,منطقة تبوك,أنشطة النشر,5,2,2,0,9,9,0,11,2023-10
3,منطقة الحدود الشمالية,الإدارة العامة والدفاع ؛ والضمان الاجتماعي الإلزامي,3,0,0,0,11,11,0,11,2023-7
3,منطقة نجران,أنشطة المكاتب الرئيسية، والأنشطة الاستشارية في مجال الإدارة,4,0,0,0,11,11,0,11,2023-7
3,منطقة نجران,صناعة معدات النقل الأخرى,4,1,0,1,10,10,0,11,2023-7
4,المنطقة الشرقية,الأنشطة غير المتميزة لإنتاج السلع والخدمات التي تقوم بها الأسر المعيشية الخاصة لإستعمالها الخاص,2,0,0,0,11,11,0,11,2023-10
4,منطقة نجران,الرعاية مع الإقامة,1,11,2,9,0,0,0,11,2023-10
3,منطقة جازان,أنشطة خدمات المعلومات,4,2,1,1,9,9,0,11,2023-7
4,منطقة الباحة,الاتصالات,4,4,3,1,7,7,0,11,2023-10
4,منطقة نجران,أنشطة المكاتب الرئيسية، والأنشطة الاستشارية في مجال الإدارة,4,0,0,0,11,11,0,11,2023-10
4,منطقة الباحة,صناعة الآلات والمعدات غير المصنفة في موضع أخر,4,2,1,1,9,9,0,11,2023-10
4,منطقة الباحة,صنع الحواسيب والمنتجات الإلكترونية والبصرية,6,2,2,0,9,9,0,11,2023-10
4,منطقة الباحة,صيد الأسماك وتربية المائيات,4,0,0,0,11,11,0,11,2023-10
1,منطقة الجوف,توصيل الكهرباء والغاز والبخار وتكييف الهواء,6,1,1,0,10,10,0,11,2023-1
3,منطقة القصيم,صنع الحواسيب والمنتجات الإلكترونية والبصرية,6,0,0,0,11,11,0,11,2023-7
2,منطقة الباحة,توصيل الكهرباء والغاز والبخار وتكييف الهواء,4,3,3,0,8,8,0,11,2023-4
1,منطقة جازان,صنع المنتجات الصيدلانية الأساسية والمستحضرات الصيدلانية,5,0,0,0,11,9,2,11,2023-1
3,منطقة الحدود الشمالية,صناعة الآلات والمعدات غير المصنفة في موضع أخر,4,0,0,0,11,11,0,11,2023-7
2,منطقة الحدود الشمالية,الصناعة التحويلية الأخرى,4,1,1,0,10,10,0,11,2023-4
1,منطقة الباحة,أنشطة الخدمات المالية ، فيما عدا تمويل التأمين وصناديق المعاشات,6,3,3,0,8,8,0,11,2023-1
4,منطقة المدينة المنورة,تعدين ركازات الفلزات,6,1,1,0,10,10,0,11,2023-10
1,منطقة الباحة,توصيل الكهرباء والغاز والبخار وتكييف الهواء,4,3,3,0,8,8,0,11,2023-1
4,منطقة جازان,الأنشطة المساعدة لأنشطة الخدمات المالية وأنشطة التأمين,1,3,3,0,8,8,0,11,2023-10
2,منطقة نجران,أنشطة المكاتب الرئيسية، والأنشطة الاستشارية في مجال الإدارة,4,0,0,0,11,11,0,11,2023-4
2,منطقة الرياض,أنشطة الاسر المعيشية التي تستخدم أفراداً للعمل المنزلي,7,1,1,0,9,8,1,10,2023-4
1,منطقة الحدود الشمالية,الصناعة التحويلية الأخرى,4,0,0,0,10,10,0,10,2023-1
2,منطقة الحدود الشمالية,صناعة الآلات والمعدات غير المصنفة في موضع أخر,3,0,0,0,10,10,0,10,2023-4
1,منطقة الحدود الشمالية,صنع منتجات المطاط واللدائن,2,3,1,2,7,7,0,10,2023-1
1,منطقة الرياض,أنشطة الاسر المعيشية التي تستخدم أفراداً للعمل المنزلي,7,1,1,0,9,8,1,10,2023-1
1,منطقة الحدود الشمالية,الصرف الصحي,4,0,0,0,10,10,0,10,2023-1
1,منطقة جازان,أنشطة خدمات المعلومات,4,1,0,1,9,9,0,10,2023-1
1,منطقة الحدود الشمالية,الإدارة العامة والدفاع ؛ والضمان الاجتماعي الإلزامي,3,0,0,0,10,10,0,10,2023-1
4,منطقة تبوك,أنشطة الأمن والتحقيقات,7,2,0,2,8,8,0,10,2023-10
4,منطقة المدينة المنورة,الحراجة وقطع الأخشاب,3,1,1,0,9,8,1,10,2023-10
1,منطقة الحدود الشمالية,صناعة الآلات والمعدات غير المصنفة في موضع أخر,3,0,0,0,10,10,0,10,2023-1
3,منطقة الجوف,أنشطة خدمات دعم التعدين,6,0,0,0,10,10,0,10,2023-7
3,منطقة الحدود الشمالية,أنشطة المكاتب الرئيسية، والأنشطة الاستشارية في مجال الإدارة,3,0,0,0,10,10,0,10,2023-7
2,منطقة الحدود الشمالية,الإدارة العامة والدفاع ؛ والضمان الاجتماعي الإلزامي,3,0,0,0,10,10,0,10,2023-4
2,منطقة تبوك,صناعة الآلات والمعدات غير المصنفة في موضع أخر,5,0,0,0,10,10,0,10,2023-4
1,منطقة المدينة المنورة,أنشطة البرمجة والإذاعة,4,1,0,1,9,9,0,10,2023-1
3,منطقة الحدود الشمالية,صنع المنتجات الصيدلانية الأساسية والمستحضرات الصيدلانية,3,2,0,2,8,8,0,10,2023-7
3,منطقة الباحة,الاتصالات,4,4,3,1,6,6,0,10,2023-7
2,منطقة الجوف,توصيل الكهرباء والغاز والبخار وتكييف الهواء,6,0,0,0,10,10,0,10,2023-4
2,منطقة الجوف,أنشطة خدمات دعم التعدين,6,0,0,0,10,10,0,10,2023-4
2,منطقة جازان,صنع المنتجات الصيدلانية الأساسية والمستحضرات الصيدلانية,5,0,0,0,10,8,2,10,2023-4
3,منطقة القصيم,الأنشطة الإبداعية والفنون وأنشطة الترفيه,6,2,1,1,8,8,0,10,2023-7
4,منطقة جازان,أنشطة النشر,5,0,0,0,9,9,0,9,2023-10
2,منطقة تبوك,أنشطة النشر,3,1,1,0,8,8,0,9,2023-4
1,منطقة جازان,الأنشطة المساعدة لأنشطة الخدمات المالية وأنشطة التأمين,1,4,4,0,5,5,0,9,2023-1
1,منطقة الباحة,أنشطة البرمجة الحاسوبية والخبرة الاستشارية وما يتصل بها من أنشطة,4,3,2,1,6,6,0,9,2023-1
2,منطقة جازان,أنشطة النشر,5,0,0,0,9,9,0,9,2023-4
2,منطقة عسير,الأنشطة المساعدة لأنشطة الخدمات المالية وأنشطة التأمين,5,3,2,1,6,6,0,9,2023-4
2,منطقة جازان,البحث والتطوير في المجال العلمي,2,7,4,3,2,2,0,9,2023-4
3,منطقة الحدود الشمالية,أنشطة البريد ونقل الرسائل والطرود بواسطة مندوبين,3,0,0,0,9,9,0,9,2023-7
4,منطقة الحدود الشمالية,صناعة الآلات والمعدات غير المصنفة في موضع أخر,4,1,1,0,8,8,0,9,2023-10
3,منطقة الباحة,صنع منتجات المطاط واللدائن,4,0,0,0,9,9,0,9,2023-7
1,منطقة الباحة,صنع المعدات الكهربائية,5,0,0,0,9,9,0,9,2023-1
2,منطقة الحدود الشمالية,أنشطة المكاتب الرئيسية، والأنشطة الاستشارية في مجال الإدارة,3,0,0,0,9,9,0,9,2023-4
2,منطقة الباحة,أنشطة الخدمات المالية ، فيما عدا تمويل التأمين وصناديق المعاشات,5,2,2,0,7,7,0,9,2023-4
1,منطقة المدينة المنورة,تمويل التأمين وإعادة التأمين وصناديق المعاشات التقاعدية باستثناء الضمان الاجتماعي الإلزامي,4,2,0,2,7,6,1,9,2023-1
3,منطقة تبوك,صناعة الآلات والمعدات غير المصنفة في موضع أخر,5,0,0,0,9,9,0,9,2023-7
3,منطقة جازان,أنشطة النشر,5,0,0,0,9,9,0,9,2023-7
4,منطقة الباحة,أنشطة الأمن والتحقيقات,1,9,5,4,0,0,0,9,2023-10
2,منطقة الباحة,صنع المعدات الكهربائية,5,0,0,0,9,9,0,9,2023-4
1,منطقة عسير,الأنشطة المساعدة لأنشطة الخدمات المالية وأنشطة التأمين,5,3,2,1,6,6,0,9,2023-1
4,منطقة حائل,تعدين ركازات الفلزات,2,1,1,0,8,8,0,9,2023-10
4,منطقة نجران,النقل الجوي,3,0,0,0,9,9,0,9,2023-10
3,منطقة نجران,النقل الجوي,3,0,0,0,9,9,0,9,2023-7
3,منطقة جازان,البحث والتطوير في المجال العلمي,1,7,4,3,1,1,0,8,2023-7
4,منطقة نجران,تعدين ركازات الفلزات,5,1,0,1,7,7,0,8,2023-10
3,منطقة الحدود الشمالية,صنع الحواسيب والمنتجات الإلكترونية والبصرية,4,2,1,1,6,6,0,8,2023-7
1,منطقة الحدود الشمالية,توصيل الكهرباء والغاز والبخار وتكييف الهواء,3,1,1,0,7,7,0,8,2023-1
4,منطقة الحدود الشمالية,الصناعة التحويلية الأخرى,4,0,0,0,8,8,0,8,2023-10
1,منطقة الحدود الشمالية,صنع المنتجات الصيدلانية الأساسية والمستحضرات الصيدلانية,3,3,1,2,5,5,0,8,2023-1
3,منطقة الرياض,أنشطة الاسر المعيشية التي تستخدم أفراداً للعمل المنزلي,7,1,1,0,7,7,0,8,2023-7
4,منطقة نجران,صناعة معدات النقل الأخرى,3,0,0,0,8,8,0,8,2023-10
2,منطقة الباحة,أنشطة البرمجة الحاسوبية والخبرة الاستشارية وما يتصل بها من أنشطة,4,2,1,1,6,6,0,8,2023-4
4,منطقة الباحة,أنشطة الخدمات المالية ، فيما عدا تمويل التأمين وصناديق المعاشات,5,1,1,0,7,7,0,8,2023-10
1,منطقة حائل,أنشطة خدمات دعم التعدين,4,0,0,0,8,8,0,8,2023-1
1,منطقة حائل,النقل المائي,4,3,1,2,5,5,0,8,2023-1
1,منطقة الحدود الشمالية,أنشطة المكاتب الرئيسية، والأنشطة الاستشارية في مجال الإدارة,3,0,0,0,8,8,0,8,2023-1
3,منطقة المدينة المنورة,الحراجة وقطع الأخشاب,3,1,1,0,7,7,0,8,2023-7
4,منطقة حائل,أنشطة خدمات دعم التعدين,4,0,0,0,8,8,0,8,2023-10
4,منطقة الجوف,أنشطة خدمات دعم التعدين,6,0,0,0,8,8,0,8,2023-10
3,منطقة الحدود الشمالية,الصناعة التحويلية الأخرى,4,0,0,0,8,8,0,8,2023-7
2,منطقة المدينة المنورة,الحراجة وقطع الأخشاب,3,2,1,1,6,6,0,8,2023-4
3,منطقة حائل,أنشطة خدمات دعم التعدين,4,0,0,0,8,8,0,8,2023-7
3,منطقة تبوك,أنشطة المكتبات والمحفوظات والمتاحف والأنشطة الثقافية الأخرى,4,2,2,0,6,6,0,8,2023-7
1,منطقة جازان,أنشطة النشر,4,0,0,0,8,8,0,8,2023-1
1,منطقة تبوك,أنشطة النشر,3,1,1,0,7,7,0,8,2023-1
2,منطقة الحدود الشمالية,أنشطة البريد ونقل الرسائل والطرود بواسطة مندوبين,2,1,1,0,7,7,0,8,2023-4
2,منطقة الحدود الشمالية,صنع المنتجات الصيدلانية الأساسية والمستحضرات الصيدلانية,3,3,1,2,5,5,0,8,2023-4
1,منطقة تبوك,الأنشطة المساعدة لأنشطة الخدمات المالية وأنشطة التأمين,3,4,3,1,4,4,0,8,2023-1
2,منطقة الحدود الشمالية,توصيل الكهرباء والغاز والبخار وتكييف الهواء,3,1,1,0,7,7,0,8,2023-4
2,منطقة حائل,النقل المائي,4,3,1,2,5,5,0,8,2023-4
3,منطقة الباحة,أنشطة الخدمات المالية ، فيما عدا تمويل التأمين وصناديق المعاشات,5,1,1,0,7,7,0,8,2023-7
2,منطقة حائل,أنشطة خدمات دعم التعدين,4,0,0,0,8,8,0,8,2023-4
1,منطقة تبوك,صنع المنتجات الصيدلانية الأساسية والمستحضرات الصيدلانية,3,0,0,0,8,8,0,8,2023-1
2,منطقة تبوك,صنع المنتجات الصيدلانية الأساسية والمستحضرات الصيدلانية,3,0,0,0,8,8,0,8,2023-4
1,منطقة الحدود الشمالية,صنع الحواسيب والمنتجات الإلكترونية والبصرية,4,1,1,0,6,6,0,7,2023-1
4,منطقة تبوك,أنشطة المكتبات والمحفوظات والمتاحف والأنشطة الثقافية الأخرى,4,1,1,0,6,6,0,7,2023-10
3,منطقة عسير,الأنشطة المساعدة لأنشطة الخدمات المالية وأنشطة التأمين,4,2,1,1,5,5,0,7,2023-7
3,منطقة الحدود الشمالية,الحراجة وقطع الأخشاب,1,3,1,2,4,4,0,7,2023-7
3,منطقة عسير,أنشطة الاسر المعيشية التي تستخدم أفراداً للعمل المنزلي,1,0,0,0,7,7,0,7,2023-7
1,منطقة عسير,أنشطة الاسر المعيشية التي تستخدم أفراداً للعمل المنزلي,1,0,0,0,7,7,0,7,2023-1
4,منطقة تبوك,أنشطة المكاتب الرئيسية، والأنشطة الاستشارية في مجال الإدارة,4,5,2,3,2,2,0,7,2023-10
2,منطقة القصيم,الحراجة وقطع الأخشاب,2,2,2,0,5,5,0,7,2023-4
1,منطقة الجوف,صُنع المنتجات الجلدية والمنتجات ذات الصلة,2,1,1,0,6,6,0,7,2023-1
2,منطقة عسير,أنشطة الاسر المعيشية التي تستخدم أفراداً للعمل المنزلي,1,0,0,0,7,7,0,7,2023-4
1,منطقة حائل,أنشطة البرمجة والإذاعة,1,2,1,1,5,5,0,7,2023-1
1,منطقة الحدود الشمالية,تعدين ركازات الفلزات,3,0,0,0,7,7,0,7,2023-1
2,منطقة حائل,أنشطة الاسر المعيشية التي تستخدم أفراداً للعمل المنزلي,3,1,1,0,6,6,0,7,2023-4
4,منطقة جازان,الحراجة وقطع الأخشاب,4,0,0,0,7,7,0,7,2023-10
4,منطقة الباحة,صنع منتجات المطاط واللدائن,5,0,0,0,7,7,0,7,2023-10
4,منطقة الحدود الشمالية,أنشطة المنظمات ذات العضوية,4,5,4,1,2,2,0,7,2023-10
4,منطقة الرياض,أنشطة الاسر المعيشية التي تستخدم أفراداً للعمل المنزلي,6,1,1,0,6,6,0,7,2023-10
1,منطقة الباحة,أنشطة الأمن والتحقيقات,1,7,6,1,0,0,0,7,2023-1
4,منطقة جازان,البحث والتطوير في المجال العلمي,1,6,4,2,1,1,0,7,2023-10
2,منطقة الجوف,الرعاية مع الإقامة,3,6,0,6,1,1,0,7,2023-4
3,منطقة الباحة,صيد الأسماك وتربية المائيات,4,1,0,1,6,6,0,7,2023-7
4,منطقة الحدود الشمالية,الحراجة وقطع الأخشاب,1,3,1,2,4,4,0,7,2023-10
2,منطقة المدينة المنورة,تمويل التأمين وإعادة التأمين وصناديق المعاشات التقاعدية باستثناء الضمان الاجتماعي الإلزامي,5,1,0,1,6,5,1,7,2023-4
4,منطقة عسير,الأنشطة المساعدة لأنشطة الخدمات المالية وأنشطة التأمين,4,1,0,1,6,6,0,7,2023-10
3,منطقة الحدود الشمالية,توصيل الكهرباء والغاز والبخار وتكييف الهواء,3,1,0,1,6,6,0,7,2023-7
3,منطقة الباحة,أنشطة البرمجة الحاسوبية والخبرة الاستشارية وما يتصل بها من أنشطة,3,3,1,2,4,4,0,7,2023-7
2,منطقة الحدود الشمالية,أنشطة خدمات دعم التعدين,1,1,1,0,6,6,0,7,2023-4
2,منطقة الحدود الشمالية,تعدين ركازات الفلزات,3,0,0,0,7,7,0,7,2023-4
3,منطقة المدينة المنورة,تمويل التأمين وإعادة التأمين وصناديق المعاشات التقاعدية باستثناء الضمان الاجتماعي الإلزامي,4,1,0,1,6,5,1,7,2023-7
4,منطقة عسير,أنشطة الاسر المعيشية التي تستخدم أفراداً للعمل المنزلي,1,0,0,0,7,7,0,7,2023-10
4,منطقة الجوف,أنشطة المكاتب الرئيسية، والأنشطة الاستشارية في مجال الإدارة,4,3,2,1,4,4,0,7,2023-10
2,منطقة الحدود الشمالية,صنع الحواسيب والمنتجات الإلكترونية والبصرية,4,1,1,0,6,6,0,7,2023-4
2,منطقة الباحة,أنشطة خدمات دعم التعدين,3,0,0,0,6,6,0,6,2023-4
4,منطقة عسير,الحراجة وقطع الأخشاب,3,0,0,0,6,6,0,6,2023-10
4,منطقة حائل,صناعة معدات النقل الأخرى,2,0,0,0,6,6,0,6,2023-10
1,منطقة حائل,أنشطة الاسر المعيشية التي تستخدم أفراداً للعمل المنزلي,3,0,0,0,6,6,0,6,2023-1
1,منطقة الباحة,أنشطة خدمات دعم التعدين,3,0,0,0,6,6,0,6,2023-1
4,منطقة نجران,تعدين الفحم والليغنيت,2,2,2,0,4,4,0,6,2023-10
2,منطقة نجران,أنشطة البريد ونقل الرسائل والطرود بواسطة مندوبين,4,0,0,0,6,6,0,6,2023-4
4,منطقة تبوك,الأنشطة الإبداعية والفنون وأنشطة الترفيه,3,0,0,0,6,6,0,6,2023-10
2,منطقة تبوك,الأنشطة الإبداعية والفنون وأنشطة الترفيه,3,0,0,0,6,6,0,6,2023-4
3,منطقة تبوك,الأنشطة الإبداعية والفنون وأنشطة الترفيه,3,0,0,0,6,6,0,6,2023-7
3,منطقة حائل,تعدين ركازات الفلزات,2,0,0,0,6,6,0,6,2023-7
3,منطقة الحدود الشمالية,أنشطة خدمات دعم التعدين,1,1,1,0,5,5,0,6,2023-7
3,منطقة الحدود الشمالية,أنشطة المنظمات ذات العضوية,4,4,4,0,2,2,0,6,2023-7
2,منطقة حائل,تعدين ركازات الفلزات,2,0,0,0,6,6,0,6,2023-4
1,منطقة الرياض,الأنشطة غير المتميزة لإنتاج السلع والخدمات التي تقوم بها الأسر المعيشية الخاصة لإستعمالها الخاص,1,0,0,0,6,6,0,6,2023-1
1,منطقة تبوك,تعدين ركازات الفلزات,1,0,0,0,6,6,0,6,2023-1
4,منطقة المدينة المنورة,تمويل التأمين وإعادة التأمين وصناديق المعاشات التقاعدية باستثناء الضمان الاجتماعي الإلزامي,3,0,0,0,6,5,1,6,2023-10
4,منطقة الجوف,الأنشطة البيطرية,1,1,1,0,5,5,0,6,2023-10
1,منطقة تبوك,الأنشطة الإبداعية والفنون وأنشطة الترفيه,3,0,0,0,6,6,0,6,2023-1
3,منطقة الجوف,الأنشطة البيطرية,1,1,1,0,5,5,0,6,2023-7
1,منطقة الجوف,صناعة الآلات والمعدات غير المصنفة في موضع أخر,2,0,0,0,6,6,0,6,2023-1
4,منطقة الحدود الشمالية,توصيل الكهرباء والغاز والبخار وتكييف الهواء,3,0,0,0,6,6,0,6,2023-10
2,منطقة تبوك,تعدين ركازات الفلزات,1,0,0,0,6,6,0,6,2023-4
4,منطقة الباحة,أنشطة البرمجة الحاسوبية والخبرة الاستشارية وما يتصل بها من أنشطة,4,3,1,2,3,3,0,6,2023-10
3,منطقة حائل,صنع فحم الكوك والمنتجات النفطية المكررة,2,0,0,0,6,6,0,6,2023-7
1,منطقة الباحة,الأنشطة الإبداعية والفنون وأنشطة الترفيه,2,2,0,2,4,4,0,6,2023-1
3,منطقة نجران,تعدين الفحم والليغنيت,2,2,2,0,4,4,0,6,2023-7
4,منطقة الحدود الشمالية,أنشطة خدمات دعم التعدين,2,0,0,0,6,6,0,6,2023-10
4,منطقة نجران,الأنشطة الإبداعية والفنون وأنشطة الترفيه,2,0,0,0,5,5,0,5,2023-10
4,منطقة الباحة,أنشطة خدمات دعم التعدين,3,0,0,0,5,5,0,5,2023-10
4,منطقة الباحة,أنشطة المكتبات والمحفوظات والمتاحف والأنشطة الثقافية الأخرى,2,1,0,1,4,4,0,5,2023-10
3,منطقة الباحة,أنشطة خدمات دعم التعدين,3,0,0,0,5,5,0,5,2023-7
1,منطقة الباحة,أنشطة المكتبات والمحفوظات والمتاحف والأنشطة الثقافية الأخرى,2,0,0,0,5,5,0,5,2023-1
1,منطقة الباحة,تعدين ركازات الفلزات,4,0,0,0,5,5,0,5,2023-1
1,منطقة نجران,الأنشطة الإبداعية والفنون وأنشطة الترفيه,2,0,0,0,5,5,0,5,2023-1
4,منطقة حائل,صنع فحم الكوك والمنتجات النفطية المكررة,1,1,0,1,4,4,0,5,2023-10
2,منطقة حائل,صنع فحم الكوك والمنتجات النفطية المكررة,1,1,0,1,4,4,0,5,2023-4
3,منطقة حائل,النقل المائي,3,0,0,0,5,5,0,5,2023-7
2,منطقة عسير,استخراج النفط الخام والغاز الطبيعي,3,1,0,1,4,4,0,5,2023-4
1,منطقة الباحة,صنع منتجات المطاط واللدائن,2,0,0,0,5,5,0,5,2023-1
3,منطقة تبوك,تعدين ركازات الفلزات,1,0,0,0,5,5,0,5,2023-7
4,منطقة الباحة,صنع المنتجات الصيدلانية الأساسية والمستحضرات الصيدلانية,2,1,1,0,4,4,0,5,2023-10
3,منطقة جازان,الأنشطة الإبداعية والفنون وأنشطة الترفيه,2,1,1,0,4,3,1,5,2023-7
2,منطقة نجران,صُنع المنتجات الجلدية والمنتجات ذات الصلة,3,1,0,1,4,4,0,5,2023-4
1,منطقة تبوك,أنشطة البرمجة والإذاعة,2,0,0,0,5,5,0,5,2023-1
2,منطقة نجران,النقل الجوي,2,0,0,0,5,5,0,5,2023-4
3,منطقة جازان,الحراجة وقطع الأخشاب,3,1,0,1,4,4,0,5,2023-7
3,منطقة الجوف,أنشطة النشر,3,0,0,0,5,5,0,5,2023-7
2,منطقة الجوف,أنشطة النشر,3,0,0,0,5,5,0,5,2023-4
3,منطقة الجوف,أنشطة المكاتب الرئيسية، والأنشطة الاستشارية في مجال الإدارة,4,3,2,1,2,2,0,5,2023-7
3,منطقة الباحة,صنع المعدات الكهربائية,3,0,0,0,5,5,0,5,2023-7
3,منطقة الجوف,أنشطة البريد ونقل الرسائل والطرود بواسطة مندوبين,2,1,0,1,4,4,0,5,2023-7
4,منطقة المدينة المنورة,أنشطة البرمجة والإذاعة,3,0,0,0,5,5,0,5,2023-10
4,منطقة الباحة,صنع المعدات الكهربائية,3,0,0,0,5,5,0,5,2023-10
4,منطقة الجوف,صُنع المنتجات الجلدية والمنتجات ذات الصلة,2,0,0,0,5,5,0,5,2023-10
1,منطقة نجران,النقل الجوي,2,0,0,0,5,5,0,5,2023-1
2,منطقة الباحة,صنع المنتجات الصيدلانية الأساسية والمستحضرات الصيدلانية,2,2,1,1,3,3,0,5,2023-4
1,منطقة عسير,استخراج النفط الخام والغاز الطبيعي,3,1,0,1,4,4,0,5,2023-1
1,منطقة المدينة المنورة,أنشطة خدمات دعم التعدين,4,1,1,0,4,4,0,5,2023-1
4,منطقة تبوك,تعدين ركازات الفلزات,1,0,0,0,5,5,0,5,2023-10
4,منطقة الحدود الشمالية,تعدين ركازات الفلزات,3,0,0,0,5,5,0,5,2023-10
3,منطقة المدينة المنورة,أنشطة البرمجة والإذاعة,3,0,0,0,5,5,0,5,2023-7
1,منطقة نجران,صُنع المنتجات الجلدية والمنتجات ذات الصلة,3,0,0,0,5,5,0,5,2023-1
2,منطقة الباحة,تعدين ركازات الفلزات,4,0,0,0,5,5,0,5,2023-4
4,منطقة حائل,الأنشطة الإبداعية والفنون وأنشطة الترفيه,2,1,0,1,4,4,0,5,2023-10
3,منطقة الحدود الشمالية,تعدين ركازات الفلزات,3,0,0,0,5,5,0,5,2023-7
4,منطقة الجوف,أنشطة النشر,3,0,0,0,5,5,0,5,2023-10
2,منطقة المدينة المنورة,أنشطة البرمجة والإذاعة,3,0,0,0,5,5,0,5,2023-4
2,منطقة الباحة,صنع منتجات المطاط واللدائن,2,0,0,0,5,5,0,5,2023-4
3,منطقة عسير,استخراج النفط الخام والغاز الطبيعي,3,1,0,1,4,4,0,5,2023-7
1,منطقة حائل,تعدين ركازات الفلزات,2,0,0,0,5,5,0,5,2023-1
3,منطقة تبوك,أنشطة البرمجة والإذاعة,2,0,0,0,5,5,0,5,2023-7
1,منطقة نجران,تمويل التأمين وإعادة التأمين وصناديق المعاشات التقاعدية باستثناء الضمان الاجتماعي الإلزامي,2,0,0,0,5,5,0,5,2023-1
2,منطقة تبوك,أنشطة البرمجة والإذاعة,2,0,0,0,5,5,0,5,2023-4
4,منطقة حائل,النقل المائي,2,1,0,1,4,4,0,5,2023-10
2,منطقة الحدود الشمالية,أنشطة المكتبات والمحفوظات والمتاحف والأنشطة الثقافية الأخرى,2,0,0,0,4,4,0,4,2023-4
4,منطقة الحدود الشمالية,أنشطة النشر,2,0,0,0,4,4,0,4,2023-10
3,منطقة الباحة,تعدين ركازات الفلزات,4,0,0,0,4,4,0,4,2023-7
2,منطقة الباحة,أنشطة المكتبات والمحفوظات والمتاحف والأنشطة الثقافية الأخرى,2,0,0,0,4,4,0,4,2023-4
3,منطقة الباحة,أنشطة المكاتب الرئيسية، والأنشطة الاستشارية في مجال الإدارة,2,1,0,1,3,3,0,4,2023-7
1,منطقة الباحة,أنشطة المكاتب الرئيسية، والأنشطة الاستشارية في مجال الإدارة,2,1,0,1,3,3,0,4,2023-1
2,منطقة الجوف,صُنع المنتجات الجلدية والمنتجات ذات الصلة,2,0,0,0,4,4,0,4,2023-4
1,منطقة حائل,أنشطة المكتبات والمحفوظات والمتاحف والأنشطة الثقافية الأخرى,4,0,0,0,4,4,0,4,2023-1
1,منطقة القصيم,استخراج النفط الخام والغاز الطبيعي,1,0,0,0,4,4,0,4,2023-1
2,منطقة الباحة,أنشطة المكاتب الرئيسية، والأنشطة الاستشارية في مجال الإدارة,2,1,0,1,3,3,0,4,2023-4
3,منطقة الباحة,أنشطة المكتبات والمحفوظات والمتاحف والأنشطة الثقافية الأخرى,2,0,0,0,4,4,0,4,2023-7
4,منطقة الحدود الشمالية,أنشطة المكتبات والمحفوظات والمتاحف والأنشطة الثقافية الأخرى,2,0,0,0,4,4,0,4,2023-10
4,منطقة الجوف,صنع فحم الكوك والمنتجات النفطية المكررة,1,0,0,0,4,4,0,4,2023-10
1,منطقة القصيم,البحث والتطوير في المجال العلمي,2,0,0,0,4,4,0,4,2023-1
3,منطقة القصيم,استخراج النفط الخام والغاز الطبيعي,1,0,0,0,4,4,0,4,2023-7
4,منطقة الباحة,تعدين ركازات الفلزات,4,0,0,0,4,4,0,4,2023-10
1,منطقة حائل,البحث والتطوير في المجال العلمي,1,4,0,4,0,0,0,4,2023-1
4,منطقة الجوف,تعدين ركازات الفلزات,1,0,0,0,4,4,0,4,2023-10
3,منطقة جازان,أنشطة البرمجة والإذاعة,1,1,0,1,3,3,0,4,2023-7
3,منطقة الحدود الشمالية,أنشطة النشر,2,0,0,0,4,4,0,4,2023-7
1,منطقة نجران,تعدين الفحم والليغنيت,1,0,0,0,4,4,0,4,2023-1
4,منطقة الجوف,أنشطة البريد ونقل الرسائل والطرود بواسطة مندوبين,2,1,0,1,3,3,0,4,2023-10
3,منطقة الحدود الشمالية,أنشطة المكتبات والمحفوظات والمتاحف والأنشطة الثقافية الأخرى,2,0,0,0,4,4,0,4,2023-7
3,منطقة الجوف,صُنع المنتجات الجلدية والمنتجات ذات الصلة,2,0,0,0,4,4,0,4,2023-7
3,منطقة الجوف,صنع فحم الكوك والمنتجات النفطية المكررة,1,0,0,0,4,4,0,4,2023-7
4,منطقة الحدود الشمالية,صيد الأسماك وتربية المائيات,1,0,0,0,4,4,0,4,2023-10
1,منطقة الجوف,أنشطة النشر,2,0,0,0,4,4,0,4,2023-1
3,منطقة الجوف,تعدين ركازات الفلزات,1,0,0,0,4,4,0,4,2023-7
1,منطقة حائل,تعدين الفحم والليغنيت,1,0,0,0,4,4,0,4,2023-1
1,منطقة الجوف,أنشطة البريد ونقل الرسائل والطرود بواسطة مندوبين,1,0,0,0,4,4,0,4,2023-1
2,منطقة الجوف,تعدين ركازات الفلزات,1,0,0,0,4,4,0,4,2023-4
3,منطقة الحدود الشمالية,صيد الأسماك وتربية المائيات,1,0,0,0,4,4,0,4,2023-7
1,منطقة الجوف,تعدين ركازات الفلزات,1,0,0,0,4,4,0,4,2023-1
2,منطقة الحدود الشمالية,أنشطة النشر,2,0,0,0,4,4,0,4,2023-4
2,منطقة الجوف,أنشطة البريد ونقل الرسائل والطرود بواسطة مندوبين,1,0,0,0,4,4,0,4,2023-4
3,منطقة القصيم,البحث والتطوير في المجال العلمي,2,0,0,0,4,4,0,4,2023-7
4,منطقة جازان,أنشطة البرمجة والإذاعة,1,1,0,1,3,3,0,4,2023-10
2,منطقة نجران,أنشطة البرمجة والإذاعة,1,1,1,0,3,3,0,4,2023-4
1,منطقة نجران,أنشطة البرمجة والإذاعة,1,1,1,0,3,3,0,4,2023-1
3,منطقة حائل,أنشطة المكتبات والمحفوظات والمتاحف والأنشطة الثقافية الأخرى,4,0,0,0,4,4,0,4,2023-7
3,منطقة حائل,البحث والتطوير في المجال العلمي,1,4,0,4,0,0,0,4,2023-7
2,منطقة حائل,تعدين الفحم والليغنيت,1,0,0,0,4,4,0,4,2023-4
2,منطقة حائل,البحث والتطوير في المجال العلمي,1,4,0,4,0,0,0,4,2023-4
1,منطقة الحدود الشمالية,أنشطة البريد ونقل الرسائل والطرود بواسطة مندوبين,1,0,0,0,4,4,0,4,2023-1
1,منطقة الحدود الشمالية,أنشطة المكتبات والمحفوظات والمتاحف والأنشطة الثقافية الأخرى,2,0,0,0,4,4,0,4,2023-1
2,منطقة جازان,الأنشطة الإبداعية والفنون وأنشطة الترفيه,2,1,1,0,3,2,1,4,2023-4
4,منطقة نجران,تمويل التأمين وإعادة التأمين وصناديق المعاشات التقاعدية باستثناء الضمان الاجتماعي الإلزامي,1,1,0,1,3,3,0,4,2023-10
2,منطقة جازان,أنشطة البرمجة والإذاعة,1,1,0,1,3,3,0,4,2023-4
2,منطقة نجران,الأنشطة الإبداعية والفنون وأنشطة الترفيه,2,0,0,0,4,4,0,4,2023-4
3,منطقة عسير,الحراجة وقطع الأخشاب,1,0,0,0,4,4,0,4,2023-7
1,منطقة جازان,الأنشطة الإبداعية والفنون وأنشطة الترفيه,2,1,1,0,3,2,1,4,2023-1
2,منطقة القصيم,استخراج النفط الخام والغاز الطبيعي,1,0,0,0,4,4,0,4,2023-4
4,منطقة نجران,صُنع المنتجات الجلدية والمنتجات ذات الصلة,2,0,0,0,4,4,0,4,2023-10
3,منطقة نجران,أنشطة البرمجة والإذاعة,1,1,1,0,3,3,0,4,2023-7
1,منطقة جازان,أنشطة البرمجة والإذاعة,1,1,0,1,3,3,0,4,2023-1
2,منطقة القصيم,البحث والتطوير في المجال العلمي,2,0,0,0,4,4,0,4,2023-4
3,منطقة نجران,الأنشطة الإبداعية والفنون وأنشطة الترفيه,2,0,0,0,4,4,0,4,2023-7
4,منطقة حائل,أنشطة المكتبات والمحفوظات والمتاحف والأنشطة الثقافية الأخرى,4,0,0,0,4,4,0,4,2023-10
1,منطقة جازان,أنشطة المعالجة وخدمات إدارة النفايات الأخرى,1,0,0,0,4,4,0,4,2023-1
1,منطقة نجران,أنشطة البريد ونقل الرسائل والطرود بواسطة مندوبين,3,0,0,0,4,4,0,4,2023-1
2,منطقة حائل,أنشطة المكتبات والمحفوظات والمتاحف والأنشطة الثقافية الأخرى,4,0,0,0,4,4,0,4,2023-4
2,منطقة نجران,تعدين الفحم والليغنيت,1,0,0,0,4,4,0,4,2023-4
4,منطقة القصيم,البحث والتطوير في المجال العلمي,2,0,0,0,4,4,0,4,2023-10
2,منطقة نجران,تمويل التأمين وإعادة التأمين وصناديق المعاشات التقاعدية باستثناء الضمان الاجتماعي الإلزامي,2,0,0,0,4,4,0,4,2023-4
4,منطقة عسير,استخراج النفط الخام والغاز الطبيعي,3,0,0,0,4,4,0,4,2023-10
4,منطقة الباحة,أنشطة المكاتب الرئيسية، والأنشطة الاستشارية في مجال الإدارة,2,1,0,1,3,2,1,4,2023-10
1,منطقة المدينة المنورة,الحراجة وقطع الأخشاب,2,1,0,1,3,3,0,4,2023-1
1,منطقة الباحة,تمويل التأمين وإعادة التأمين وصناديق المعاشات التقاعدية باستثناء الضمان الاجتماعي الإلزامي,1,0,0,0,4,4,0,4,2023-1
2,منطقة الباحة,تمويل التأمين وإعادة التأمين وصناديق المعاشات التقاعدية باستثناء الضمان الاجتماعي الإلزامي,1,0,0,0,3,3,0,3,2023-4
3,منطقة نجران,صُنع المنتجات الجلدية والمنتجات ذات الصلة,2,0,0,0,3,3,0,3,2023-7
2,منطقة القصيم,أنشطة البرمجة والإذاعة,2,0,0,0,3,3,0,3,2023-4
2,منطقة الحدود الشمالية,الحراجة وقطع الأخشاب,1,1,0,1,2,2,0,3,2023-4
4,منطقة حائل,الحراجة وقطع الأخشاب,1,0,0,0,3,3,0,3,2023-10
4,منطقة جازان,الأنشطة الإبداعية والفنون وأنشطة الترفيه,3,0,0,0,3,2,1,3,2023-10
1,منطقة القصيم,أنشطة البرمجة والإذاعة,2,0,0,0,3,3,0,3,2023-1
2,منطقة الباحة,صناعة المركبات ذات المحركات والمركبات المقطورة ونصف المقطورة,2,0,0,0,3,3,0,3,2023-4
1,منطقة الحدود الشمالية,أنشطة النشر,2,0,0,0,3,3,0,3,2023-1
2,منطقة جازان,أنشطة المعالجة وخدمات إدارة النفايات الأخرى,1,0,0,0,3,3,0,3,2023-4
1,منطقة الحدود الشمالية,صناعة معدات النقل الأخرى,1,0,0,0,3,3,0,3,2023-1
1,منطقة الباحة,الأنشطة البيطرية,2,1,0,1,2,2,0,3,2023-1
3,منطقة المدينة المنورة,أنشطة الاسر المعيشية التي تستخدم أفراداً للعمل المنزلي,1,0,0,0,3,3,0,3,2023-7
4,منطقة القصيم,أنشطة البرمجة والإذاعة,1,0,0,0,3,3,0,3,2023-10
1,منطقة المدينة المنورة,أنشطة الاسر المعيشية التي تستخدم أفراداً للعمل المنزلي,1,0,0,0,3,3,0,3,2023-1
4,منطقة الحدود الشمالية,الأنشطة الإبداعية والفنون وأنشطة الترفيه,1,0,0,0,3,3,0,3,2023-10
3,منطقة الباحة,الأنشطة البيطرية,3,1,0,1,2,2,0,3,2023-7
3,منطقة الباحة,الأنشطة الإبداعية والفنون وأنشطة الترفيه,2,0,0,0,3,3,0,3,2023-7
3,منطقة نجران,أنشطة المعالجة وخدمات إدارة النفايات الأخرى,1,1,0,1,2,2,0,3,2023-7
1,منطقة الباحة,صناعة المركبات ذات المحركات والمركبات المقطورة ونصف المقطورة,2,0,0,0,3,3,0,3,2023-1
2,منطقة المدينة المنورة,أنشطة الاسر المعيشية التي تستخدم أفراداً للعمل المنزلي,1,0,0,0,3,3,0,3,2023-4
4,منطقة الحدود الشمالية,أنشطة المعالجة وخدمات إدارة النفايات الأخرى,1,0,0,0,3,3,0,3,2023-10
3,منطقة القصيم,أنشطة البرمجة والإذاعة,2,0,0,0,3,3,0,3,2023-7
1,منطقة حائل,الأنشطة الإبداعية والفنون وأنشطة الترفيه,2,1,1,0,2,2,0,3,2023-1
2,منطقة الباحة,الأنشطة البيطرية,2,1,0,1,2,2,0,3,2023-4
4,منطقة الباحة,الأنشطة البيطرية,3,1,0,1,2,2,0,3,2023-10
3,منطقة حائل,تعدين الفحم والليغنيت,1,0,0,0,3,3,0,3,2023-7
3,منطقة الحدود الشمالية,أنشطة خدمات المعلومات,1,1,1,0,2,2,0,3,2023-7
1,منطقة نجران,الصرف الصحي,3,0,0,0,3,3,0,3,2023-1
4,منطقة الباحة,تمويل التأمين وإعادة التأمين وصناديق المعاشات التقاعدية باستثناء الضمان الاجتماعي الإلزامي,1,0,0,0,3,3,0,3,2023-10
4,منطقة نجران,أنشطة البرمجة والإذاعة,1,0,0,0,3,3,0,3,2023-10
2,منطقة نجران,الصرف الصحي,3,0,0,0,3,3,0,3,2023-4
2,منطقة الجوف,الأنشطة البيطرية,1,0,0,0,3,3,0,3,2023-4
3,منطقة حائل,الحراجة وقطع الأخشاب,1,0,0,0,3,3,0,3,2023-7
2,منطقة حائل,صناعة معدات النقل الأخرى,1,0,0,0,3,3,0,3,2023-4
3,منطقة الباحة,صناعة المركبات ذات المحركات والمركبات المقطورة ونصف المقطورة,2,0,0,0,3,3,0,3,2023-7
1,منطقة الجوف,الأنشطة البيطرية,1,0,0,0,3,3,0,3,2023-1
1,منطقة حائل,صنع فحم الكوك والمنتجات النفطية المكررة,1,0,0,0,3,3,0,3,2023-1
4,منطقة المدينة المنورة,أنشطة الاسر المعيشية التي تستخدم أفراداً للعمل المنزلي,1,0,0,0,3,3,0,3,2023-10
3,منطقة الباحة,تمويل التأمين وإعادة التأمين وصناديق المعاشات التقاعدية باستثناء الضمان الاجتماعي الإلزامي,1,0,0,0,3,3,0,3,2023-7
3,منطقة حائل,صناعة معدات النقل الأخرى,1,0,0,0,3,3,0,3,2023-7
4,منطقة حائل,تعدين الفحم والليغنيت,1,0,0,0,3,3,0,3,2023-10
3,منطقة تبوك,أنشطة المكاتب الرئيسية، والأنشطة الاستشارية في مجال الإدارة,3,2,2,0,1,1,0,3,2023-7
1,منطقة جازان,تمويل التأمين وإعادة التأمين وصناديق المعاشات التقاعدية باستثناء الضمان الاجتماعي الإلزامي,1,1,1,0,2,2,0,3,2023-1
4,منطقة عسير,تعدين الفحم والليغنيت,1,0,0,0,3,3,0,3,2023-10
3,منطقة الباحة,صنع المنتجات الصيدلانية الأساسية والمستحضرات الصيدلانية,2,1,1,0,2,2,0,3,2023-7
1,منطقة حائل,صناعة معدات النقل الأخرى,1,0,0,0,3,3,0,3,2023-1
2,منطقة جازان,تمويل التأمين وإعادة التأمين وصناديق المعاشات التقاعدية باستثناء الضمان الاجتماعي الإلزامي,1,1,1,0,2,2,0,3,2023-4
3,منطقة جازان,تمويل التأمين وإعادة التأمين وصناديق المعاشات التقاعدية باستثناء الضمان الاجتماعي الإلزامي,1,0,0,0,2,2,0,2,2023-7
3,منطقة تبوك,صناعة معدات النقل الأخرى,1,1,0,1,1,1,0,2,2023-7
3,منطقة جازان,أنشطة المعالجة وخدمات إدارة النفايات الأخرى,1,0,0,0,2,2,0,2,2023-7
3,منطقة حائل,أنشطة الاسر المعيشية التي تستخدم أفراداً للعمل المنزلي,2,0,0,0,2,2,0,2,2023-7
4,منطقة الجوف,صيد الأسماك وتربية المائيات,1,0,0,0,2,2,0,2,2023-10
4,منطقة نجران,أنشطة المعالجة وخدمات إدارة النفايات الأخرى,1,1,0,1,1,1,0,2,2023-10
3,منطقة مكة المكرمة,الأنشطة غير المتميزة لإنتاج السلع والخدمات التي تقوم بها الأسر المعيشية الخاصة لإستعمالها الخاص,2,0,0,0,2,0,2,2,2023-7
4,منطقة الباحة,البحث والتطوير في المجال العلمي,1,0,0,0,2,2,0,2,2023-10
4,منطقة الجوف,صناعة معدات النقل الأخرى,1,0,0,0,2,2,0,2,2023-10
3,منطقة نجران,تمويل التأمين وإعادة التأمين وصناديق المعاشات التقاعدية باستثناء الضمان الاجتماعي الإلزامي,1,0,0,0,2,2,0,2,2023-7
3,منطقة حائل,الأنشطة الإبداعية والفنون وأنشطة الترفيه,2,0,0,0,2,2,0,2,2023-7
4,منطقة الباحة,النقل المائي,1,0,0,0,2,2,0,2,2023-10
1,منطقة حائل,الحراجة وقطع الأخشاب,1,0,0,0,2,2,0,2,2023-1
1,منطقة الحدود الشمالية,صناعة المركبات ذات المحركات والمركبات المقطورة ونصف المقطورة,1,0,0,0,2,2,0,2,2023-1
3,منطقة المدينة المنورة,أنشطة المعالجة وخدمات إدارة النفايات الأخرى,1,1,0,1,1,1,0,2,2023-7
3,منطقة جازان,أنشطة الاسر المعيشية التي تستخدم أفراداً للعمل المنزلي,1,1,0,1,1,0,1,2,2023-7
1,منطقة مكة المكرمة,الأنشطة غير المتميزة لإنتاج السلع والخدمات التي تقوم بها الأسر المعيشية الخاصة لإستعمالها الخاص,2,0,0,0,2,0,2,2,2023-1
4,منطقة الباحة,أنشطة البريد ونقل الرسائل والطرود بواسطة مندوبين,2,1,1,0,1,1,0,2,2023-10
4,منطقة الجوف,أنشطة البرمجة والإذاعة,1,0,0,0,2,2,0,2,2023-10
1,منطقة نجران,أنشطة المعالجة وخدمات إدارة النفايات الأخرى,1,1,0,1,1,1,0,2,2023-1
4,منطقة حائل,أنشطة الاسر المعيشية التي تستخدم أفراداً للعمل المنزلي,2,0,0,0,2,2,0,2,2023-10
1,منطقة الحدود الشمالية,الأنشطة الإبداعية والفنون وأنشطة الترفيه,1,0,0,0,2,2,0,2,2023-1
3,منطقة الحدود الشمالية,الأنشطة الإبداعية والفنون وأنشطة الترفيه,1,0,0,0,2,2,0,2,2023-7
3,منطقة الجوف,صناعة معدات النقل الأخرى,1,0,0,0,2,2,0,2,2023-7
2,منطقة الجوف,الحراجة وقطع الأخشاب,1,0,0,0,2,2,0,2,2023-4
3,منطقة الجوف,الأنشطة المساعدة لأنشطة الخدمات المالية وأنشطة التأمين,1,0,0,0,2,2,0,2,2023-7
2,منطقة جازان,أنشطة الاسر المعيشية التي تستخدم أفراداً للعمل المنزلي,1,1,0,1,1,0,1,2,2023-4
3,منطقة الجوف,أنشطة البرمجة والإذاعة,1,0,0,0,2,2,0,2,2023-7
4,منطقة جازان,أنشطة المعالجة وخدمات إدارة النفايات الأخرى,1,0,0,0,2,2,0,2,2023-10
4,منطقة جازان,أنشطة الاسر المعيشية التي تستخدم أفراداً للعمل المنزلي,1,1,0,1,1,0,1,2,2023-10
3,منطقة الباحة,النقل المائي,1,0,0,0,2,2,0,2,2023-7
1,منطقة الباحة,صنع المنتجات الصيدلانية الأساسية والمستحضرات الصيدلانية,1,0,0,0,2,2,0,2,2023-1
2,منطقة جازان,الحراجة وقطع الأخشاب,2,1,0,1,1,1,0,2,2023-4
2,منطقة حائل,الأنشطة الإبداعية والفنون وأنشطة الترفيه,2,0,0,0,2,2,0,2,2023-4
2,منطقة حائل,الأنشطة المساعدة لأنشطة الخدمات المالية وأنشطة التأمين,1,0,0,0,2,2,0,2,2023-4
2,منطقة حائل,الحراجة وقطع الأخشاب,1,0,0,0,2,2,0,2,2023-4
2,منطقة الحدود الشمالية,الأنشطة الإبداعية والفنون وأنشطة الترفيه,1,0,0,0,2,2,0,2,2023-4
1,منطقة تبوك,صناعة معدات النقل الأخرى,1,1,0,1,1,1,0,2,2023-1
4,منطقة المدينة المنورة,تعدين الفحم والليغنيت,1,0,0,0,2,2,0,2,2023-10
2,منطقة مكة المكرمة,الأنشطة غير المتميزة لإنتاج السلع والخدمات التي تقوم بها الأسر المعيشية الخاصة لإستعمالها الخاص,2,0,0,0,2,0,2,2,2023-4
4,منطقة المدينة المنورة,أنشطة المعالجة وخدمات إدارة النفايات الأخرى,1,1,0,1,1,1,0,2,2023-10
1,منطقة الباحة,أنشطة جمع النفايات ومعالجتها وتصريفها ، واسترجاع المواد,1,0,0,0,2,2,0,2,2023-1
2,منطقة نجران,أنشطة المعالجة وخدمات إدارة النفايات الأخرى,1,1,0,1,1,1,0,2,2023-4
2,منطقة الحدود الشمالية,صناعة المركبات ذات المحركات والمركبات المقطورة ونصف المقطورة,1,0,0,0,2,2,0,2,2023-4
2,منطقة الحدود الشمالية,صناعة معدات النقل الأخرى,1,0,0,0,2,2,0,2,2023-4
1,منطقة الباحة,النقل المائي,1,0,0,0,2,2,0,2,2023-1
2,منطقة الجوف,الأنشطة المساعدة لأنشطة الخدمات المالية وأنشطة التأمين,1,0,0,0,2,2,0,2,2023-4
1,منطقة تبوك,أنشطة المكاتب الرئيسية، والأنشطة الاستشارية في مجال الإدارة,2,1,1,0,1,1,0,2,2023-1
2,منطقة الباحة,النقل المائي,1,0,0,0,2,2,0,2,2023-4
1,منطقة جازان,استخراج النفط الخام والغاز الطبيعي,1,0,0,0,2,2,0,2,2023-1
4,منطقة الحدود الشمالية,صناعة المركبات ذات المحركات والمركبات المقطورة ونصف المقطورة,1,0,0,0,2,2,0,2,2023-10
4,منطقة الحدود الشمالية,صناعة معدات النقل الأخرى,1,0,0,0,2,2,0,2,2023-10
2,منطقة تبوك,صناعة معدات النقل الأخرى,1,1,0,1,1,1,0,2,2023-4
3,منطقة الحدود الشمالية,صناعة معدات النقل الأخرى,1,0,0,0,2,2,0,2,2023-7
3,منطقة الحدود الشمالية,صناعة المركبات ذات المحركات والمركبات المقطورة ونصف المقطورة,1,0,0,0,2,2,0,2,2023-7
1,منطقة المدينة المنورة,أنشطة المعالجة وخدمات إدارة النفايات الأخرى,1,0,0,0,2,2,0,2,2023-1
4,منطقة مكة المكرمة,الأنشطة غير المتميزة لإنتاج السلع والخدمات التي تقوم بها الأسر المعيشية الخاصة لإستعمالها الخاص,2,0,0,0,2,0,2,2,2023-10
2,منطقة تبوك,أنشطة المكاتب الرئيسية، والأنشطة الاستشارية في مجال الإدارة,2,1,1,0,1,1,0,2,2023-4
1,منطقة جازان,أنشطة الاسر المعيشية التي تستخدم أفراداً للعمل المنزلي,1,1,0,1,1,0,1,2,2023-1
1,منطقة الجوف,الحراجة وقطع الأخشاب,1,0,0,0,2,2,0,2,2023-1
4,منطقة الحدود الشمالية,أنشطة خدمات المعلومات,1,1,1,0,1,1,0,2,2023-10
2,منطقة المدينة المنورة,أنشطة المعالجة وخدمات إدارة النفايات الأخرى,1,0,0,0,2,2,0,2,2023-4
4,منطقة حائل,الأنشطة المساعدة لأنشطة الخدمات المالية وأنشطة التأمين,1,0,0,0,2,2,0,2,2023-10
1,منطقة الجوف,الأنشطة المساعدة لأنشطة الخدمات المالية وأنشطة التأمين,1,0,0,0,2,2,0,2,2023-1
4,منطقة جازان,تمويل التأمين وإعادة التأمين وصناديق المعاشات التقاعدية باستثناء الضمان الاجتماعي الإلزامي,1,0,0,0,2,2,0,2,2023-10
1,منطقة عسير,تمويل التأمين وإعادة التأمين وصناديق المعاشات التقاعدية باستثناء الضمان الاجتماعي الإلزامي,1,0,0,0,1,1,0,1,2023-1
3,منطقة نجران,أنشطة الاسر المعيشية التي تستخدم أفراداً للعمل المنزلي,1,0,0,0,1,1,0,1,2023-7
2,منطقة القصيم,الأنشطة غير المتميزة لإنتاج السلع والخدمات التي تقوم بها الأسر المعيشية الخاصة لإستعمالها الخاص,1,0,0,0,1,1,0,1,2023-4
1,منطقة تبوك,البحث والتطوير في المجال العلمي,1,0,0,0,1,1,0,1,2023-1
4,منطقة نجران,الحراجة وقطع الأخشاب,1,0,0,0,1,1,0,1,2023-10
2,منطقة مكة المكرمة,أنشطة الاسر المعيشية التي تستخدم أفراداً للعمل المنزلي,1,0,0,0,1,1,0,1,2023-4
3,منطقة حائل,الأنشطة المساعدة لأنشطة الخدمات المالية وأنشطة التأمين,1,0,0,0,1,1,0,1,2023-7
2,منطقة عسير,تمويل التأمين وإعادة التأمين وصناديق المعاشات التقاعدية باستثناء الضمان الاجتماعي الإلزامي,1,0,0,0,1,1,0,1,2023-4
2,منطقة تبوك,صُنع المنتجات الجلدية والمنتجات ذات الصلة,1,0,0,0,1,1,0,1,2023-4
1,منطقة الحدود الشمالية,البحث والتطوير في المجال العلمي,1,1,1,0,0,0,0,1,2023-1
4,منطقة تبوك,أنشطة البرمجة والإذاعة,1,0,0,0,1,1,0,1,2023-10
4,منطقة تبوك,تعدين الفحم والليغنيت,1,0,0,0,1,1,0,1,2023-10
4,منطقة تبوك,صناعة معدات النقل الأخرى,1,0,0,0,1,1,0,1,2023-10
1,منطقة جازان,الحراجة وقطع الأخشاب,1,1,0,1,0,0,0,1,2023-1
4,منطقة جازان,تعدين الفحم والليغنيت,1,1,1,0,0,0,0,1,2023-10
4,منطقة تبوك,صُنع المنتجات الجلدية والمنتجات ذات الصلة,1,0,0,0,1,1,0,1,2023-10
1,منطقة مكة المكرمة,أنشطة الاسر المعيشية التي تستخدم أفراداً للعمل المنزلي,1,0,0,0,1,1,0,1,2023-1
1,منطقة الحدود الشمالية,النقل المائي,1,0,0,0,1,1,0,1,2023-1
1,منطقة تبوك,صُنع المنتجات الجلدية والمنتجات ذات الصلة,1,0,0,0,1,1,0,1,2023-1
1,منطقة نجران,أنشطة الاسر المعيشية التي تستخدم أفراداً للعمل المنزلي,1,0,0,0,1,1,0,1,2023-1
1,منطقة الحدود الشمالية,أنشطة خدمات المعلومات,1,0,0,0,1,1,0,1,2023-1
3,منطقة مكة المكرمة,أنشطة الاسر المعيشية التي تستخدم أفراداً للعمل المنزلي,1,0,0,0,1,1,0,1,2023-7
3,منطقة عسير,تمويل التأمين وإعادة التأمين وصناديق المعاشات التقاعدية باستثناء الضمان الاجتماعي الإلزامي,1,0,0,0,1,1,0,1,2023-7
1,منطقة حائل,الأنشطة المساعدة لأنشطة الخدمات المالية وأنشطة التأمين,1,0,0,0,1,1,0,1,2023-1
1,منطقة الجوف,صناعة معدات النقل الأخرى,1,0,0,0,1,1,0,1,2023-1
4,منطقة نجران,أنشطة الاسر المعيشية التي تستخدم أفراداً للعمل المنزلي,1,0,0,0,1,1,0,1,2023-10
1,منطقة الباحة,أنشطة البريد ونقل الرسائل والطرود بواسطة مندوبين,1,1,1,0,0,0,0,1,2023-1
4,منطقة مكة المكرمة,أنشطة الاسر المعيشية التي تستخدم أفراداً للعمل المنزلي,1,0,0,0,1,1,0,1,2023-10
2,منطقة الجوف,أنشطة المكاتب الرئيسية، والأنشطة الاستشارية في مجال الإدارة,1,0,0,0,1,1,0,1,2023-4
2,منطقة القصيم,صناعة معدات النقل الأخرى,1,0,0,0,1,1,0,1,2023-4
2,منطقة الجوف,أنشطة البرمجة والإذاعة,1,0,0,0,1,1,0,1,2023-4
3,منطقة الحدود الشمالية,الأنشطة غير المتميزة لإنتاج السلع والخدمات التي تقوم بها الأسر المعيشية الخاصة لإستعمالها الخاص,1,0,0,0,1,1,0,1,2023-7
3,منطقة الحدود الشمالية,البحث والتطوير في المجال العلمي,1,1,1,0,0,0,0,1,2023-7
3,منطقة الحدود الشمالية,النقل المائي,1,0,0,0,1,1,0,1,2023-7
4,منطقة الجوف,الأنشطة الإبداعية والفنون وأنشطة الترفيه,1,0,0,0,1,1,0,1,2023-10
2,منطقة الباحة,صناعة معدات النقل الأخرى,1,0,0,0,1,1,0,1,2023-4
4,منطقة الحدود الشمالية,النقل المائي,1,0,0,0,1,1,0,1,2023-10
3,منطقة القصيم,صناعة معدات النقل الأخرى,1,0,0,0,1,1,0,1,2023-7
2,منطقة الباحة,الأنشطة الإبداعية والفنون وأنشطة الترفيه,1,0,0,0,1,1,0,1,2023-4
4,منطقة الحدود الشمالية,الأنشطة غير المتميزة لإنتاج السلع والخدمات التي تقوم بها الأسر المعيشية الخاصة لإستعمالها الخاص,1,0,0,0,1,1,0,1,2023-10
1,منطقة القصيم,صناعة معدات النقل الأخرى,1,0,0,0,1,1,0,1,2023-1
2,منطقة الباحة,أنشطة البريد ونقل الرسائل والطرود بواسطة مندوبين,1,1,1,0,0,0,0,1,2023-4
1,منطقة القصيم,الأنشطة غير المتميزة لإنتاج السلع والخدمات التي تقوم بها الأسر المعيشية الخاصة لإستعمالها الخاص,1,0,0,0,1,1,0,1,2023-1
4,منطقة الباحة,صناعة معدات النقل الأخرى,1,0,0,0,1,1,0,1,2023-10
1,منطقة الجوف,أنشطة البرمجة والإذاعة,1,0,0,0,1,1,0,1,2023-1
2,منطقة نجران,أنشطة الاسر المعيشية التي تستخدم أفراداً للعمل المنزلي,1,0,0,0,1,1,0,1,2023-4
2,منطقة الجوف,صناعة معدات النقل الأخرى,1,0,0,0,1,1,0,1,2023-4
2,منطقة نجران,أنشطة خدمات المعلومات,1,0,0,0,1,1,0,1,2023-4
2,منطقة نجران,أنشطة خدمات دعم التعدين,1,1,1,0,0,0,0,1,2023-4
2,منطقة الحدود الشمالية,النقل المائي,1,0,0,0,1,1,0,1,2023-4
4,منطقة القصيم,صناعة معدات النقل الأخرى,1,0,0,0,1,1,0,1,2023-10
3,منطقة القصيم,الأنشطة غير المتميزة لإنتاج السلع والخدمات التي تقوم بها الأسر المعيشية الخاصة لإستعمالها الخاص,1,0,0,0,1,1,0,1,2023-7
2,منطقة الحدود الشمالية,الأنشطة غير المتميزة لإنتاج السلع والخدمات التي تقوم بها الأسر المعيشية الخاصة لإستعمالها الخاص,1,0,0,0,1,1,0,1,2023-4
1,منطقة الباحة,صناعة معدات النقل الأخرى,1,0,0,0,1,1,0,1,2023-1
4,منطقة الباحة,الأنشطة الإبداعية والفنون وأنشطة الترفيه,1,0,0,0,1,1,0,1,2023-10
2,منطقة الحدود الشمالية,أنشطة خدمات المعلومات,1,0,0,0,1,1,0,1,2023-4
1,منطقة نجران,أنشطة خدمات المعلومات,1,0,0,0,1,1,0,1,2023-1
1,منطقة نجران,أنشطة خدمات دعم التعدين,1,1,1,0,0,0,0,1,2023-1
3,منطقة الباحة,أنشطة البريد ونقل الرسائل والطرود بواسطة مندوبين,1,1,1,0,0,0,0,1,2023-7
4,منطقة القصيم,الأنشطة غير المتميزة لإنتاج السلع والخدمات التي تقوم بها الأسر المعيشية الخاصة لإستعمالها الخاص,1,0,0,0,1,1,0,1,2023-10
3,منطقة تبوك,صُنع المنتجات الجلدية والمنتجات ذات الصلة,1,0,0,0,1,1,0,1,2023-7
3,منطقة الباحة,البحث والتطوير في المجال العلمي,1,0,0,0,1,1,0,1,2023-7
4,منطقة الباحة,الحراجة وقطع الأخشاب,1,0,0,0,1,1,0,1,2023-10
3,منطقة الباحة,صناعة معدات النقل الأخرى,1,0,0,0,1,1,0,1,2023-7
2,منطقة الحدود الشمالية,البحث والتطوير في المجال العلمي,1,1,1,0,0,0,0,1,2023-4
3,منطقة الرياض,تشييد المباني,50752,88433,46044,42389,650125,636993,13132,738558,2024-7
2,منطقة الرياض,تشييد المباني,43764,87578,45629,41949,637014,623509,13505,724592,2024-4
1,منطقة الرياض,تشييد المباني,40927,83457,43337,40120,589160,579052,10108,672617,2024-1
3,المنطقة الشرقية,تشييد المباني,26470,69967,44475,25492,412751,410421,2330,482718,2024-7
2,المنطقة الشرقية,تشييد المباني,23374,67012,42351,24661,396592,394515,2077,463604,2024-4
1,المنطقة الشرقية,تشييد المباني,22206,65342,41938,23404,375157,373302,1855,440499,2024-1
3,منطقة مكة المكرمة,تشييد المباني,33594,40950,23102,17848,296131,292241,3890,337081,2024-7
2,منطقة مكة المكرمة,تشييد المباني,31751,40343,23087,17256,292298,288911,3387,332641,2024-4
1,منطقة مكة المكرمة,تشييد المباني,31072,37391,21409,15982,269247,266341,2906,306638,2024-1
1,منطقة الرياض,تجارة التجزئة، باستثناء المركبات ذات المحركات والدراجات النارية,47824,79747,35725,44022,225789,221348,4441,305536,2024-1
2,منطقة الرياض,تجارة التجزئة، باستثناء المركبات ذات المحركات والدراجات النارية,48161,75550,34494,41056,227486,222894,4592,303036,2024-4
3,منطقة الرياض,تجارة التجزئة، باستثناء المركبات ذات المحركات والدراجات النارية,49259,73405,33479,39926,226143,221432,4711,299548,2024-7
2,منطقة الرياض,أنشطة التشييد المتخصصة,19154,48831,28237,20594,248193,244118,4075,297024,2024-4
1,منطقة الرياض,أنشطة التشييد المتخصصة,18609,49894,29161,20733,243867,239912,3955,293761,2024-1
3,منطقة الرياض,أنشطة التشييد المتخصصة,20294,49238,28642,20596,239010,234562,4448,288248,2024-7
3,منطقة الرياض,أنشطة الاستخدام,1098,14705,3371,11334,262861,151051,111810,277566,2024-7
2,منطقة الرياض,أنشطة الاستخدام,1086,13771,3246,10525,243118,141765,101353,256889,2024-4
1,منطقة الرياض,أنشطة تقديم الخدمات للمباني وتجميل المواقع,5497,43032,22891,20141,197066,185757,11309,240098,2024-1
1,منطقة الرياض,أنشطة الاستخدام,1089,14173,3234,10939,220264,130375,89889,234437,2024-1
2,منطقة الرياض,أنشطة تقديم الخدمات للمباني وتجميل المواقع,5454,39291,20917,18374,193418,183237,10181,232709,2024-4
3,منطقة الرياض,أنشطة تقديم الخدمات للمباني وتجميل المواقع,5509,39194,21129,18065,192020,181704,10316,231214,2024-7
2,منطقة مكة المكرمة,تجارة التجزئة، باستثناء المركبات ذات المحركات والدراجات النارية,42128,51686,23558,28128,160676,156413,4263,212362,2024-4
1,منطقة مكة المكرمة,تجارة التجزئة، باستثناء المركبات ذات المحركات والدراجات النارية,41702,52982,24084,28898,158910,154726,4184,211892,2024-1
3,منطقة مكة المكرمة,تجارة التجزئة، باستثناء المركبات ذات المحركات والدراجات النارية,42745,50398,23228,27170,161074,156285,4789,211472,2024-7
3,منطقة الرياض,تجارة الجملة ، باستثناء المركبات ذات المحركات والدراجات النارية,23692,70294,34433,35861,138593,135214,3379,208887,2024-7
2,منطقة الرياض,تجارة الجملة ، باستثناء المركبات ذات المحركات والدراجات النارية,23355,70332,34407,35925,137998,134872,3126,208330,2024-4
1,منطقة الرياض,تجارة الجملة ، باستثناء المركبات ذات المحركات والدراجات النارية,23156,71852,35913,35939,135649,132821,2828,207501,2024-1
3,منطقة الرياض,الهندسة المدنية,3578,39375,27140,12235,165085,163335,1750,204460,2024-7
2,منطقة الرياض,أنشطة خدمات الأطعمة والمشروبات,20062,45464,21672,23792,155017,152539,2478,200481,2024-4
1,منطقة الرياض,أنشطة خدمات الأطعمة والمشروبات,19949,46448,22049,24399,153499,151150,2349,199947,2024-1
2,منطقة الرياض,الهندسة المدنية,3142,38606,26706,11900,158827,157158,1669,197433,2024-4
1,منطقة الرياض,الهندسة المدنية,2841,39751,27113,12638,157572,156348,1224,197323,2024-1
3,منطقة الرياض,أنشطة خدمات الأطعمة والمشروبات,20603,41816,19317,22499,152584,149941,2643,194400,2024-7
3,منطقة الرياض,النقل البري و النقل عبر الأنابيب,24505,36877,25089,11788,147625,146826,799,184502,2024-7
3,المنطقة الشرقية,أنشطة التشييد المتخصصة,10532,30182,21505,8677,148607,147993,614,178789,2024-7
2,منطقة الرياض,النقل البري و النقل عبر الأنابيب,22739,36279,24568,11711,140257,139513,744,176536,2024-4
2,المنطقة الشرقية,أنشطة التشييد المتخصصة,10296,31282,22265,9017,143218,142721,497,174500,2024-4
1,منطقة الرياض,النقل البري و النقل عبر الأنابيب,21830,36203,24583,11620,133562,132844,718,169765,2024-1
1,المنطقة الشرقية,أنشطة التشييد المتخصصة,10225,30941,22184,8757,138739,138307,432,169680,2024-1
3,المنطقة الشرقية,الهندسة المدنية,1878,28990,22408,6582,133289,132369,920,162279,2024-7
2,المنطقة الشرقية,الهندسة المدنية,1704,28199,21753,6446,126789,125932,857,154988,2024-4
3,منطقة مكة المكرمة,تجارة الجملة ، باستثناء المركبات ذات المحركات والدراجات النارية,21308,43233,20517,22716,108581,106148,2433,151814,2024-7
2,منطقة مكة المكرمة,تجارة الجملة ، باستثناء المركبات ذات المحركات والدراجات النارية,20937,43100,20692,22408,108551,106295,2256,151651,2024-4
1,منطقة مكة المكرمة,تجارة الجملة ، باستثناء المركبات ذات المحركات والدراجات النارية,20753,43651,21039,22612,107327,105177,2150,150978,2024-1
1,منطقة مكة المكرمة,أنشطة خدمات الأطعمة والمشروبات,23073,29805,14759,15046,120615,118836,1779,150420,2024-1
2,منطقة مكة المكرمة,أنشطة خدمات الأطعمة والمشروبات,23290,28218,13510,14708,119244,117317,1927,147462,2024-4
3,منطقة مكة المكرمة,أنشطة خدمات الأطعمة والمشروبات,23710,27886,13244,14642,119133,117090,2043,147019,2024-7
1,المنطقة الشرقية,الهندسة المدنية,1576,27372,21140,6232,118280,117590,690,145652,2024-1
2,منطقة الرياض,الأنشطة الإيجارية,45476,5759,3444,2315,129448,128741,707,135207,2024-4
1,منطقة الرياض,الأنشطة الإيجارية,45981,5555,3370,2185,129174,128474,700,134729,2024-1
3,منطقة الرياض,الأنشطة الإيجارية,44739,5342,3245,2097,127396,126652,744,132738,2024-7
3,منطقة الرياض,أنشطة زراعة المحاصيل والإنتاج الحيواني والصيد والخدمات المتصلة,7985,12935,8666,4269,115240,112584,2656,128175,2024-7
1,المنطقة الشرقية,تجارة التجزئة، باستثناء المركبات ذات المحركات والدراجات النارية,21971,31051,14712,16339,86657,84232,2425,117708,2024-1
2,المنطقة الشرقية,تجارة التجزئة، باستثناء المركبات ذات المحركات والدراجات النارية,22037,30009,14140,15869,86241,83608,2633,116250,2024-4
3,المنطقة الشرقية,تجارة التجزئة، باستثناء المركبات ذات المحركات والدراجات النارية,22355,28722,13658,15064,85024,82990,2034,113746,2024-7
3,منطقة مكة المكرمة,أنشطة التشييد المتخصصة,15454,16064,9197,6867,94442,93453,989,110506,2024-7
2,منطقة مكة المكرمة,أنشطة التشييد المتخصصة,15053,15729,8902,6827,94047,93154,893,109776,2024-4
2,منطقة الرياض,الصحة البشرية,2153,31450,10525,20925,78239,45790,32449,109689,2024-4
1,منطقة مكة المكرمة,أنشطة التشييد المتخصصة,14857,15938,9147,6791,92665,91852,813,108603,2024-1
1,منطقة الرياض,الصحة البشرية,2142,30525,10150,20375,77687,47315,30372,108212,2024-1
3,منطقة الرياض,الصحة البشرية,2256,31667,10820,20847,74843,41988,32855,106510,2024-7
2,منطقة الرياض,أنشطة زراعة المحاصيل والإنتاج الحيواني والصيد والخدمات المتصلة,7843,9398,6190,3208,95928,95477,451,105326,2024-4
3,منطقة الرياض,إصلاح وتركيب الآلات والمعدات,2901,45440,33829,11611,59398,54661,4737,104838,2024-7
3,المنطقة الشرقية,أنشطة خدمات الأطعمة والمشروبات,14302,20556,9043,11513,82425,81633,792,102981,2024-7
3,منطقة الرياض,صُنع المنتجات الغذائية,3905,24217,13917,10300,78700,78084,616,102917,2024-7
2,المنطقة الشرقية,أنشطة خدمات الأطعمة والمشروبات,14084,20724,9277,11447,81693,81040,653,102417,2024-4
1,المنطقة الشرقية,أنشطة خدمات الأطعمة والمشروبات,14074,20914,9326,11588,80809,80226,583,101723,2024-1
3,منطقة الرياض,تجارة الجملة والتجزئة ، وإصلاح المركبات ذات المحركات والدراجات النارية,18865,18509,10971,7538,83099,82711,388,101608,2024-7
2,منطقة الرياض,إصلاح وتركيب الآلات والمعدات,2585,44458,33084,11374,56275,51461,4814,100733,2024-4
1,منطقة الرياض,إصلاح وتركيب الآلات والمعدات,2396,43109,32428,10681,55873,51132,4741,98982,2024-1
2,المنطقة الشرقية,أنشطة تقديم الخدمات للمباني وتجميل المواقع,1800,14512,9591,4921,83189,81884,1305,97701,2024-4
2,منطقة الرياض,تجارة الجملة والتجزئة ، وإصلاح المركبات ذات المحركات والدراجات النارية,18233,17807,10548,7259,79635,79273,362,97442,2024-4
1,المنطقة الشرقية,أنشطة تقديم الخدمات للمباني وتجميل المواقع,1813,14763,9581,5182,81942,80710,1232,96705,2024-1
1,منطقة الرياض,تجارة الجملة والتجزئة ، وإصلاح المركبات ذات المحركات والدراجات النارية,17986,17493,10335,7158,78218,77912,306,95711,2024-1
3,المنطقة الشرقية,أنشطة تقديم الخدمات للمباني وتجميل المواقع,1760,13651,9090,4561,80868,79472,1396,94519,2024-7
1,منطقة مكة المكرمة,أنشطة تقديم الخدمات للمباني وتجميل المواقع,3720,19497,11529,7968,74184,71640,2544,93681,2024-1
2,منطقة مكة المكرمة,أنشطة تقديم الخدمات للمباني وتجميل المواقع,3646,18647,10932,7715,74725,72074,2651,93372,2024-4
3,منطقة مكة المكرمة,أنشطة تقديم الخدمات للمباني وتجميل المواقع,3614,18102,10663,7439,74836,72292,2544,92938,2024-7
2,منطقة الرياض,صُنع المنتجات الغذائية,3572,19765,11078,8687,68723,68250,473,88488,2024-4
3,منطقة الرياض,التعليم,8434,37905,12562,25343,48787,42674,6113,86692,2024-7
1,منطقة الرياض,التعليم,8442,37369,13135,24234,47256,41932,5324,84625,2024-1
1,منطقة الرياض,صُنع المنتجات الغذائية,3403,18611,10325,8286,63646,63181,465,82257,2024-1
2,منطقة القصيم,تشييد المباني,12007,5680,3376,2304,75279,74916,363,80959,2024-4
3,المنطقة الشرقية,النقل البري و النقل عبر الأنابيب,3611,18274,11669,6605,62509,62443,66,80783,2024-7
3,منطقة القصيم,تشييد المباني,12613,5913,3559,2354,74650,74247,403,80563,2024-7
3,منطقة الرياض,التخزين وأنشطة الدعم للنقل,7700,21012,11760,9252,59257,57600,1657,80269,2024-7
2,منطقة الرياض,التعليم,8427,33258,12079,21179,46909,41618,5291,80167,2024-4
3,منطقة الرياض,صنع منتجات المعادن اللافلزية الأخرى,5699,15151,7748,7403,64987,64620,367,80138,2024-7
2,المنطقة الشرقية,استخراج النفط الخام والغاز الطبيعي,57,69945,65082,4863,9340,8596,744,79285,2024-4
3,المنطقة الشرقية,استخراج النفط الخام والغاز الطبيعي,58,69753,64817,4936,9285,8529,756,79038,2024-7
3,المنطقة الشرقية,أنشطة الاستخدام,422,1316,756,560,77545,52483,25062,78861,2024-7
1,المنطقة الشرقية,تجارة الجملة ، باستثناء المركبات ذات المحركات والدراجات النارية,9242,26168,14494,11674,52574,52169,405,78742,2024-1
1,المنطقة الشرقية,استخراج النفط الخام والغاز الطبيعي,57,69334,64681,4653,9090,8382,708,78424,2024-1
2,المنطقة الشرقية,النقل البري و النقل عبر الأنابيب,3472,17569,11298,6271,60684,60620,64,78253,2024-4
2,منطقة الرياض,صنع منتجات المعادن اللافلزية الأخرى,3976,15003,7689,7314,63018,62667,351,78021,2024-4
1,منطقة الرياض,صنع منتجات المعادن اللافلزية الأخرى,3760,14923,7717,7206,62981,62617,364,77904,2024-1
2,المنطقة الشرقية,تجارة الجملة ، باستثناء المركبات ذات المحركات والدراجات النارية,9241,25265,14024,11241,52440,52009,431,77705,2024-4
3,المنطقة الشرقية,تجارة الجملة ، باستثناء المركبات ذات المحركات والدراجات النارية,9408,25097,13872,11225,52021,51567,454,77118,2024-7
1,منطقة القصيم,تشييد المباني,11751,5359,3252,2107,71455,71107,348,76814,2024-1
1,منطقة الرياض,أنشطة زراعة المحاصيل والإنتاج الحيواني والصيد والخدمات المتصلة,7681,8142,5137,3005,67722,67421,301,75864,2024-1
1,المنطقة الشرقية,النقل البري و النقل عبر الأنابيب,3450,17147,11191,5956,58070,58012,58,75217,2024-1
2,منطقة الرياض,التخزين وأنشطة الدعم للنقل,6409,20266,11402,8864,54582,53596,986,74848,2024-4
2,المنطقة الشرقية,أنشطة الاستخدام,414,1271,764,507,71330,50337,20993,72601,2024-4
3,منطقة مكة المكرمة,تجارة الجملة والتجزئة ، وإصلاح المركبات ذات المحركات والدراجات النارية,14499,14566,10074,4492,57636,57286,350,72202,2024-7
2,منطقة مكة المكرمة,تجارة الجملة والتجزئة ، وإصلاح المركبات ذات المحركات والدراجات النارية,14141,14231,9897,4334,56573,56240,333,70804,2024-4
1,منطقة الرياض,التخزين وأنشطة الدعم للنقل,5812,21200,11908,9292,48377,47594,783,69577,2024-1
1,منطقة مكة المكرمة,تجارة الجملة والتجزئة ، وإصلاح المركبات ذات المحركات والدراجات النارية,13917,14011,9854,4157,55218,54849,369,69229,2024-1
3,منطقة مكة المكرمة,النقل البري و النقل عبر الأنابيب,6169,14115,7568,6547,54640,54215,425,68755,2024-7
1,المنطقة الشرقية,أنشطة الاستخدام,422,1230,765,465,64054,47029,17025,65284,2024-1
2,منطقة مكة المكرمة,النقل البري و النقل عبر الأنابيب,5819,12865,7028,5837,52353,51965,388,65218,2024-4
3,منطقة مكة المكرمة,صُنع المنتجات الغذائية,2771,17193,9082,8111,46173,45460,713,63366,2024-7
1,منطقة مكة المكرمة,النقل البري و النقل عبر الأنابيب,5698,12563,6970,5593,49138,48784,354,61701,2024-1
1,منطقة مكة المكرمة,الهندسة المدنية,1358,10847,7172,3675,49900,49679,221,60747,2024-1
2,منطقة مكة المكرمة,صُنع المنتجات الغذائية,2622,16265,8579,7686,44245,43596,649,60510,2024-4
1,منطقة المدينة المنورة,تشييد المباني,8608,5739,3099,2640,51875,51297,578,57614,2024-1
3,منطقة المدينة المنورة,تشييد المباني,9229,6078,3229,2849,49398,48661,737,55476,2024-7
1,منطقة مكة المكرمة,صُنع المنتجات الغذائية,2513,14440,7399,7041,40404,39779,625,54844,2024-1
2,منطقة المدينة المنورة,تشييد المباني,8677,5744,3051,2693,48546,47922,624,54290,2024-4
3,منطقة مكة المكرمة,الهندسة المدنية,1530,9669,6736,2933,44165,43950,215,53834,2024-7
2,منطقة مكة المكرمة,الصحة البشرية,1411,19089,5870,13219,34094,16535,17559,53183,2024-4
3,المنطقة الشرقية,تجارة الجملة والتجزئة ، وإصلاح المركبات ذات المحركات والدراجات النارية,9948,10179,6700,3479,42982,42856,126,53161,2024-7
2,المنطقة الشرقية,تجارة الجملة والتجزئة ، وإصلاح المركبات ذات المحركات والدراجات النارية,9735,10217,6774,3443,42923,42819,104,53140,2024-4
3,منطقة مكة المكرمة,الصحة البشرية,1402,18988,5794,13194,33735,16088,17647,52723,2024-7
3,منطقة الرياض,أنشطة المعمارية والهندسية ، والاختبارات الفنية والتحليل,6176,16875,10192,6683,35843,34987,856,52718,2024-7
2,منطقة مكة المكرمة,الهندسة المدنية,1421,9392,6429,2963,43246,43049,197,52638,2024-4
3,منطقة الرياض,أنشطة الخدمات الشخصية الأخرى,13608,7822,2191,5631,44606,35009,9597,52428,2024-7
2,منطقة الرياض,أنشطة المعمارية والهندسية ، والاختبارات الفنية والتحليل,6030,16685,10008,6677,35721,34892,829,52406,2024-4
3,منطقة الرياض,صنع منتجات المعادن المشكلة ( باستثناء الآلات والمعدات ),4329,11096,4883,6213,41111,40886,225,52207,2024-7
2,منطقة الرياض,صنع منتجات المعادن المشكلة ( باستثناء الآلات والمعدات ),4252,11324,4973,6351,40851,40679,172,52175,2024-4
2,منطقة الرياض,أنشطة الخدمات الشخصية الأخرى,13388,7811,2228,5583,44323,34944,9379,52134,2024-4
1,منطقة مكة المكرمة,الصحة البشرية,1405,18778,5703,13075,33241,16298,16943,52019,2024-1
1,منطقة الرياض,أنشطة المعمارية والهندسية ، والاختبارات الفنية والتحليل,6025,16343,9800,6543,35593,34797,796,51936,2024-1
1,المنطقة الشرقية,تجارة الجملة والتجزئة ، وإصلاح المركبات ذات المحركات والدراجات النارية,9652,9986,6694,3292,41881,41802,79,51867,2024-1
2,المنطقة الشرقية,أنشطة خدمات دعم التعدين,206,34411,32647,1764,17354,17257,97,51765,2024-4
3,المنطقة الشرقية,أنشطة خدمات دعم التعدين,218,34028,32260,1768,17509,17409,100,51537,2024-7
1,المنطقة الشرقية,أنشطة خدمات دعم التعدين,205,34182,32420,1762,16650,16562,88,50832,2024-1
1,منطقة الرياض,أنشطة الخدمات الشخصية الأخرى,13175,7836,2201,5635,42896,33941,8955,50732,2024-1
3,المنطقة الشرقية,إصلاح وتركيب الآلات والمعدات,1860,14515,10291,4224,35528,34684,844,50043,2024-7
1,منطقة الرياض,صنع منتجات المعادن المشكلة ( باستثناء الآلات والمعدات ),4184,10467,4588,5879,37786,37649,137,48253,2024-1
1,منطقة الرياض,أنشطة البرمجة الحاسوبية والخبرة الاستشارية وما يتصل بها من أنشطة,2666,26689,14176,12513,20874,19700,1174,47563,2024-1
3,منطقة الرياض,أنشطة البرمجة الحاسوبية والخبرة الاستشارية وما يتصل بها من أنشطة,2870,26205,13734,12471,20711,19450,1261,46916,2024-7
2,منطقة الرياض,أنشطة البرمجة الحاسوبية والخبرة الاستشارية وما يتصل بها من أنشطة,2733,25639,13447,12192,20696,19455,1241,46335,2024-4
3,منطقة عسير,تشييد المباني,10261,4875,2884,1991,41039,40767,272,45914,2024-7
3,المنطقة الشرقية,الصحة البشرية,736,17513,5341,12172,27630,13191,14439,45143,2024-7
1,منطقة المدينة المنورة,تجارة التجزئة، باستثناء المركبات ذات المحركات والدراجات النارية,12334,8766,4558,4208,36349,35939,410,45115,2024-1
2,منطقة المدينة المنورة,تجارة التجزئة، باستثناء المركبات ذات المحركات والدراجات النارية,12221,8362,4378,3984,36234,35804,430,44596,2024-4
2,المنطقة الشرقية,إصلاح وتركيب الآلات والمعدات,1775,12847,9300,3547,31724,30875,849,44571,2024-4
1,المنطقة الشرقية,إصلاح وتركيب الآلات والمعدات,1723,12752,9046,3706,31708,30837,871,44460,2024-1
3,منطقة المدينة المنورة,تجارة التجزئة، باستثناء المركبات ذات المحركات والدراجات النارية,12416,8078,4176,3902,36256,35794,462,44334,2024-7
2,المنطقة الشرقية,صنع منتجات المعادن المشكلة ( باستثناء الآلات والمعدات ),2443,14101,10584,3517,30008,29948,60,44109,2024-4
2,منطقة عسير,تشييد المباني,9794,4457,2749,1708,38557,38348,209,43014,2024-4
3,منطقة مكة المكرمة,التخزين وأنشطة الدعم للنقل,2500,14899,10559,4340,27982,27262,720,42881,2024-7
1,المنطقة الشرقية,الصحة البشرية,728,16674,5082,11592,26196,12741,13455,42870,2024-1
2,منطقة مكة المكرمة,التخزين وأنشطة الدعم للنقل,2267,14801,10500,4301,27736,27129,607,42537,2024-4
2,المنطقة الشرقية,الصحة البشرية,718,16450,5042,11408,26025,12455,13570,42475,2024-4
2,منطقة الرياض,أنشطة جمع النفايات ومعالجتها وتصريفها ، واسترجاع المواد,417,4656,2772,1884,37563,36459,1104,42219,2024-4
3,منطقة الرياض,أنشطة جمع النفايات ومعالجتها وتصريفها ، واسترجاع المواد,451,4784,2718,2066,37405,36312,1093,42189,2024-7
1,منطقة عسير,تشييد المباني,9767,4352,2777,1575,37242,37079,163,41594,2024-1
1,منطقة مكة المكرمة,التخزين وأنشطة الدعم للنقل,2181,14096,10040,4056,27348,26859,489,41444,2024-1
1,منطقة القصيم,أنشطة تقديم الخدمات للمباني وتجميل المواقع,1460,4196,2152,2044,36866,36171,695,41062,2024-1
1,منطقة الرياض,أنشطة جمع النفايات ومعالجتها وتصريفها ، واسترجاع المواد,380,4483,2712,1771,36392,35279,1113,40875,2024-1
2,منطقة القصيم,أنشطة تقديم الخدمات للمباني وتجميل المواقع,1490,4039,2120,1919,36718,35960,758,40757,2024-4
1,المنطقة الشرقية,صنع منتجات المعادن المشكلة ( باستثناء الآلات والمعدات ),2422,12906,9985,2921,26417,26376,41,39323,2024-1
3,المنطقة الشرقية,صنع منتجات المعادن المشكلة ( باستثناء الآلات والمعدات ),2474,12445,9510,2935,26859,26803,56,39304,2024-7
3,منطقة عسير,تجارة التجزئة، باستثناء المركبات ذات المحركات والدراجات النارية,11490,7539,3857,3682,31511,31248,263,39050,2024-7
2,منطقة عسير,تجارة التجزئة، باستثناء المركبات ذات المحركات والدراجات النارية,11293,7548,3912,3636,31416,31160,256,38964,2024-4
3,منطقة القصيم,أنشطة تقديم الخدمات للمباني وتجميل المواقع,1554,3696,2031,1665,34864,34151,713,38560,2024-7
1,منطقة عسير,تجارة التجزئة، باستثناء المركبات ذات المحركات والدراجات النارية,11236,7915,4138,3777,30591,30417,174,38506,2024-1
3,منطقة الرياض,صُنع المواد الكيميائية والمنتجات الكيميائية,1325,12023,7292,4731,24347,24204,143,36370,2024-7
3,منطقة الرياض,أنشطة المكاتب الرئيسية، والأنشطة الاستشارية في مجال الإدارة,1661,22655,12382,10273,13698,12413,1285,36353,2024-7
3,منطقة الرياض,الأنشطة المساعدة لأنشطة الخدمات المالية وأنشطة التأمين,410,32419,24230,8189,3213,3027,186,35632,2024-7
2,منطقة الرياض,صُنع المواد الكيميائية والمنتجات الكيميائية,1264,11631,7008,4623,23848,23704,144,35479,2024-4
2,منطقة الرياض,الأنشطة المساعدة لأنشطة الخدمات المالية وأنشطة التأمين,404,32027,24049,7978,3220,3038,182,35247,2024-4
1,منطقة الرياض,الأنشطة المساعدة لأنشطة الخدمات المالية وأنشطة التأمين,400,31895,24001,7894,3232,3052,180,35127,2024-1
2,منطقة عسير,أنشطة خدمات الأطعمة والمشروبات,7992,5132,2588,2544,29498,29333,165,34630,2024-4
3,منطقة عسير,أنشطة خدمات الأطعمة والمشروبات,8191,5088,2549,2539,29490,29287,203,34578,2024-7
1,منطقة عسير,أنشطة خدمات الأطعمة والمشروبات,7970,5207,2678,2529,29296,29154,142,34503,2024-1
3,منطقة مكة المكرمة,أنشطة الخدمات الشخصية الأخرى,11117,3627,1008,2619,30094,24586,5508,33721,2024-7
2,منطقة مكة المكرمة,أنشطة الخدمات الشخصية الأخرى,10936,3786,1129,2657,29794,24427,5367,33580,2024-4
1,منطقة مكة المكرمة,التعليم,1221,19640,6952,12688,13700,10352,3348,33340,2024-1
3,منطقة الرياض,أنشطة الخدمات المالية ، فيما عدا تمويل التأمين وصناديق المعاشات,855,27586,20606,6980,5746,5449,297,33332,2024-7
2,منطقة القصيم,تجارة التجزئة، باستثناء المركبات ذات المحركات والدراجات النارية,8345,6722,3968,2754,26539,26333,206,33261,2024-4
1,منطقة القصيم,تجارة التجزئة، باستثناء المركبات ذات المحركات والدراجات النارية,8224,6753,3952,2801,26398,26193,205,33151,2024-1
3,منطقة مكة المكرمة,التعليم,1241,18683,6319,12364,14163,10607,3556,32846,2024-7
1,منطقة مكة المكرمة,أنشطة الخدمات الشخصية الأخرى,10773,3819,1080,2739,28955,23680,5275,32774,2024-1
3,منطقة القصيم,تجارة التجزئة، باستثناء المركبات ذات المحركات والدراجات النارية,8450,6425,3788,2637,26300,26090,210,32725,2024-7
1,منطقة الرياض,صُنع المواد الكيميائية والمنتجات الكيميائية,1174,11076,6764,4312,21645,21516,129,32721,2024-1
3,منطقة المدينة المنورة,أنشطة خدمات الأطعمة والمشروبات,7094,5222,2745,2477,27315,27088,227,32537,2024-7
2,منطقة الرياض,أنشطة الخدمات المالية ، فيما عدا تمويل التأمين وصناديق المعاشات,818,26891,20246,6645,5480,5208,272,32371,2024-4
2,منطقة الرياض,أنشطة المكاتب الرئيسية، والأنشطة الاستشارية في مجال الإدارة,1514,19934,10893,9041,12116,11029,1087,32050,2024-4
1,منطقة المدينة المنورة,أنشطة خدمات الأطعمة والمشروبات,7063,5190,2753,2437,26834,26655,179,32024,2024-1
1,منطقة الرياض,أنشطة الخدمات المالية ، فيما عدا تمويل التأمين وصناديق المعاشات,786,26714,20218,6496,5301,5034,267,32015,2024-1
2,منطقة المدينة المنورة,أنشطة خدمات الأطعمة والمشروبات,6952,5072,2629,2443,26881,26681,200,31953,2024-4
3,منطقة الرياض,أنشطة الأمن والتحقيقات,213,30346,27530,2816,640,623,17,30986,2024-7
1,منطقة الرياض,أنشطة المكاتب الرئيسية، والأنشطة الاستشارية في مجال الإدارة,1415,19714,10813,8901,10705,9771,934,30419,2024-1
2,المنطقة الشرقية,صُنع المواد الكيميائية والمنتجات الكيميائية,492,16460,14780,1680,13370,13324,46,29830,2024-4
3,المنطقة الشرقية,صُنع المواد الكيميائية والمنتجات الكيميائية,501,16513,14917,1596,13250,13202,48,29763,2024-7
3,المنطقة الشرقية,صُنع المنتجات الغذائية,1473,7132,3685,3447,22608,22503,105,29740,2024-7
1,المنطقة الشرقية,صُنع المواد الكيميائية والمنتجات الكيميائية,485,16422,14761,1661,13279,13235,44,29701,2024-1
2,منطقة الرياض,أنشطة الأمن والتحقيقات,215,28903,26163,2740,637,629,8,29540,2024-4
2,المنطقة الشرقية,أنشطة الخدمات الشخصية الأخرى,8209,3471,982,2489,26046,22129,3917,29517,2024-4
3,المنطقة الشرقية,أنشطة الخدمات الشخصية الأخرى,8282,3373,932,2441,26108,22108,4000,29481,2024-7
2,منطقة مكة المكرمة,التعليم,1193,15676,6103,9573,13505,10236,3269,29181,2024-4
1,منطقة الرياض,أنشطة الأمن والتحقيقات,208,28369,25712,2657,573,565,8,28942,2024-1
2,المنطقة الشرقية,صُنع المنتجات الغذائية,1396,6819,3467,3352,21987,21896,91,28806,2024-4
3,منطقة الرياض,الصرف الصحي,339,4374,3236,1138,24006,23900,106,28380,2024-7
1,المنطقة الشرقية,أنشطة الخدمات الشخصية الأخرى,8054,3244,890,2354,25087,21437,3650,28331,2024-1
3,المنطقة الشرقية,صنع منتجات المعادن اللافلزية الأخرى,929,7322,4608,2714,20989,20905,84,28311,2024-7
2,المنطقة الشرقية,صنع منتجات المعادن اللافلزية الأخرى,828,7283,4560,2723,20532,20445,87,27815,2024-4
1,المنطقة الشرقية,صنع منتجات المعادن اللافلزية الأخرى,833,7267,4544,2723,20473,20386,87,27740,2024-1
3,منطقة جازان,تجارة التجزئة، باستثناء المركبات ذات المحركات والدراجات النارية,8685,4334,2191,2143,23392,23178,214,27726,2024-7
2,منطقة جازان,تجارة التجزئة، باستثناء المركبات ذات المحركات والدراجات النارية,8538,4578,2345,2233,23074,22869,205,27652,2024-4
2,منطقة مكة المكرمة,الإقامة,2216,9913,6226,3687,17450,17049,401,27363,2024-4
1,منطقة مكة المكرمة,الإقامة,2156,9963,6206,3757,17166,16801,365,27129,2024-1
1,منطقة جازان,تجارة التجزئة، باستثناء المركبات ذات المحركات والدراجات النارية,8416,4549,2245,2304,22573,22388,185,27122,2024-1
3,المنطقة الشرقية,أنشطة المعمارية والهندسية ، والاختبارات الفنية والتحليل,999,11176,7847,3329,15804,15625,179,26980,2024-7
2,المنطقة الشرقية,التخزين وأنشطة الدعم للنقل,1527,8928,6617,2311,17810,17704,106,26738,2024-4
3,منطقة الرياض,الأنشطة الأخرى للتعدين واستغلال المحاجر,599,4407,3065,1342,22314,22245,69,26721,2024-7
2,المنطقة الشرقية,أنشطة المعمارية والهندسية ، والاختبارات الفنية والتحليل,986,11022,7736,3286,15679,15511,168,26701,2024-4
3,منطقة مكة المكرمة,الإقامة,2310,9986,6215,3771,16479,16023,456,26465,2024-7
3,منطقة الرياض,الأنشطة العقارية,3676,12396,8130,4266,13933,13532,401,26329,2024-7
3,منطقة مكة المكرمة,صنع منتجات المعادن المشكلة ( باستثناء الآلات والمعدات ),2836,5647,3502,2145,20459,20361,98,26106,2024-7
3,المنطقة الشرقية,التخزين وأنشطة الدعم للنقل,1623,8800,6399,2401,17274,17161,113,26074,2024-7
1,المنطقة الشرقية,صُنع المنتجات الغذائية,1346,6277,3230,3047,19748,19663,85,26025,2024-1
2,منطقة الرياض,الأنشطة العقارية,3532,12103,7913,4190,13798,13425,373,25901,2024-4
1,المنطقة الشرقية,أنشطة المعمارية والهندسية ، والاختبارات الفنية والتحليل,964,10840,7633,3207,15047,14898,149,25887,2024-1
1,منطقة الرياض,إصلاح أجهزة الحاسوب والسلع الشخصية والمنزلية,2353,956,462,494,24903,24827,76,25859,2024-1
1,منطقة الرياض,الأنشطة العقارية,3428,11941,7822,4119,13738,13395,343,25679,2024-1
3,منطقة مكة المكرمة,أنشطة الاستخدام,666,850,382,468,24703,17983,6720,25553,2024-7
1,المنطقة الشرقية,التخزين وأنشطة الدعم للنقل,1471,8843,6559,2284,16414,16317,97,25257,2024-1
1,منطقة الرياض,أبحاث الإعلان والسوق,2879,14022,9281,4741,11204,10174,1030,25226,2024-1
2,منطقة الرياض,أبحاث الإعلان والسوق,2876,13875,9230,4645,11228,10234,994,25103,2024-4
3,منطقة الرياض,أبحاث الإعلان والسوق,2967,13442,8864,4578,11185,10177,1008,24627,2024-7
2,منطقة الرياض,إصلاح أجهزة الحاسوب والسلع الشخصية والمنزلية,2374,906,463,443,23607,23474,133,24513,2024-4
3,منطقة الرياض,صنع الأثاث,2099,4983,1758,3225,19434,19297,137,24417,2024-7
2,منطقة الرياض,صنع الأثاث,2019,4973,1738,3235,19370,19245,125,24343,2024-4
2,منطقة مكة المكرمة,صنع منتجات المعادن المشكلة ( باستثناء الآلات والمعدات ),2798,5259,3122,2137,18861,18771,90,24120,2024-4
2,منطقة مكة المكرمة,إصلاح وتركيب الآلات والمعدات,1732,8908,6507,2401,15177,15032,145,24085,2024-4
1,منطقة مكة المكرمة,إصلاح وتركيب الآلات والمعدات,1654,8975,6619,2356,15046,14870,176,24021,2024-1
1,منطقة مكة المكرمة,صنع منتجات المعادن اللافلزية الأخرى,914,6349,3644,2705,17656,17613,43,24005,2024-1
3,منطقة مكة المكرمة,إصلاح وتركيب الآلات والمعدات,1870,8359,6002,2357,15619,15460,159,23978,2024-7
2,منطقة القصيم,أنشطة خدمات الأطعمة والمشروبات,5171,3450,1961,1489,20511,20406,105,23961,2024-4
1,منطقة الرياض,صنع الأثاث,2005,5064,1836,3228,18881,18774,107,23945,2024-1
3,المنطقة الشرقية,التعليم,849,14280,4874,9406,9664,8027,1637,23944,2024-7
2,منطقة مكة المكرمة,صنع منتجات المعادن اللافلزية الأخرى,932,6157,3522,2635,17740,17698,42,23897,2024-4
1,المنطقة الشرقية,التعليم,831,14540,5010,9530,9257,7764,1493,23797,2024-1
3,منطقة الرياض,إصلاح أجهزة الحاسوب والسلع الشخصية والمنزلية,2458,898,475,423,22851,22729,122,23749,2024-7
1,المنطقة الشرقية,أنشطة زراعة المحاصيل والإنتاج الحيواني والصيد والخدمات المتصلة,1995,3460,2545,915,20175,19928,247,23635,2024-1
3,منطقة الرياض,صنع منتجات المطاط واللدائن,1008,5687,2571,3116,17927,17843,84,23614,2024-7
2,المنطقة الشرقية,أنشطة زراعة المحاصيل والإنتاج الحيواني والصيد والخدمات المتصلة,2003,3106,2179,927,20476,20066,410,23582,2024-4
2,منطقة الرياض,صنع منتجات المطاط واللدائن,968,5603,2542,3061,17934,17854,80,23537,2024-4
1,منطقة الرياض,صنع منتجات المطاط واللدائن,925,5680,2553,3127,17785,17709,76,23465,2024-1
3,منطقة مكة المكرمة,صنع منتجات المعادن اللافلزية الأخرى,996,5971,3419,2552,17419,17383,36,23390,2024-7
3,منطقة القصيم,أنشطة خدمات الأطعمة والمشروبات,5209,3327,1865,1462,20002,19891,111,23329,2024-7
1,منطقة القصيم,أنشطة خدمات الأطعمة والمشروبات,5184,3343,1932,1411,19981,19926,55,23324,2024-1
3,منطقة الرياض,الأنشطة الإدارية للمكاتب ، وأنشطة الدعم للمكاتب وغير ذلك من أنشطة الدعم للأعمال,3183,10668,5650,5018,12645,11847,798,23313,2024-7
2,منطقة الرياض,الأنشطة الأخرى للتعدين واستغلال المحاجر,549,3750,2704,1046,19378,19354,24,23128,2024-4
1,منطقة مكة المكرمة,صنع منتجات المعادن المشكلة ( باستثناء الآلات والمعدات ),2738,4975,3072,1903,18150,18069,81,23125,2024-1
3,منطقة الرياض,صُنع الملبوسات,4754,3685,1121,2564,19105,17958,1147,22790,2024-7
3,منطقة نجران,تشييد المباني,4100,2313,1174,1139,20390,20265,125,22703,2024-7
2,منطقة المدينة المنورة,أنشطة التشييد المتخصصة,4022,2881,1545,1336,19720,19515,205,22601,2024-4
3,منطقة المدينة المنورة,أنشطة التشييد المتخصصة,4102,2924,1521,1403,19611,19402,209,22535,2024-7
1,منطقة المدينة المنورة,أنشطة التشييد المتخصصة,4002,2930,1574,1356,19478,19262,216,22408,2024-1
2,منطقة مكة المكرمة,أنشطة الاستخدام,606,760,318,442,21525,15534,5991,22285,2024-4
1,منطقة الرياض,الأنشطة الإدارية للمكاتب ، وأنشطة الدعم للمكاتب وغير ذلك من أنشطة الدعم للأعمال,3087,10075,5130,4945,12208,11511,697,22283,2024-1
2,منطقة الرياض,الأنشطة الإدارية للمكاتب ، وأنشطة الدعم للمكاتب وغير ذلك من أنشطة الدعم للأعمال,3087,10229,5263,4966,12010,11275,735,22239,2024-4
2,منطقة الرياض,صُنع الملبوسات,4597,3510,1072,2438,18654,17545,1109,22164,2024-4
2,منطقة نجران,تشييد المباني,3681,2256,1123,1133,19533,19431,102,21789,2024-4
1,منطقة الرياض,صُنع الملبوسات,4519,3504,1064,2440,18241,17162,1079,21745,2024-1
2,المنطقة الشرقية,التعليم,818,12715,4705,8010,9009,7598,1411,21724,2024-4
1,منطقة نجران,تشييد المباني,3532,2330,1168,1162,18990,18915,75,21320,2024-1
3,منطقة الرياض,صُنع الخشب ومنتجات الخشب والفلين ، باستثناء الأثاث ، صُنع أصناف من القش ومواد الضفر,1980,4928,1902,3026,15749,15607,142,20677,2024-7
3,منطقة جازان,أنشطة خدمات الأطعمة والمشروبات,5616,2342,1109,1233,17795,17669,126,20137,2024-7
2,منطقة جازان,أنشطة خدمات الأطعمة والمشروبات,5493,2365,1165,1200,17668,17578,90,20033,2024-4
3,منطقة عسير,أنشطة الاستخدام,164,245,111,134,19674,11988,7686,19919,2024-7
1,منطقة جازان,أنشطة خدمات الأطعمة والمشروبات,5485,2457,1203,1254,17456,17373,83,19913,2024-1
3,منطقة حائل,تشييد المباني,4832,1825,955,870,18059,17876,183,19884,2024-7
3,منطقة الرياض,توصيل الكهرباء والغاز والبخار وتكييف الهواء,344,13074,11320,1754,6752,6131,621,19826,2024-7
3,منطقة جازان,تشييد المباني,5636,1410,713,697,18310,18212,98,19720,2024-7
1,منطقة الرياض,أنشطة العمل الاجتماعي، دون إقامة,3042,8405,2880,5525,11218,10420,798,19623,2024-1
1,منطقة مكة المكرمة,أنشطة الاستخدام,580,831,322,509,18678,14492,4186,19509,2024-1
2,منطقة عسير,أنشطة الاستخدام,157,225,103,122,19166,11949,7217,19391,2024-4
3,منطقة الرياض,أنشطة العمل الاجتماعي، دون إقامة,3074,8252,2729,5523,11124,10226,898,19376,2024-7
3,منطقة القصيم,أنشطة التشييد المتخصصة,3590,1355,743,612,17957,17897,60,19312,2024-7
1,منطقة القصيم,أنشطة التشييد المتخصصة,3363,1396,794,602,17885,17831,54,19281,2024-1
1,منطقة الرياض,صُنع الخشب ومنتجات الخشب والفلين ، باستثناء الأثاث ، صُنع أصناف من القش ومواد الضفر,1759,4531,1724,2807,14731,14625,106,19262,2024-1
2,منطقة جازان,تشييد المباني,5267,1329,666,663,17645,17565,80,18974,2024-4
2,منطقة القصيم,أنشطة التشييد المتخصصة,3430,1348,739,609,17619,17558,61,18967,2024-4
2,منطقة الرياض,صُنع الخشب ومنتجات الخشب والفلين ، باستثناء الأثاث ، صُنع أصناف من القش ومواد الضفر,1832,4476,1735,2741,14473,14357,116,18949,2024-4
2,منطقة الرياض,الاتصالات,513,13622,8443,5179,5228,5069,159,18850,2024-4
3,منطقة الرياض,أنشطة المنظمات ذات العضوية,5701,1327,730,597,17342,17130,212,18669,2024-7
3,المنطقة الشرقية,صنع الفلزات القاعدية,288,6221,4776,1445,12396,12376,20,18617,2024-7
3,منطقة الرياض,الإقامة,1495,6904,3912,2992,11515,11233,282,18419,2024-7
2,منطقة الرياض,أنشطة العمل الاجتماعي، دون إقامة,3034,7272,2673,4599,11041,10237,804,18313,2024-4
1,منطقة الرياض,الاتصالات,512,13330,8336,4994,4978,4816,162,18308,2024-1
2,منطقة الرياض,الإقامة,1431,6867,3908,2959,11423,11155,268,18290,2024-4
3,منطقة المدينة المنورة,تجارة الجملة ، باستثناء المركبات ذات المحركات والدراجات النارية,3988,4217,2479,1738,14045,13894,151,18262,2024-7
3,منطقة القصيم,صُنع المنتجات الغذائية,817,3788,2056,1732,14457,14353,104,18245,2024-7
1,منطقة الرياض,الإقامة,1386,6942,3902,3040,11294,11047,247,18236,2024-1
2,المنطقة الشرقية,صنع الفلزات القاعدية,284,6107,4694,1413,12066,12048,18,18173,2024-4
1,المنطقة الشرقية,صنع الفلزات القاعدية,286,6112,4671,1441,12061,12043,18,18173,2024-1
1,منطقة جازان,تشييد المباني,5221,1332,657,675,16839,16772,67,18171,2024-1
1,منطقة عسير,أنشطة الاستخدام,155,212,98,114,17943,11553,6390,18155,2024-1
2,منطقة المدينة المنورة,تجارة الجملة ، باستثناء المركبات ذات المحركات والدراجات النارية,3901,4224,2495,1729,13733,13580,153,17957,2024-4
1,منطقة المدينة المنورة,تجارة الجملة ، باستثناء المركبات ذات المحركات والدراجات النارية,3889,4218,2502,1716,13538,13399,139,17756,2024-1
3,منطقة مكة المكرمة,صُنع الخشب ومنتجات الخشب والفلين ، باستثناء الأثاث ، صُنع أصناف من القش ومواد الضفر,1137,3066,1727,1339,14656,14576,80,17722,2024-7
2,منطقة الرياض,الصرف الصحي,302,3517,2539,978,14179,14081,98,17696,2024-4
2,منطقة حائل,تشييد المباني,4259,1397,742,655,16282,16119,163,17679,2024-4
3,منطقة تبوك,تشييد المباني,3998,1622,865,757,15740,15652,88,17362,2024-7
1,منطقة الرياض,الأنشطة الأخرى للتعدين واستغلال المحاجر,534,3384,2280,1104,13942,13919,23,17326,2024-1
3,منطقة الرياض,الأنشطة القانونية وأنشطة المحاسبة,2574,9387,5719,3668,7722,7372,350,17109,2024-7
3,منطقة الرياض,صنع الفلزات القاعدية,561,4470,2403,2067,12559,12495,64,17029,2024-7
3,منطقة الرياض,الاتصالات,517,12088,7373,4715,4872,4716,156,16960,2024-7
2,منطقة الرياض,أنشطة المنظمات ذات العضوية,5389,1448,791,657,15509,15322,187,16957,2024-4
2,منطقة عسير,تجارة الجملة والتجزئة ، وإصلاح المركبات ذات المحركات والدراجات النارية,4930,1979,1280,699,14891,14864,27,16870,2024-4
1,منطقة عسير,تجارة الجملة والتجزئة ، وإصلاح المركبات ذات المحركات والدراجات النارية,4904,2009,1305,704,14760,14734,26,16769,2024-1
3,منطقة عسير,تجارة الجملة والتجزئة ، وإصلاح المركبات ذات المحركات والدراجات النارية,4981,1930,1230,700,14793,14763,30,16723,2024-7
2,منطقة مكة المكرمة,صُنع المواد الكيميائية والمنتجات الكيميائية,597,4963,2720,2243,11725,11564,161,16688,2024-4
1,منطقة مكة المكرمة,صُنع المواد الكيميائية والمنتجات الكيميائية,590,4998,2740,2258,11672,11523,149,16670,2024-1
2,منطقة الرياض,الأنشطة القانونية وأنشطة المحاسبة,2501,9001,5488,3513,7597,7262,335,16598,2024-4
2,منطقة القصيم,صُنع المنتجات الغذائية,765,3492,1995,1497,13027,13005,22,16519,2024-4
1,منطقة الرياض,الأنشطة القانونية وأنشطة المحاسبة,2454,9031,5515,3516,7447,7110,337,16478,2024-1
2,منطقة الرياض,صنع الفلزات القاعدية,569,4313,2364,1949,12075,12011,64,16388,2024-4
2,منطقة القصيم,تجارة الجملة والتجزئة ، وإصلاح المركبات ذات المحركات والدراجات النارية,4358,2042,1404,638,14287,14266,21,16329,2024-4
2,منطقة مكة المكرمة,صُنع الخشب ومنتجات الخشب والفلين ، باستثناء الأثاث ، صُنع أصناف من القش ومواد الضفر,1081,2830,1563,1267,13496,13426,70,16326,2024-4
3,منطقة القصيم,تجارة الجملة والتجزئة ، وإصلاح المركبات ذات المحركات والدراجات النارية,4413,2050,1422,628,14190,14165,25,16240,2024-7
3,منطقة تبوك,تجارة التجزئة، باستثناء المركبات ذات المحركات والدراجات النارية,5078,2723,1290,1433,13497,13426,71,16220,2024-7
3,منطقة مكة المكرمة,صُنع المواد الكيميائية والمنتجات الكيميائية,600,4628,2657,1971,11538,11396,142,16166,2024-7
1,منطقة حائل,تشييد المباني,4077,1223,599,624,14878,14742,136,16101,2024-1
2,منطقة تبوك,تجارة التجزئة، باستثناء المركبات ذات المحركات والدراجات النارية,4974,2778,1326,1452,13188,13120,68,15966,2024-4
2,منطقة تبوك,تشييد المباني,3779,1388,767,621,14565,14487,78,15953,2024-4
1,منطقة الرياض,صنع الفلزات القاعدية,563,4213,2381,1832,11694,11641,53,15907,2024-1
1,منطقة مكة المكرمة,الأنشطة العقارية,2658,5865,3547,2318,10017,9670,347,15882,2024-1
2,منطقة مكة المكرمة,الأنشطة العقارية,2693,5715,3481,2234,10081,9711,370,15796,2024-4
3,منطقة القصيم,النقل البري و النقل عبر الأنابيب,1863,2668,1613,1055,13119,13060,59,15787,2024-7
1,المنطقة الشرقية,الأنشطة الإيجارية,2124,3391,2239,1152,12378,12324,54,15769,2024-1
1,منطقة القصيم,تجارة الجملة والتجزئة ، وإصلاح المركبات ذات المحركات والدراجات النارية,4295,1906,1314,592,13833,13810,23,15739,2024-1
3,المنطقة الشرقية,أنشطة زراعة المحاصيل والإنتاج الحيواني والصيد والخدمات المتصلة,1991,1965,1295,670,13616,13508,108,15581,2024-7
3,منطقة مكة المكرمة,الأنشطة العقارية,2747,5688,3457,2231,9877,9485,392,15565,2024-7
2,منطقة القصيم,النقل البري و النقل عبر الأنابيب,1772,2581,1561,1020,12810,12761,49,15391,2024-4
1,منطقة القصيم,صُنع المنتجات الغذائية,732,3133,1742,1391,12245,12159,86,15378,2024-1
1,منطقة مكة المكرمة,صُنع الخشب ومنتجات الخشب والفلين ، باستثناء الأثاث ، صُنع أصناف من القش ومواد الضفر,1032,2756,1481,1275,12354,12290,64,15110,2024-1
1,منطقة تبوك,تجارة التجزئة، باستثناء المركبات ذات المحركات والدراجات النارية,4610,2719,1255,1464,12344,12264,80,15063,2024-1
2,المنطقة الشرقية,الأنشطة الإيجارية,2084,3086,2108,978,11877,11822,55,14963,2024-4
1,منطقة عسير,أنشطة التشييد المتخصصة,3610,1537,703,834,13417,13329,88,14954,2024-1
2,منطقة عسير,أنشطة التشييد المتخصصة,3554,1408,658,750,13509,13415,94,14917,2024-4
2,منطقة القصيم,أنشطة زراعة المحاصيل والإنتاج الحيواني والصيد والخدمات المتصلة,1255,1938,1409,529,12931,12902,29,14869,2024-4
3,المنطقة الشرقية,الأنشطة الإيجارية,2035,3117,2101,1016,11706,11646,60,14823,2024-7
1,منطقة القصيم,النقل البري و النقل عبر الأنابيب,1723,2557,1558,999,12217,12171,46,14774,2024-1
3,منطقة القصيم,أنشطة زراعة المحاصيل والإنتاج الحيواني والصيد والخدمات المتصلة,1260,1947,1405,542,12803,12771,32,14750,2024-7
3,منطقة الرياض,صُنع المنسوجات,1646,2968,1482,1486,11689,11569,120,14657,2024-7
3,المنطقة الشرقية,أنشطة جمع النفايات ومعالجتها وتصريفها ، واسترجاع المواد,225,2732,1639,1093,11828,10692,1136,14560,2024-7
2,منطقة الرياض,توصيل الكهرباء والغاز والبخار وتكييف الهواء,296,10977,10071,906,3504,3487,17,14481,2024-4
1,منطقة تبوك,تشييد المباني,3586,1273,699,574,13206,13154,52,14479,2024-1
1,منطقة الرياض,أنشطة المعالجة وخدمات إدارة النفايات الأخرى,18,1408,1120,288,13048,12773,275,14456,2024-1
1,منطقة حائل,تجارة التجزئة، باستثناء المركبات ذات المحركات والدراجات النارية,4074,2826,1275,1551,11630,11561,69,14456,2024-1
2,منطقة تبوك,أنشطة خدمات الأطعمة والمشروبات,3233,2119,882,1237,12328,12204,124,14447,2024-4
3,منطقة الرياض,أنشطة المعالجة وخدمات إدارة النفايات الأخرى,19,2076,1653,423,12314,12088,226,14390,2024-7
2,منطقة الرياض,أنشطة المعالجة وخدمات إدارة النفايات الأخرى,19,1716,1386,330,12642,12399,243,14358,2024-4
3,منطقة مكة المكرمة,أنشطة المعمارية والهندسية ، والاختبارات الفنية والتحليل,1466,5143,3084,2059,9212,9030,182,14355,2024-7
1,منطقة مكة المكرمة,أنشطة المعمارية والهندسية ، والاختبارات الفنية والتحليل,1484,5215,3029,2186,9116,8958,158,14331,2024-1
3,منطقة تبوك,أنشطة خدمات الأطعمة والمشروبات,3319,1996,850,1146,12335,12208,127,14331,2024-7
1,منطقة الرياض,الصرف الصحي,256,2712,1885,827,11594,11546,48,14306,2024-1
2,منطقة مكة المكرمة,أنشطة المعمارية والهندسية ، والاختبارات الفنية والتحليل,1474,5044,2897,2147,9261,9091,170,14305,2024-4
3,منطقة مكة المكرمة,صُنع الملبوسات,3362,2341,1032,1309,11942,11120,822,14283,2024-7
1,منطقة القصيم,أنشطة زراعة المحاصيل والإنتاج الحيواني والصيد والخدمات المتصلة,1265,2038,1490,548,12244,12221,23,14282,2024-1
1,منطقة الرياض,توصيل الكهرباء والغاز والبخار وتكييف الهواء,283,10996,10124,872,3277,3258,19,14273,2024-1
2,منطقة مكة المكرمة,صُنع الملبوسات,3302,2374,1042,1332,11882,11081,801,14256,2024-4
2,منطقة مكة المكرمة,الأنشطة الإيجارية,3070,2732,1911,821,11262,11144,118,13994,2024-4
2,منطقة حائل,تجارة التجزئة، باستثناء المركبات ذات المحركات والدراجات النارية,4129,2304,1048,1256,11624,11542,82,13928,2024-4
3,منطقة حائل,تجارة التجزئة، باستثناء المركبات ذات المحركات والدراجات النارية,4219,2220,996,1224,11665,11574,91,13885,2024-7
3,منطقة الرياض,صُنع المشروبات,177,3985,2157,1828,9873,9808,65,13858,2024-7
1,منطقة مكة المكرمة,الأنشطة الإيجارية,3094,2680,1890,790,11159,11042,117,13839,2024-1
3,منطقة عسير,أنشطة التشييد المتخصصة,3635,1284,629,655,12527,12424,103,13811,2024-7
3,منطقة مكة المكرمة,أنشطة زراعة المحاصيل والإنتاج الحيواني والصيد والخدمات المتصلة,2062,2249,1037,1212,11513,11328,185,13762,2024-7
1,منطقة تبوك,أنشطة خدمات الأطعمة والمشروبات,3077,1974,789,1185,11760,11646,114,13734,2024-1
3,منطقة الرياض,صنع المعدات الكهربائية,374,3869,2278,1591,9841,9799,42,13710,2024-7
2,منطقة الرياض,الصناعة التحويلية الأخرى,496,3523,1687,1836,10184,9843,341,13707,2024-4
3,منطقة مكة المكرمة,الأنشطة الإيجارية,3006,2663,1850,813,11039,10916,123,13702,2024-7
2,منطقة عسير,تجارة الجملة ، باستثناء المركبات ذات المحركات والدراجات النارية,3004,3315,1926,1389,10378,10307,71,13693,2024-4
3,منطقة عسير,تجارة الجملة ، باستثناء المركبات ذات المحركات والدراجات النارية,3056,3345,1930,1415,10322,10248,74,13667,2024-7
3,منطقة الرياض,الصناعة التحويلية الأخرى,506,3491,1701,1790,10091,9723,368,13582,2024-7
1,منطقة عسير,تجارة الجملة ، باستثناء المركبات ذات المحركات والدراجات النارية,2939,3254,1962,1292,10253,10193,60,13507,2024-1
3,منطقة المدينة المنورة,تجارة الجملة والتجزئة ، وإصلاح المركبات ذات المحركات والدراجات النارية,4083,1629,1071,558,11770,11734,36,13399,2024-7
2,منطقة المدينة المنورة,تجارة الجملة والتجزئة ، وإصلاح المركبات ذات المحركات والدراجات النارية,3983,1584,1041,543,11787,11755,32,13371,2024-4
1,منطقة الرياض,صُنع المشروبات,179,3766,2013,1753,9590,9566,24,13356,2024-1
2,منطقة الرياض,صُنع المنسوجات,1345,2748,1388,1360,10524,10433,91,13272,2024-4
1,منطقة المدينة المنورة,تجارة الجملة والتجزئة ، وإصلاح المركبات ذات المحركات والدراجات النارية,3991,1553,1011,542,11669,11635,34,13222,2024-1
2,منطقة الرياض,صنع المعدات الكهربائية,364,3759,2244,1515,9454,9411,43,13213,2024-4
2,منطقة مكة المكرمة,أنشطة زراعة المحاصيل والإنتاج الحيواني والصيد والخدمات المتصلة,2070,2026,860,1166,11157,10988,169,13183,2024-4
2,منطقة الرياض,صُنع المشروبات,184,3620,1882,1738,9540,9510,30,13160,2024-4
3,المنطقة الشرقية,الأنشطة الأخرى للتعدين واستغلال المحاجر,207,3356,2538,818,9799,9450,349,13155,2024-7
2,منطقة القصيم,تجارة الجملة ، باستثناء المركبات ذات المحركات والدراجات النارية,2720,3171,1835,1336,9860,9751,109,13031,2024-4
3,منطقة مكة المكرمة,تجميع المياه ومعالجتها وتوصيلها,574,2284,1405,879,10556,10514,42,12840,2024-7
3,منطقة القصيم,تجارة الجملة ، باستثناء المركبات ذات المحركات والدراجات النارية,2729,3058,1773,1285,9739,9628,111,12797,2024-7
1,منطقة الرياض,صُنع المنسوجات,1250,2778,1435,1343,9986,9909,77,12764,2024-1
3,منطقة مكة المكرمة,صنع الفلزات القاعدية,335,3733,2297,1436,8976,8944,32,12709,2024-7
1,منطقة الرياض,الصناعة التحويلية الأخرى,495,3163,1535,1628,9538,9275,263,12701,2024-1
2,منطقة الرياض,أنشطة خدمات المعلومات,446,7472,3956,3516,5215,4981,234,12687,2024-4
3,منطقة الرياض,أنشطة خدمات المعلومات,453,7463,3960,3503,5209,4954,255,12672,2024-7
1,منطقة القصيم,تجارة الجملة ، باستثناء المركبات ذات المحركات والدراجات النارية,2710,3172,1874,1298,9447,9383,64,12619,2024-1
3,منطقة مكة المكرمة,الأنشطة الإدارية للمكاتب ، وأنشطة الدعم للمكاتب وغير ذلك من أنشطة الدعم للأعمال,2076,5279,2857,2422,7256,6841,415,12535,2024-7
3,منطقة مكة المكرمة,صنع منتجات المطاط واللدائن,456,3169,1956,1213,9285,9251,34,12454,2024-7
3,منطقة نجران,أنشطة التشييد المتخصصة,1311,1261,628,633,11182,11157,25,12443,2024-7
2,منطقة مكة المكرمة,الأنشطة الإدارية للمكاتب ، وأنشطة الدعم للمكاتب وغير ذلك من أنشطة الدعم للأعمال,2024,5318,2905,2413,7123,6708,415,12441,2024-4
1,منطقة مكة المكرمة,الأنشطة الإدارية للمكاتب ، وأنشطة الدعم للمكاتب وغير ذلك من أنشطة الدعم للأعمال,2013,5515,2976,2539,6917,6507,410,12432,2024-1
1,منطقة الرياض,صنع المعدات الكهربائية,347,3590,2161,1429,8839,8801,38,12429,2024-1
1,منطقة مكة المكرمة,صُنع الملبوسات,3254,1824,523,1301,10592,9871,721,12416,2024-1
2,منطقة مكة المكرمة,تجميع المياه ومعالجتها وتوصيلها,538,2271,1391,880,10140,10101,39,12411,2024-4
2,منطقة مكة المكرمة,صنع الفلزات القاعدية,327,3560,2239,1321,8585,8558,27,12145,2024-4
1,منطقة مكة المكرمة,تجميع المياه ومعالجتها وتوصيلها,522,2250,1363,887,9846,9812,34,12096,2024-1
2,المنطقة الشرقية,أنشطة جمع النفايات ومعالجتها وتصريفها ، واسترجاع المواد,188,2101,1275,826,9986,8801,1185,12087,2024-4
2,منطقة نجران,أنشطة التشييد المتخصصة,1268,1126,578,548,10874,10849,25,12000,2024-4
2,منطقة القصيم,الهندسة المدنية,294,1734,1076,658,10233,10198,35,11967,2024-4
1,منطقة مكة المكرمة,صنع منتجات المطاط واللدائن,285,3215,1993,1222,8745,8711,34,11960,2024-1
1,منطقة مكة المكرمة,أنشطة زراعة المحاصيل والإنتاج الحيواني والصيد والخدمات المتصلة,2004,1803,710,1093,10072,9913,159,11875,2024-1
3,منطقة القصيم,صنع منتجات المعادن اللافلزية الأخرى,627,2487,1602,885,9374,9363,11,11861,2024-7
1,منطقة القصيم,صنع منتجات المعادن اللافلزية الأخرى,513,2378,1569,809,9476,9462,14,11854,2024-1
2,منطقة مكة المكرمة,صنع منتجات المطاط واللدائن,296,3071,1935,1136,8750,8721,29,11821,2024-4
3,منطقة القصيم,الهندسة المدنية,320,1635,1039,596,10169,10121,48,11804,2024-7
1,منطقة القصيم,الهندسة المدنية,291,1849,1178,671,9917,9898,19,11766,2024-1
2,منطقة القصيم,صنع منتجات المعادن اللافلزية الأخرى,528,2372,1534,838,9381,9367,14,11753,2024-4
1,منطقة مكة المكرمة,صنع الفلزات القاعدية,314,3493,2191,1302,8244,8218,26,11737,2024-1
3,منطقة عسير,الصحة البشرية,366,4140,1214,2926,7409,3224,4185,11549,2024-7
3,منطقة الرياض,الأنشطة الرياضية وأنشطة التسلية والترفيه,1263,4373,1983,2390,7160,5929,1231,11533,2024-7
2,منطقة الرياض,الأنشطة الرياضية وأنشطة التسلية والترفيه,1235,4296,1917,2379,7157,5934,1223,11453,2024-4
1,منطقة الرياض,الأنشطة الرياضية وأنشطة التسلية والترفيه,1225,4375,1927,2448,7029,5878,1151,11404,2024-1
1,منطقة الرياض,أنشطة خدمات المعلومات,455,6121,3275,2846,5268,5048,220,11389,2024-1
1,منطقة عسير,الصحة البشرية,355,4157,1260,2897,7218,3192,4026,11375,2024-1
2,منطقة عسير,الصحة البشرية,350,4076,1202,2874,7204,3129,4075,11280,2024-4
3,منطقة عسير,النقل البري و النقل عبر الأنابيب,2133,1675,948,727,9433,9416,17,11108,2024-7
1,المنطقة الشرقية,أنشطة جمع النفايات ومعالجتها وتصريفها ، واسترجاع المواد,177,1941,1130,811,9157,7891,1266,11098,2024-1
3,المنطقة الشرقية,صناعة الآلات والمعدات غير المصنفة في موضع أخر,209,4438,3688,750,6635,6615,20,11073,2024-7
3,منطقة الرياض,صُنع الورق ومنتجات الورق,387,2986,1357,1629,8075,8027,48,11061,2024-7
3,المنطقة الشرقية,الصرف الصحي,134,1631,1028,603,9376,9022,354,11007,2024-7
2,منطقة مكة المكرمة,توصيل الكهرباء والغاز والبخار وتكييف الهواء,136,9001,8804,197,1966,1962,4,10967,2024-4
1,منطقة مكة المكرمة,توصيل الكهرباء والغاز والبخار وتكييف الهواء,124,9092,8901,191,1851,1847,4,10943,2024-1
2,المنطقة الشرقية,الصرف الصحي,118,1644,1030,614,9249,8931,318,10893,2024-4
2,منطقة عسير,النقل البري و النقل عبر الأنابيب,2100,1624,948,676,9154,9134,20,10778,2024-4
3,منطقة نجران,تجارة التجزئة، باستثناء المركبات ذات المحركات والدراجات النارية,3390,1398,626,772,9343,9251,92,10741,2024-7
2,المنطقة الشرقية,صناعة الآلات والمعدات غير المصنفة في موضع أخر,198,4324,3594,730,6366,6348,18,10690,2024-4
1,منطقة المدينة المنورة,صنع منتجات المعادن اللافلزية الأخرى,335,2820,1928,892,7869,7854,15,10689,2024-1
3,منطقة مكة المكرمة,توصيل الكهرباء والغاز والبخار وتكييف الهواء,151,8799,8567,232,1883,1878,5,10682,2024-7
1,منطقة نجران,تجارة التجزئة، باستثناء المركبات ذات المحركات والدراجات النارية,3183,1535,703,832,9137,9055,82,10672,2024-1
1,منطقة عسير,النقل البري و النقل عبر الأنابيب,2146,1604,968,636,9065,9047,18,10669,2024-1
2,منطقة نجران,تجارة التجزئة، باستثناء المركبات ذات المحركات والدراجات النارية,3255,1459,677,782,9183,9103,80,10642,2024-4
2,منطقة المدينة المنورة,الصحة البشرية,319,3733,1228,2505,6805,3350,3455,10538,2024-4
3,منطقة المدينة المنورة,الصحة البشرية,326,3660,1168,2492,6850,3343,3507,10510,2024-7
1,منطقة الرياض,أنشطة المنظمات ذات العضوية,3878,1301,732,569,9209,9082,127,10510,2024-1
2,منطقة الرياض,صُنع الورق ومنتجات الورق,373,2882,1306,1576,7588,7534,54,10470,2024-4
1,منطقة المدينة المنورة,الصحة البشرية,317,3720,1223,2497,6748,3344,3404,10468,2024-1
3,منطقة مكة المكرمة,أبحاث الإعلان والسوق,2088,3443,1497,1946,6999,6421,578,10442,2024-7
1,منطقة مكة المكرمة,أبحاث الإعلان والسوق,2028,3642,1629,2013,6782,6272,510,10424,2024-1
1,منطقة نجران,أنشطة التشييد المتخصصة,1223,894,560,334,9507,9485,22,10401,2024-1
2,منطقة مكة المكرمة,أبحاث الإعلان والسوق,2030,3531,1563,1968,6866,6313,553,10397,2024-4
1,منطقة المدينة المنورة,الهندسة المدنية,326,1915,1241,674,8417,8356,61,10332,2024-1
1,المنطقة الشرقية,صناعة الآلات والمعدات غير المصنفة في موضع أخر,194,4181,3471,710,6085,6069,16,10266,2024-1
2,منطقة الحدود الشمالية,تشييد المباني,2004,767,370,397,9492,9449,43,10259,2024-4
3,المنطقة الشرقية,صُنع الخشب ومنتجات الخشب والفلين ، باستثناء الأثاث ، صُنع أصناف من القش ومواد الضفر,783,2598,1378,1220,7637,7605,32,10235,2024-7
2,المنطقة الشرقية,صُنع الخشب ومنتجات الخشب والفلين ، باستثناء الأثاث ، صُنع أصناف من القش ومواد الضفر,757,2543,1331,1212,7659,7629,30,10202,2024-4
2,منطقة المدينة المنورة,صنع منتجات المعادن اللافلزية الأخرى,322,2706,1823,883,7467,7454,13,10173,2024-4
3,منطقة الحدود الشمالية,تشييد المباني,2118,762,389,373,9403,9357,46,10165,2024-7
3,منطقة المدينة المنورة,صنع منتجات المعادن اللافلزية الأخرى,343,2749,1825,924,7381,7366,15,10130,2024-7
1,منطقة المدينة المنورة,الإقامة,773,4085,2720,1365,6000,5865,135,10085,2024-1
3,المنطقة الشرقية,صُنع الملبوسات,2581,1406,511,895,8641,8196,445,10047,2024-7
1,منطقة المدينة المنورة,أنشطة تقديم الخدمات للمباني وتجميل المواقع,805,1649,971,678,8377,8197,180,10026,2024-1
2,المنطقة الشرقية,صُنع الملبوسات,2574,1365,478,887,8559,8059,500,9924,2024-4
1,المنطقة الشرقية,صُنع الملبوسات,2625,1332,459,873,8556,8056,500,9888,2024-1
3,منطقة المدينة المنورة,أنشطة الخدمات الشخصية الأخرى,3524,781,249,532,9077,7496,1581,9858,2024-7
3,منطقة المدينة المنورة,الإقامة,780,3946,2688,1258,5910,5822,88,9856,2024-7
3,منطقة جازان,تجارة الجملة والتجزئة ، وإصلاح المركبات ذات المحركات والدراجات النارية,3207,917,677,240,8935,8900,35,9852,2024-7
1,منطقة الحدود الشمالية,تشييد المباني,1942,720,366,354,9120,9078,42,9840,2024-1
3,المنطقة الشرقية,أنشطة الأمن والتحقيقات,98,9748,8893,855,69,69,0,9817,2024-7
2,منطقة المدينة المنورة,أنشطة تقديم الخدمات للمباني وتجميل المواقع,776,1478,861,617,8332,8154,178,9810,2024-4
2,منطقة المدينة المنورة,أنشطة الخدمات الشخصية الأخرى,3466,786,255,531,8997,7421,1576,9783,2024-4
1,المنطقة الشرقية,صُنع الخشب ومنتجات الخشب والفلين ، باستثناء الأثاث ، صُنع أصناف من القش ومواد الضفر,723,2479,1310,1169,7284,7252,32,9763,2024-1
3,منطقة الرياض,أنشطة البريد ونقل الرسائل والطرود بواسطة مندوبين,481,1844,968,876,7911,7840,71,9755,2024-7
1,منطقة عسير,صنع منتجات المعادن اللافلزية الأخرى,492,2552,1640,912,7193,7180,13,9745,2024-1
2,منطقة حائل,أنشطة خدمات الأطعمة والمشروبات,2319,1183,611,572,8549,8495,54,9732,2024-4
2,منطقة الجوف,تجارة التجزئة، باستثناء المركبات ذات المحركات والدراجات النارية,3038,1593,905,688,8097,8040,57,9690,2024-4
2,منطقة جازان,تجارة الجملة والتجزئة ، وإصلاح المركبات ذات المحركات والدراجات النارية,3133,902,669,233,8754,8729,25,9656,2024-4
3,منطقة حائل,أنشطة خدمات الأطعمة والمشروبات,2372,1213,612,601,8432,8378,54,9645,2024-7
1,منطقة حائل,أنشطة خدمات الأطعمة والمشروبات,2294,1175,619,556,8462,8421,41,9637,2024-1
2,منطقة المدينة المنورة,الإقامة,767,3926,2663,1263,5703,5627,76,9629,2024-4
3,منطقة الجوف,تجارة التجزئة، باستثناء المركبات ذات المحركات والدراجات النارية,3092,1550,864,686,8006,7947,59,9556,2024-7
1,منطقة الجوف,تجارة التجزئة، باستثناء المركبات ذات المحركات والدراجات النارية,2980,1655,913,742,7865,7811,54,9520,2024-1
3,منطقة الرياض,أنشطة النشر,495,5513,3180,2333,3997,3715,282,9510,2024-7
1,منطقة جازان,تجارة الجملة والتجزئة ، وإصلاح المركبات ذات المحركات والدراجات النارية,3126,891,673,218,8618,8594,24,9509,2024-1
3,المنطقة الشرقية,صنع المعدات الكهربائية,199,3914,3260,654,5577,5543,34,9491,2024-7
2,منطقة عسير,صنع منتجات المعادن اللافلزية الأخرى,483,2379,1518,861,7080,7068,12,9459,2024-4
1,منطقة المدينة المنورة,أنشطة الخدمات الشخصية الأخرى,3455,723,212,511,8694,7214,1480,9417,2024-1
2,منطقة الرياض,أنشطة البريد ونقل الرسائل والطرود بواسطة مندوبين,470,2394,1293,1101,7002,6915,87,9396,2024-4
2,منطقة نجران,أنشطة تقديم الخدمات للمباني وتجميل المواقع,207,1732,1031,701,7643,7561,82,9375,2024-4
3,منطقة نجران,أنشطة تقديم الخدمات للمباني وتجميل المواقع,205,1778,1071,707,7577,7462,115,9355,2024-7
1,المنطقة الشرقية,أنشطة الأمن والتحقيقات,99,9198,8377,821,96,96,0,9294,2024-1
1,منطقة الرياض,صُنع الورق ومنتجات الورق,360,2473,1057,1416,6821,6775,46,9294,2024-1
3,منطقة عسير,صنع منتجات المعادن اللافلزية الأخرى,485,2316,1458,858,6905,6896,9,9221,2024-7
2,المنطقة الشرقية,صنع المعدات الكهربائية,216,3785,3186,599,5384,5355,29,9169,2024-4
3,منطقة المدينة المنورة,أنشطة تقديم الخدمات للمباني وتجميل المواقع,776,1296,762,534,7867,7695,172,9163,2024-7
1,منطقة نجران,أنشطة تقديم الخدمات للمباني وتجميل المواقع,211,1360,849,511,7791,7717,74,9151,2024-1
2,المنطقة الشرقية,أنشطة الأمن والتحقيقات,95,9045,8232,813,81,81,0,9126,2024-4
1,المنطقة الشرقية,صنع المعدات الكهربائية,216,3832,3214,618,5192,5164,28,9024,2024-1
3,المنطقة الشرقية,توصيل الكهرباء والغاز والبخار وتكييف الهواء,159,6469,6209,260,2504,2501,3,8973,2024-7
3,المنطقة الشرقية,صنع منتجات المطاط واللدائن,261,2479,1755,724,6405,6395,10,8884,2024-7
3,منطقة مكة المكرمة,الأنشطة القانونية وأنشطة المحاسبة,1333,5548,3312,2236,3323,3133,190,8871,2024-7
1,منطقة الرياض,أنشطة البريد ونقل الرسائل والطرود بواسطة مندوبين,476,2242,1128,1114,6626,6538,88,8868,2024-1
1,منطقة مكة المكرمة,الأنشطة القانونية وأنشطة المحاسبة,1300,5494,3282,2212,3174,3003,171,8668,2024-1
2,منطقة مكة المكرمة,الأنشطة القانونية وأنشطة المحاسبة,1292,5407,3237,2170,3252,3069,183,8659,2024-4
3,منطقة المدينة المنورة,الهندسة المدنية,372,1676,1026,650,6983,6919,64,8659,2024-7
2,منطقة الرياض,أنشطة النشر,432,4983,2890,2093,3641,3389,252,8624,2024-4
2,المنطقة الشرقية,توصيل الكهرباء والغاز والبخار وتكييف الهواء,145,6464,6228,236,2090,2086,4,8554,2024-4
2,منطقة المدينة المنورة,الهندسة المدنية,341,1671,1009,662,6830,6762,68,8501,2024-4
3,منطقة المدينة المنورة,النقل البري و النقل عبر الأنابيب,1377,1339,700,639,7148,7133,15,8487,2024-7
3,منطقة مكة المكرمة,أنشطة جمع النفايات ومعالجتها وتصريفها ، واسترجاع المواد,279,1493,677,816,6988,6804,184,8481,2024-7
3,منطقة عسير,أنشطة الخدمات الشخصية الأخرى,3431,576,216,360,7898,7198,700,8474,2024-7
2,المنطقة الشرقية,صنع منتجات المطاط واللدائن,248,2374,1727,647,6066,6058,8,8440,2024-4
2,منطقة عسير,أنشطة الخدمات الشخصية الأخرى,3394,602,223,379,7837,7132,705,8439,2024-4
3,منطقة مكة المكرمة,النقل الجوي,111,7417,6611,806,1017,675,342,8434,2024-7
1,المنطقة الشرقية,توصيل الكهرباء والغاز والبخار وتكييف الهواء,141,6497,6257,240,1928,1924,4,8425,2024-1
1,المنطقة الشرقية,صنع الأثاث,773,1779,808,971,6626,6591,35,8405,2024-1
1,المنطقة الشرقية,صنع منتجات المطاط واللدائن,240,2387,1740,647,5991,5981,10,8378,2024-1
2,منطقة الجوف,تشييد المباني,2011,900,538,362,7445,7339,106,8345,2024-4
3,منطقة الجوف,تشييد المباني,2034,913,560,353,7392,7264,128,8305,2024-7
3,منطقة مكة المكرمة,صُنع الورق ومنتجات الورق,202,2494,1494,1000,5749,5702,47,8243,2024-7
2,المنطقة الشرقية,صنع الأثاث,776,1757,767,990,6465,6426,39,8222,2024-4
3,منطقة جازان,أنشطة التشييد المتخصصة,2719,443,250,193,7728,7681,47,8171,2024-7
1,منطقة الجوف,تشييد المباني,1988,868,550,318,7273,7184,89,8141,2024-1
2,منطقة مكة المكرمة,النقل الجوي,110,7129,6387,742,983,673,310,8112,2024-4
2,منطقة مكة المكرمة,صُنع الورق ومنتجات الورق,204,2436,1489,947,5660,5615,45,8096,2024-4
1,منطقة عسير,أنشطة الخدمات الشخصية الأخرى,3338,507,189,318,7572,6942,630,8079,2024-1
2,منطقة المدينة المنورة,النقل البري و النقل عبر الأنابيب,1315,1264,649,615,6788,6770,18,8052,2024-4
3,المنطقة الشرقية,صنع الأثاث,778,1632,705,927,6402,6365,37,8034,2024-7
1,المنطقة الشرقية,الإقامة,643,2863,1563,1300,5108,4995,113,7971,2024-1
1,منطقة المدينة المنورة,النقل البري و النقل عبر الأنابيب,1321,1254,662,592,6707,6692,15,7961,2024-1
2,منطقة جازان,أنشطة التشييد المتخصصة,2634,389,214,175,7558,7510,48,7947,2024-4
1,المنطقة الشرقية,الصرف الصحي,109,1212,645,567,6732,6457,275,7944,2024-1
1,منطقة عسير,أنشطة تقديم الخدمات للمباني وتجميل المواقع,510,1292,918,374,6651,6515,136,7943,2024-1
1,منطقة مكة المكرمة,صُنع الورق ومنتجات الورق,200,2374,1410,964,5553,5511,42,7927,2024-1
2,منطقة عسير,أنشطة تقديم الخدمات للمباني وتجميل المواقع,496,1194,856,338,6711,6405,306,7905,2024-4
1,منطقة جازان,أنشطة التشييد المتخصصة,2611,422,237,185,7440,7405,35,7862,2024-1
1,المنطقة الشرقية,صنع فحم الكوك والمنتجات النفطية المكررة,51,5063,4896,167,2791,2785,6,7854,2024-1
1,منطقة القصيم,الصحة البشرية,228,2606,983,1623,5248,2544,2704,7854,2024-1
1,منطقة مكة المكرمة,النقل الجوي,113,6895,6175,720,881,648,233,7776,2024-1
1,منطقة مكة المكرمة,صُنع المشروبات,179,2414,1409,1005,5352,5335,17,7766,2024-1
1,منطقة مكة المكرمة,الصناعة التحويلية الأخرى,303,1836,1058,778,5929,5855,74,7765,2024-1
2,منطقة الرياض,صناعة الآلات والمعدات غير المصنفة في موضع أخر,432,1794,895,899,5935,5904,31,7729,2024-4
3,منطقة عسير,صُنع المنتجات الغذائية,834,1322,676,646,6405,6391,14,7727,2024-7
3,منطقة الرياض,صناعة الآلات والمعدات غير المصنفة في موضع أخر,433,1853,938,915,5859,5827,32,7712,2024-7
2,المنطقة الشرقية,الإقامة,627,2765,1518,1247,4935,4825,110,7700,2024-4
2,منطقة مكة المكرمة,صُنع المشروبات,178,2394,1447,947,5285,5270,15,7679,2024-4
1,منطقة جازان,تجارة الجملة ، باستثناء المركبات ذات المحركات والدراجات النارية,2046,1262,691,571,6401,6365,36,7663,2024-1
3,المنطقة الشرقية,صنع فحم الكوك والمنتجات النفطية المكررة,52,4973,4797,176,2681,2670,11,7654,2024-7
2,منطقة مكة المكرمة,أنشطة جمع النفايات ومعالجتها وتصريفها ، واسترجاع المواد,250,1258,538,720,6362,6161,201,7620,2024-4
2,المنطقة الشرقية,صنع فحم الكوك والمنتجات النفطية المكررة,53,4957,4782,175,2659,2651,8,7616,2024-4
3,منطقة مكة المكرمة,صُنع المشروبات,174,2366,1470,896,5227,5213,14,7593,2024-7
2,منطقة القصيم,أنشطة الخدمات الشخصية الأخرى,2675,638,222,416,6950,5970,980,7588,2024-4
3,منطقة القصيم,أنشطة الخدمات الشخصية الأخرى,2715,630,213,417,6938,5952,986,7568,2024-7
3,منطقة تبوك,تجارة الجملة والتجزئة ، وإصلاح المركبات ذات المحركات والدراجات النارية,2208,860,548,312,6698,6682,16,7558,2024-7
2,منطقة جازان,تجارة الجملة ، باستثناء المركبات ذات المحركات والدراجات النارية,2017,1230,652,578,6316,6276,40,7546,2024-4
3,المنطقة الشرقية,الإقامة,622,2679,1474,1205,4828,4721,107,7507,2024-7
2,منطقة عسير,صُنع المنتجات الغذائية,779,1291,650,641,6215,6203,12,7506,2024-4
1,منطقة الرياض,صناعة الآلات والمعدات غير المصنفة في موضع أخر,421,1744,853,891,5723,5693,30,7467,2024-1
2,منطقة مكة المكرمة,الصناعة التحويلية الأخرى,305,1825,1007,818,5628,5562,66,7453,2024-4
3,منطقة جازان,تجارة الجملة ، باستثناء المركبات ذات المحركات والدراجات النارية,2021,1219,661,558,6225,6186,39,7444,2024-7
2,منطقة مكة المكرمة,صنع الأثاث,994,1323,515,808,6118,6082,36,7441,2024-4
3,منطقة المدينة المنورة,صُنع المنتجات الغذائية,834,1504,865,639,5931,5877,54,7435,2024-7
2,منطقة تبوك,تجارة الجملة والتجزئة ، وإصلاح المركبات ذات المحركات والدراجات النارية,2180,807,512,295,6606,6593,13,7413,2024-4
1,منطقة نجران,أنشطة خدمات الأطعمة والمشروبات,1823,805,318,487,6551,6498,53,7356,2024-1
2,منطقة المدينة المنورة,صُنع المنتجات الغذائية,780,1484,876,608,5870,5814,56,7354,2024-4
3,منطقة مكة المكرمة,أنشطة العمل الاجتماعي، دون إقامة,717,4961,1741,3220,2352,1884,468,7313,2024-7
1,منطقة القصيم,أنشطة الخدمات الشخصية الأخرى,2589,637,207,430,6654,5715,939,7291,2024-1
2,منطقة نجران,أنشطة خدمات الأطعمة والمشروبات,1829,779,289,490,6500,6446,54,7279,2024-4
3,المنطقة الشرقية,الأنشطة الإدارية للمكاتب ، وأنشطة الدعم للمكاتب وغير ذلك من أنشطة الدعم للأعمال,1042,3141,2235,906,4086,4009,77,7227,2024-7
3,منطقة نجران,أنشطة خدمات الأطعمة والمشروبات,1872,749,278,471,6466,6408,58,7215,2024-7
1,منطقة مكة المكرمة,صنع الأثاث,968,1300,512,788,5899,5864,35,7199,2024-1
3,منطقة مكة المكرمة,صنع الأثاث,1025,1236,465,771,5953,5905,48,7189,2024-7
1,منطقة عسير,صُنع المنتجات الغذائية,753,1267,635,632,5906,5901,5,7173,2024-1
3,منطقة مكة المكرمة,الصناعة التحويلية الأخرى,312,1716,978,738,5455,5385,70,7171,2024-7
1,منطقة المدينة المنورة,صُنع المنتجات الغذائية,775,1494,901,593,5660,5628,32,7154,2024-1
1,منطقة مكة المكرمة,أنشطة العمل الاجتماعي، دون إقامة,729,4827,1689,3138,2315,1883,432,7142,2024-1
1,منطقة مكة المكرمة,أنشطة جمع النفايات ومعالجتها وتصريفها ، واسترجاع المواد,221,1235,529,706,5901,5706,195,7136,2024-1
2,المنطقة الشرقية,الأنشطة الإدارية للمكاتب ، وأنشطة الدعم للمكاتب وغير ذلك من أنشطة الدعم للأعمال,1019,3086,2159,927,4038,3962,76,7124,2024-4
1,المنطقة الشرقية,الأنشطة الإدارية للمكاتب ، وأنشطة الدعم للمكاتب وغير ذلك من أنشطة الدعم للأعمال,977,3113,2167,946,3999,3924,75,7112,2024-1
1,منطقة الرياض,أنشطة النشر,399,4087,2372,1715,2974,2799,175,7061,2024-1
1,منطقة المدينة المنورة,التعليم,326,4455,1163,3292,2550,2027,523,7005,2024-1
3,منطقة المدينة المنورة,التعليم,332,4209,1082,3127,2694,2105,589,6903,2024-7
1,منطقة تبوك,تجارة الجملة والتجزئة ، وإصلاح المركبات ذات المحركات والدراجات النارية,2065,741,479,262,6146,6137,9,6887,2024-1
3,المنطقة الشرقية,صُنع الورق ومنتجات الورق,141,1851,1165,686,4991,4975,16,6842,2024-7
2,منطقة القصيم,الصحة البشرية,234,2235,798,1437,4606,2296,2310,6841,2024-4
3,منطقة القصيم,الصحة البشرية,246,2247,790,1457,4593,2251,2342,6840,2024-7
2,المنطقة الشرقية,صُنع الورق ومنتجات الورق,140,1868,1168,700,4947,4927,20,6815,2024-4
2,منطقة مكة المكرمة,وكالات السفر ومشغّلو الجولات السياحية وخدمات الحجز والأنشطة المتصلة بها,1056,2291,1377,914,4456,4315,141,6747,2024-4
1,المنطقة الشرقية,صُنع الورق ومنتجات الورق,137,1866,1168,698,4876,4855,21,6742,2024-1
1,منطقة مكة المكرمة,وكالات السفر ومشغّلو الجولات السياحية وخدمات الحجز والأنشطة المتصلة بها,1034,2362,1383,979,4284,4157,127,6646,2024-1
3,منطقة الرياض,صنع المنتجات الصيدلانية الأساسية والمستحضرات الصيدلانية,760,1378,636,742,5247,5141,106,6625,2024-7
3,منطقة مكة المكرمة,أنشطة الخدمات المالية ، فيما عدا تمويل التأمين وصناديق المعاشات,397,4619,3374,1245,1999,1925,74,6618,2024-7
1,منطقة عسير,الهندسة المدنية,251,1130,766,364,5478,5471,7,6608,2024-1
1,المنطقة الشرقية,الأنشطة الأخرى للتعدين واستغلال المحاجر,196,2072,1565,507,4536,4527,9,6608,2024-1
2,منطقة مكة المكرمة,أنشطة الخدمات المالية ، فيما عدا تمويل التأمين وصناديق المعاشات,405,4573,3332,1241,2031,1957,74,6604,2024-4
3,منطقة القصيم,صنع منتجات المعادن المشكلة ( باستثناء الآلات والمعدات ),1384,950,531,419,5621,5611,10,6571,2024-7
3,منطقة عسير,أنشطة تقديم الخدمات للمباني وتجميل المواقع,476,793,605,188,5777,5465,312,6570,2024-7
1,منطقة مكة المكرمة,أنشطة الخدمات المالية ، فيما عدا تمويل التأمين وصناديق المعاشات,408,4545,3328,1217,2017,1943,74,6562,2024-1
2,منطقة عسير,الهندسة المدنية,252,1111,749,362,5449,5445,4,6560,2024-4
3,منطقة مكة المكرمة,وكالات السفر ومشغّلو الجولات السياحية وخدمات الحجز والأنشطة المتصلة بها,1076,2214,1337,877,4331,4186,145,6545,2024-7
3,منطقة الحدود الشمالية,تجارة التجزئة، باستثناء المركبات ذات المحركات والدراجات النارية,2254,830,393,437,5648,5606,42,6478,2024-7
2,المنطقة الشرقية,الأنشطة الأخرى للتعدين واستغلال المحاجر,201,2093,1592,501,4384,4373,11,6477,2024-4
2,منطقة القصيم,صنع منتجات المعادن المشكلة ( باستثناء الآلات والمعدات ),1395,892,515,377,5563,5555,8,6455,2024-4
2,منطقة الحدود الشمالية,تجارة التجزئة، باستثناء المركبات ذات المحركات والدراجات النارية,2221,883,426,457,5557,5512,45,6440,2024-4
2,منطقة مكة المكرمة,أنشطة العمل الاجتماعي، دون إقامة,714,4061,1635,2426,2357,1916,441,6418,2024-4
1,منطقة الحدود الشمالية,تجارة التجزئة، باستثناء المركبات ذات المحركات والدراجات النارية,2197,945,442,503,5457,5418,39,6402,2024-1
2,منطقة الرياض,صنع المنتجات الصيدلانية الأساسية والمستحضرات الصيدلانية,709,1299,608,691,5096,4997,99,6395,2024-4
1,منطقة الرياض,صنع المنتجات الصيدلانية الأساسية والمستحضرات الصيدلانية,678,1369,608,761,4977,4880,97,6346,2024-1
3,منطقة عسير,الهندسة المدنية,265,1051,716,335,5289,5287,2,6340,2024-7
3,منطقة الرياض,تمويل التأمين وإعادة التأمين وصناديق المعاشات التقاعدية باستثناء الضمان الاجتماعي الإلزامي,47,5132,3167,1965,1172,1103,69,6304,2024-7
1,المنطقة الشرقية,الأنشطة العقارية,972,2538,1654,884,3728,3668,60,6266,2024-1
2,منطقة الباحة,تجارة التجزئة، باستثناء المركبات ذات المحركات والدراجات النارية,1849,1281,790,491,4969,4951,18,6250,2024-4
3,منطقة الباحة,تجارة التجزئة، باستثناء المركبات ذات المحركات والدراجات النارية,1865,1286,787,499,4962,4941,21,6248,2024-7
2,المنطقة الشرقية,الأنشطة العقارية,981,2490,1608,882,3757,3689,68,6247,2024-4
1,منطقة القصيم,إصلاح أجهزة الحاسوب والسلع الشخصية والمنزلية,785,106,82,24,6128,6113,15,6234,2024-1
2,منطقة مكة المكرمة,الأنشطة الرياضية وأنشطة التسلية والترفيه,916,2483,1006,1477,3741,3169,572,6224,2024-4
1,منطقة الباحة,تجارة التجزئة، باستثناء المركبات ذات المحركات والدراجات النارية,1861,1327,815,512,4890,4867,23,6217,2024-1
1,منطقة القصيم,صنع منتجات المعادن المشكلة ( باستثناء الآلات والمعدات ),1398,836,499,337,5375,5367,8,6211,2024-1
1,منطقة حائل,أنشطة زراعة المحاصيل والإنتاج الحيواني والصيد والخدمات المتصلة,1393,805,725,80,5382,5373,9,6187,2024-1
3,منطقة الرياض,تجميع المياه ومعالجتها وتوصيلها,502,1601,990,611,4553,4495,58,6154,2024-7
3,منطقة مكة المكرمة,الأنشطة الرياضية وأنشطة التسلية والترفيه,939,2415,993,1422,3729,3135,594,6144,2024-7
3,منطقة مكة المكرمة,الصرف الصحي,193,1036,699,337,5107,5091,16,6143,2024-7
2,منطقة حائل,تجارة الجملة والتجزئة ، وإصلاح المركبات ذات المحركات والدراجات النارية,1704,693,413,280,5437,5429,8,6130,2024-4
3,منطقة الباحة,تشييد المباني,1579,555,343,212,5575,5553,22,6130,2024-7
1,منطقة مكة المكرمة,أنشطة البريد ونقل الرسائل والطرود بواسطة مندوبين,178,2219,1716,503,3901,3886,15,6120,2024-1
3,منطقة حائل,تجارة الجملة والتجزئة ، وإصلاح المركبات ذات المحركات والدراجات النارية,1732,666,392,274,5446,5436,10,6112,2024-7
3,منطقة مكة المكرمة,أنشطة البريد ونقل الرسائل والطرود بواسطة مندوبين,181,2038,1598,440,4071,4047,24,6109,2024-7
2,منطقة الباحة,تشييد المباني,1551,533,321,212,5557,5537,20,6090,2024-4
2,منطقة مكة المكرمة,الصرف الصحي,164,1091,793,298,4993,4978,15,6084,2024-4
3,منطقة نجران,النقل البري و النقل عبر الأنابيب,1530,492,270,222,5576,5560,16,6068,2024-7
1,منطقة حائل,تجارة الجملة والتجزئة ، وإصلاح المركبات ذات المحركات والدراجات النارية,1681,691,422,269,5376,5368,8,6067,2024-1
1,منطقة الباحة,تشييد المباني,1558,549,332,217,5480,5462,18,6029,2024-1
2,منطقة الرياض,تمويل التأمين وإعادة التأمين وصناديق المعاشات التقاعدية باستثناء الضمان الاجتماعي الإلزامي,47,4844,3027,1817,1182,1116,66,6026,2024-4
2,منطقة مكة المكرمة,أنشطة البريد ونقل الرسائل والطرود بواسطة مندوبين,165,2053,1603,450,3932,3908,24,5985,2024-4
1,منطقة الرياض,تمويل التأمين وإعادة التأمين وصناديق المعاشات التقاعدية باستثناء الضمان الاجتماعي الإلزامي,49,4714,2958,1756,1234,1165,69,5948,2024-1
3,المنطقة الشرقية,الأنشطة العقارية,1008,2422,1572,850,3523,3453,70,5945,2024-7
1,منطقة حائل,أنشطة التشييد المتخصصة,1312,625,429,196,5283,5250,33,5908,2024-1
1,منطقة مكة المكرمة,الأنشطة الرياضية وأنشطة التسلية والترفيه,885,2308,942,1366,3559,3053,506,5867,2024-1
2,منطقة القصيم,إصلاح أجهزة الحاسوب والسلع الشخصية والمنزلية,782,84,59,25,5774,5760,14,5858,2024-4
1,منطقة الجوف,أنشطة خدمات الأطعمة والمشروبات,1482,766,414,352,5083,5055,28,5849,2024-1
3,منطقة مكة المكرمة,الأنشطة الأخرى للتعدين واستغلال المحاجر,285,1475,1090,385,4365,4350,15,5840,2024-7
2,منطقة الجوف,أنشطة خدمات الأطعمة والمشروبات,1520,719,392,327,5079,5044,35,5798,2024-4
2,منطقة المدينة المنورة,التعليم,318,3222,998,2224,2575,2049,526,5797,2024-4
3,منطقة المدينة المنورة,صُنع المواد الكيميائية والمنتجات الكيميائية,101,3663,3435,228,2121,2107,14,5784,2024-7
3,منطقة تبوك,أنشطة التشييد المتخصصة,1711,389,179,210,5388,5352,36,5777,2024-7
3,منطقة جازان,أنشطة الخدمات الشخصية الأخرى,2353,280,94,186,5435,5007,428,5715,2024-7
2,منطقة المدينة المنورة,صُنع المواد الكيميائية والمنتجات الكيميائية,97,3611,3384,227,2097,2083,14,5708,2024-4
2,منطقة نجران,النقل البري و النقل عبر الأنابيب,1392,459,256,203,5245,5235,10,5704,2024-4
3,المنطقة الشرقية,أنشطة العمل الاجتماعي، دون إقامة,491,4334,864,3470,1356,982,374,5690,2024-7
2,منطقة تبوك,أنشطة التشييد المتخصصة,1675,386,188,198,5297,5258,39,5683,2024-4
2,منطقة جازان,أنشطة الخدمات الشخصية الأخرى,2321,281,90,191,5383,4967,416,5664,2024-4
2,منطقة الرياض,صناعة المركبات ذات المحركات والمركبات المقطورة ونصف المقطورة,158,1808,962,846,3836,3820,16,5644,2024-4
3,منطقة الرياض,الطباعة واستنساخ وسائط الأعلام المسجّلة,589,1849,776,1073,3793,3743,50,5642,2024-7
3,منطقة الجوف,أنشطة خدمات الأطعمة والمشروبات,1530,681,367,314,4945,4910,35,5626,2024-7
2,منطقة الرياض,وكالات السفر ومشغّلو الجولات السياحية وخدمات الحجز والأنشطة المتصلة بها,729,2119,969,1150,3501,3397,104,5620,2024-4
1,المنطقة الشرقية,أنشطة العمل الاجتماعي، دون إقامة,466,4246,906,3340,1352,988,364,5598,2024-1
3,منطقة الرياض,وكالات السفر ومشغّلو الجولات السياحية وخدمات الحجز والأنشطة المتصلة بها,778,2053,911,1142,3495,3387,108,5548,2024-7
2,منطقة الرياض,صنع الحواسيب والمنتجات الإلكترونية والبصرية,174,2682,2458,224,2855,2689,166,5537,2024-4
3,منطقة تبوك,تجارة الجملة ، باستثناء المركبات ذات المحركات والدراجات النارية,1311,1225,583,642,4303,4274,29,5528,2024-7
1,منطقة المدينة المنورة,صُنع المواد الكيميائية والمنتجات الكيميائية,96,3565,3340,225,1956,1944,12,5521,2024-1
3,منطقة الرياض,صناعة المركبات ذات المحركات والمركبات المقطورة ونصف المقطورة,168,1884,1007,877,3633,3616,17,5517,2024-7
1,منطقة الرياض,وكالات السفر ومشغّلو الجولات السياحية وخدمات الحجز والأنشطة المتصلة بها,721,2113,978,1135,3393,3297,96,5506,2024-1
3,المنطقة الشرقية,الصناعة التحويلية الأخرى,217,1719,1248,471,3784,3750,34,5503,2024-7
3,منطقة القصيم,إصلاح أجهزة الحاسوب والسلع الشخصية والمنزلية,782,89,53,36,5408,5393,15,5497,2024-7
2,منطقة مكة المكرمة,صنع فحم الكوك والمنتجات النفطية المكررة,59,3310,3115,195,2146,2129,17,5456,2024-4
1,منطقة جازان,أنشطة الخدمات الشخصية الأخرى,2271,293,108,185,5144,4740,404,5437,2024-1
3,منطقة مكة المكرمة,صنع فحم الكوك والمنتجات النفطية المكررة,60,3270,3068,202,2152,2136,16,5422,2024-7
1,المنطقة الشرقية,أبحاث الإعلان والسوق,967,1926,1022,904,3476,3410,66,5402,2024-1
1,منطقة تبوك,أنشطة التشييد المتخصصة,1608,394,189,205,5003,4977,26,5397,2024-1
1,منطقة الرياض,صناعة المركبات ذات المحركات والمركبات المقطورة ونصف المقطورة,147,1702,931,771,3695,3682,13,5397,2024-1
2,منطقة الرياض,تجميع المياه ومعالجتها وتوصيلها,462,1332,795,537,4054,4012,42,5386,2024-4
2,منطقة تبوك,تجارة الجملة ، باستثناء المركبات ذات المحركات والدراجات النارية,1253,1195,570,625,4190,4162,28,5385,2024-4
2,منطقة الباحة,أنشطة خدمات الأطعمة والمشروبات,1176,910,564,346,4474,4443,31,5384,2024-4
2,منطقة الرياض,الطباعة واستنساخ وسائط الأعلام المسجّلة,488,1834,779,1055,3543,3502,41,5377,2024-4
1,منطقة نجران,النقل البري و النقل عبر الأنابيب,1342,434,227,207,4932,4922,10,5366,2024-1
2,المنطقة الشرقية,الصناعة التحويلية الأخرى,223,1686,1209,477,3669,3639,30,5355,2024-4
1,منطقة الباحة,أنشطة خدمات الأطعمة والمشروبات,1176,905,583,322,4448,4419,29,5353,2024-1
2,المنطقة الشرقية,أبحاث الإعلان والسوق,973,1880,982,898,3421,3349,72,5301,2024-4
1,منطقة مكة المكرمة,صنع فحم الكوك والمنتجات النفطية المكررة,56,3274,3079,195,2015,1999,16,5289,2024-1
1,المنطقة الشرقية,الصناعة التحويلية الأخرى,218,1675,1220,455,3604,3583,21,5279,2024-1
3,المنطقة الشرقية,أبحاث الإعلان والسوق,1009,1821,966,855,3431,3351,80,5252,2024-7
1,منطقة مكة المكرمة,أنشطة الأمن والتحقيقات,123,5062,4566,496,149,142,7,5211,2024-1
3,منطقة الباحة,أنشطة خدمات الأطعمة والمشروبات,1189,822,512,310,4382,4353,29,5204,2024-7
3,منطقة مكة المكرمة,إصلاح أجهزة الحاسوب والسلع الشخصية والمنزلية,1653,457,233,224,4734,4636,98,5191,2024-7
3,منطقة مكة المكرمة,أنشطة البرمجة الحاسوبية والخبرة الاستشارية وما يتصل بها من أنشطة,852,2075,1063,1012,3115,2931,184,5190,2024-7
2,منطقة الحدود الشمالية,أنشطة خدمات الأطعمة والمشروبات,1334,527,252,275,4661,4618,43,5188,2024-4
1,منطقة الحدود الشمالية,أنشطة خدمات الأطعمة والمشروبات,1330,522,245,277,4649,4613,36,5171,2024-1
3,منطقة الحدود الشمالية,أنشطة خدمات الأطعمة والمشروبات,1341,506,238,268,4652,4602,50,5158,2024-7
1,منطقة الرياض,الطباعة واستنساخ وسائط الأعلام المسجّلة,456,1784,781,1003,3365,3326,39,5149,2024-1
1,منطقة جازان,الصحة البشرية,201,1953,501,1452,3190,1490,1700,5143,2024-1
3,منطقة مكة المكرمة,صنع المعدات الكهربائية,207,1607,1103,504,3524,3421,103,5131,2024-7
2,منطقة جازان,الصحة البشرية,206,1961,503,1458,3170,1429,1741,5131,2024-4
2,منطقة حائل,أنشطة التشييد المتخصصة,1306,315,184,131,4814,4771,43,5129,2024-4
3,منطقة جازان,الصحة البشرية,211,1955,505,1450,3164,1414,1750,5119,2024-7
1,منطقة تبوك,تجارة الجملة ، باستثناء المركبات ذات المحركات والدراجات النارية,1176,1154,565,589,3887,3858,29,5041,2024-1
2,منطقة مكة المكرمة,أنشطة البرمجة الحاسوبية والخبرة الاستشارية وما يتصل بها من أنشطة,832,2037,1055,982,3003,2839,164,5040,2024-4
2,منطقة مكة المكرمة,صنع المعدات الكهربائية,203,1577,1079,498,3448,3345,103,5025,2024-4
1,المنطقة الشرقية,أنشطة الخدمات المالية ، فيما عدا تمويل التأمين وصناديق المعاشات,251,2977,1775,1202,2026,1965,61,5003,2024-1
3,المنطقة الشرقية,أنشطة الخدمات المالية ، فيما عدا تمويل التأمين وصناديق المعاشات,245,3005,1759,1246,1986,1919,67,4991,2024-7
2,المنطقة الشرقية,أنشطة الخدمات المالية ، فيما عدا تمويل التأمين وصناديق المعاشات,251,2936,1723,1213,2030,1967,63,4966,2024-4
2,منطقة مكة المكرمة,إصلاح أجهزة الحاسوب والسلع الشخصية والمنزلية,1617,429,228,201,4536,4442,94,4965,2024-4
3,منطقة حائل,تجارة الجملة ، باستثناء المركبات ذات المحركات والدراجات النارية,999,1448,684,764,3512,3492,20,4960,2024-7
1,منطقة مكة المكرمة,إصلاح أجهزة الحاسوب والسلع الشخصية والمنزلية,1590,452,235,217,4504,4422,82,4956,2024-1
1,منطقة مكة المكرمة,الصرف الصحي,143,797,598,199,4145,4138,7,4942,2024-1
2,منطقة حائل,تجارة الجملة ، باستثناء المركبات ذات المحركات والدراجات النارية,966,1498,726,772,3436,3413,23,4934,2024-4
1,منطقة الرياض,أنشطة إنتاج الأفلام والفيديو والبرامج التليفزيونية والتسجيلات الصوتية ونشر الموسيقى,405,2774,1644,1130,2158,1967,191,4932,2024-1
2,منطقة عسير,توصيل الكهرباء والغاز والبخار وتكييف الهواء,40,4325,4288,37,569,569,0,4894,2024-4
1,منطقة عسير,توصيل الكهرباء والغاز والبخار وتكييف الهواء,37,4341,4305,36,550,550,0,4891,2024-1
3,منطقة الرياض,الأنشطة المهنية والعلمية والتقنية الأخرى,876,2022,876,1146,2866,2541,325,4888,2024-7
3,منطقة مكة المكرمة,أنشطة الأمن والتحقيقات,115,4727,4337,390,155,147,8,4882,2024-7
1,منطقة مكة المكرمة,صناعة الآلات والمعدات غير المصنفة في موضع أخر,149,1478,1134,344,3397,3374,23,4875,2024-1
3,منطقة عسير,توصيل الكهرباء والغاز والبخار وتكييف الهواء,41,4287,4250,37,569,569,0,4856,2024-7
3,منطقة تبوك,أنشطة الخدمات الشخصية الأخرى,1855,328,148,180,4504,4153,351,4832,2024-7
1,منطقة مكة المكرمة,صنع المعدات الكهربائية,194,1537,1055,482,3288,3188,100,4825,2024-1
3,منطقة حائل,النقل البري و النقل عبر الأنابيب,1332,292,135,157,4449,4438,11,4741,2024-7
3,منطقة حائل,أنشطة التشييد المتخصصة,1369,292,175,117,4434,4391,43,4726,2024-7
1,منطقة مكة المكرمة,أنشطة البرمجة الحاسوبية والخبرة الاستشارية وما يتصل بها من أنشطة,833,1895,915,980,2830,2667,163,4725,2024-1
2,المنطقة الشرقية,أنشطة العمل الاجتماعي، دون إقامة,452,3393,773,2620,1326,964,362,4719,2024-4
3,المنطقة الشرقية,صناعة معدات النقل الأخرى,22,3135,2980,155,1557,1555,2,4692,2024-7
1,منطقة جازان,صنع منتجات المعادن اللافلزية الأخرى,247,1292,889,403,3388,3387,1,4680,2024-1
2,منطقة تبوك,أنشطة الخدمات الشخصية الأخرى,1821,291,112,179,4383,4068,315,4674,2024-4
2,منطقة جازان,صنع منتجات المعادن اللافلزية الأخرى,250,1263,860,403,3386,3384,2,4649,2024-4
2,منطقة الرياض,الأنشطة المهنية والعلمية والتقنية الأخرى,868,1889,819,1070,2759,2446,313,4648,2024-4
1,منطقة الرياض,صنع الحواسيب والمنتجات الإلكترونية والبصرية,158,2459,2226,233,2188,2126,62,4647,2024-1
3,منطقة الرياض,أنشطة إنتاج الأفلام والفيديو والبرامج التليفزيونية والتسجيلات الصوتية ونشر الموسيقى,458,2565,1494,1071,2031,1865,166,4596,2024-7
2,منطقة مكة المكرمة,أنشطة الأمن والتحقيقات,118,4441,4049,392,145,139,6,4586,2024-4
1,المنطقة الشرقية,إصلاح أجهزة الحاسوب والسلع الشخصية والمنزلية,1006,493,314,179,4023,4010,13,4516,2024-1
1,منطقة الرياض,الأنشطة المهنية والعلمية والتقنية الأخرى,845,1841,803,1038,2669,2368,301,4510,2024-1
2,المنطقة الشرقية,صناعة معدات النقل الأخرى,25,3056,2911,145,1425,1424,1,4481,2024-4
3,منطقة جازان,صنع منتجات المعادن اللافلزية الأخرى,254,1228,837,391,3237,3235,2,4465,2024-7
2,منطقة الرياض,أنشطة إنتاج الأفلام والفيديو والبرامج التليفزيونية والتسجيلات الصوتية ونشر الموسيقى,438,2519,1457,1062,1926,1778,148,4445,2024-4
2,منطقة عسير,صنع منتجات المعادن المشكلة ( باستثناء الآلات والمعدات ),1235,452,220,232,3920,3916,4,4372,2024-4
1,منطقة الرياض,تجميع المياه ومعالجتها وتوصيلها,424,1198,718,480,3165,3132,33,4363,2024-1
2,منطقة حائل,النقل البري و النقل عبر الأنابيب,1202,256,111,145,4104,4094,10,4360,2024-4
3,منطقة القصيم,التعليم,257,2555,913,1642,1789,1461,328,4344,2024-7
1,منطقة عسير,صنع منتجات المعادن المشكلة ( باستثناء الآلات والمعدات ),1242,452,229,223,3881,3877,4,4333,2024-1
3,منطقة مكة المكرمة,صُنع المنسوجات,495,974,531,443,3343,3302,41,4317,2024-7
3,منطقة الرياض,صنع الحواسيب والمنتجات الإلكترونية والبصرية,180,2350,2174,176,1957,1897,60,4307,2024-7
1,منطقة تبوك,أنشطة الخدمات الشخصية الأخرى,1702,263,101,162,4001,3700,301,4264,2024-1
3,منطقة نجران,الهندسة المدنية,99,808,608,200,3404,3399,5,4212,2024-7
3,منطقة عسير,صنع منتجات المعادن المشكلة ( باستثناء الآلات والمعدات ),1235,423,206,217,3780,3774,6,4203,2024-7
1,منطقة القصيم,التعليم,246,2532,900,1632,1667,1343,324,4199,2024-1
3,منطقة المدينة المنورة,صنع منتجات المعادن المشكلة ( باستثناء الآلات والمعدات ),787,668,370,298,3506,3496,10,4174,2024-7
1,المنطقة الشرقية,صناعة معدات النقل الأخرى,21,3040,2908,132,1124,1121,3,4164,2024-1
1,منطقة حائل,تجارة الجملة ، باستثناء المركبات ذات المحركات والدراجات النارية,947,992,472,520,3121,3102,19,4113,2024-1
2,منطقة المدينة المنورة,صنع منتجات المعادن المشكلة ( باستثناء الآلات والمعدات ),782,656,369,287,3455,3448,7,4111,2024-4
1,منطقة المدينة المنورة,صنع منتجات المعادن المشكلة ( باستثناء الآلات والمعدات ),789,653,372,281,3444,3437,7,4097,2024-1
2,منطقة مكة المكرمة,صُنع المنسوجات,472,903,537,366,3189,3155,34,4092,2024-4
2,منطقة مكة المكرمة,الأنشطة الأخرى للتعدين واستغلال المحاجر,265,1201,934,267,2873,2863,10,4074,2024-4
3,منطقة تبوك,النقل البري و النقل عبر الأنابيب,846,620,323,297,3437,3423,14,4057,2024-7
2,منطقة نجران,الهندسة المدنية,94,704,518,186,3349,3346,3,4053,2024-4
1,منطقة القصيم,الأنشطة الإيجارية,1113,505,381,124,3539,3515,24,4044,2024-1
1,منطقة المدينة المنورة,التخزين وأنشطة الدعم للنقل,363,1789,1340,449,2245,2231,14,4034,2024-1
2,منطقة جازان,النقل البري و النقل عبر الأنابيب,837,740,445,295,3275,3237,38,4015,2024-4
3,منطقة حائل,أنشطة زراعة المحاصيل والإنتاج الحيواني والصيد والخدمات المتصلة,1363,268,183,85,3743,3729,14,4011,2024-7
2,منطقة حائل,أنشطة زراعة المحاصيل والإنتاج الحيواني والصيد والخدمات المتصلة,1387,250,176,74,3724,3713,11,3974,2024-4
3,منطقة حائل,أنشطة الخدمات الشخصية الأخرى,1431,267,69,198,3679,3230,449,3946,2024-7
1,منطقة حائل,النقل البري و النقل عبر الأنابيب,1149,231,107,124,3702,3693,9,3933,2024-1
3,منطقة جازان,النقل البري و النقل عبر الأنابيب,897,496,280,216,3432,3389,43,3928,2024-7
3,المنطقة الشرقية,صنع الحواسيب والمنتجات الإلكترونية والبصرية,75,1116,793,323,2807,2802,5,3923,2024-7
3,منطقة الجوف,تجارة الجملة والتجزئة ، وإصلاح المركبات ذات المحركات والدراجات النارية,1281,382,242,140,3524,3489,35,3906,2024-7
2,منطقة حائل,أنشطة الخدمات الشخصية الأخرى,1416,290,73,217,3613,3176,437,3903,2024-4
2,منطقة تبوك,النقل البري و النقل عبر الأنابيب,828,616,313,303,3279,3268,11,3895,2024-4
3,منطقة عسير,التعليم,235,2206,767,1439,1665,1439,226,3871,2024-7
3,منطقة القصيم,إصلاح وتركيب الآلات والمعدات,593,568,396,172,3301,3118,183,3869,2024-7
1,منطقة جازان,النقل البري و النقل عبر الأنابيب,811,743,476,267,3123,3089,34,3866,2024-1
2,منطقة الجوف,تجارة الجملة والتجزئة ، وإصلاح المركبات ذات المحركات والدراجات النارية,1234,392,250,142,3461,3427,34,3853,2024-4
2,منطقة حائل,أنشطة تقديم الخدمات للمباني وتجميل المواقع,309,740,399,341,3106,3007,99,3846,2024-4
1,منطقة مكة المكرمة,صُنع المنسوجات,449,824,506,318,2988,2957,31,3812,2024-1
1,منطقة حائل,أنشطة تقديم الخدمات للمباني وتجميل المواقع,331,731,396,335,3081,3009,72,3812,2024-1
3,منطقة نجران,صنع منتجات المعادن اللافلزية الأخرى,250,1000,683,317,2811,2804,7,3811,2024-7
1,منطقة الجوف,تجارة الجملة والتجزئة ، وإصلاح المركبات ذات المحركات والدراجات النارية,1215,378,249,129,3398,3365,33,3776,2024-1
2,المنطقة الشرقية,إصلاح أجهزة الحاسوب والسلع الشخصية والمنزلية,1007,485,314,171,3258,3247,11,3743,2024-4
2,منطقة القصيم,إصلاح وتركيب الآلات والمعدات,497,571,407,164,3139,2927,212,3710,2024-4
1,منطقة حائل,أنشطة الخدمات الشخصية الأخرى,1380,294,78,216,3414,2977,437,3708,2024-1
3,منطقة المدينة المنورة,صُنع الملبوسات,1173,378,134,244,3313,3038,275,3691,2024-7
3,منطقة المدينة المنورة,الأنشطة الأخرى للتعدين واستغلال المحاجر,118,853,684,169,2804,2802,2,3657,2024-7
3,منطقة عسير,أنشطة زراعة المحاصيل والإنتاج الحيواني والصيد والخدمات المتصلة,1050,332,172,160,3290,3280,10,3622,2024-7
1,منطقة عسير,التعليم,228,2126,784,1342,1489,1307,182,3615,2024-1
1,منطقة المدينة المنورة,صُنع الملبوسات,1139,389,138,251,3216,2963,253,3605,2024-1
1,منطقة مكة المكرمة,الأنشطة الأخرى للتعدين واستغلال المحاجر,258,1033,763,270,2571,2563,8,3604,2024-1
3,منطقة جازان,صنع منتجات المعادن المشكلة ( باستثناء الآلات والمعدات ),918,158,96,62,3431,3424,7,3589,2024-7
2,منطقة المدينة المنورة,صُنع الملبوسات,1122,402,129,273,3182,2934,248,3584,2024-4
3,المنطقة الشرقية,أنشطة البرمجة الحاسوبية والخبرة الاستشارية وما يتصل بها من أنشطة,428,1663,891,772,1888,1818,70,3551,2024-7
2,منطقة جازان,صنع منتجات المعادن المشكلة ( باستثناء الآلات والمعدات ),903,138,88,50,3409,3405,4,3547,2024-4
1,المنطقة الشرقية,صناعة المركبات ذات المحركات والمركبات المقطورة ونصف المقطورة,71,1018,704,314,2526,2523,3,3544,2024-1
3,منطقة حائل,الصحة البشرية,158,1260,366,894,2280,1093,1187,3540,2024-7
1,منطقة نجران,صنع منتجات المعادن اللافلزية الأخرى,135,984,674,310,2551,2549,2,3535,2024-1
1,منطقة تبوك,النقل البري و النقل عبر الأنابيب,806,557,287,270,2968,2957,11,3525,2024-1
1,منطقة نجران,تجارة الجملة والتجزئة ، وإصلاح المركبات ذات المحركات والدراجات النارية,1062,356,217,139,3154,3144,10,3510,2024-1
2,منطقة نجران,تجارة الجملة والتجزئة ، وإصلاح المركبات ذات المحركات والدراجات النارية,1063,355,218,137,3148,3136,12,3503,2024-4
3,منطقة نجران,تجارة الجملة والتجزئة ، وإصلاح المركبات ذات المحركات والدراجات النارية,1102,348,200,148,3147,3136,11,3495,2024-7
1,منطقة القصيم,إصلاح وتركيب الآلات والمعدات,453,576,412,164,2919,2680,239,3495,2024-1
2,منطقة نجران,صنع منتجات المعادن اللافلزية الأخرى,136,967,651,316,2524,2520,4,3491,2024-4
2,منطقة القصيم,التعليم,248,1789,741,1048,1695,1379,316,3484,2024-4
1,منطقة جازان,صنع منتجات المعادن المشكلة ( باستثناء الآلات والمعدات ),899,146,82,64,3332,3329,3,3478,2024-1
2,المنطقة الشرقية,صناعة المركبات ذات المحركات والمركبات المقطورة ونصف المقطورة,69,992,699,293,2483,2480,3,3475,2024-4
3,المنطقة الشرقية,صناعة المركبات ذات المحركات والمركبات المقطورة ونصف المقطورة,70,986,700,286,2487,2484,3,3473,2024-7
3,المنطقة الشرقية,إصلاح أجهزة الحاسوب والسلع الشخصية والمنزلية,1006,374,249,125,3087,3078,9,3461,2024-7
3,منطقة القصيم,الأنشطة الإيجارية,1078,357,259,98,3103,3080,23,3460,2024-7
3,منطقة تبوك,التعليم,136,2057,811,1246,1399,1256,143,3456,2024-7
2,منطقة عسير,أنشطة زراعة المحاصيل والإنتاج الحيواني والصيد والخدمات المتصلة,1048,280,150,130,3173,3171,2,3453,2024-4
2,منطقة القصيم,الأنشطة الإيجارية,1087,362,271,91,3083,3060,23,3445,2024-4
2,منطقة حائل,الصحة البشرية,152,1223,367,856,2220,1086,1134,3443,2024-4
3,منطقة المدينة المنورة,التخزين وأنشطة الدعم للنقل,379,1106,800,306,2332,2313,19,3438,2024-7
3,منطقة حائل,صُنع المنتجات الغذائية,342,779,257,522,2653,2624,29,3432,2024-7
2,منطقة مكة المكرمة,صناعة الآلات والمعدات غير المصنفة في موضع أخر,149,963,625,338,2462,2446,16,3425,2024-4
1,منطقة عسير,أنشطة زراعة المحاصيل والإنتاج الحيواني والصيد والخدمات المتصلة,1062,323,165,158,3055,3043,12,3378,2024-1
3,منطقة مكة المكرمة,صناعة معدات النقل الأخرى,32,2410,2239,171,958,885,73,3368,2024-7
1,منطقة القصيم,صُنع المواد الكيميائية والمنتجات الكيميائية,62,861,590,271,2505,2503,2,3366,2024-1
2,منطقة المدينة المنورة,التخزين وأنشطة الدعم للنقل,365,1091,796,295,2272,2252,20,3363,2024-4
3,منطقة نجران,الأنشطة الأخرى للتعدين واستغلال المحاجر,38,614,293,321,2748,2741,7,3362,2024-7
2,منطقة المدينة المنورة,الأنشطة الأخرى للتعدين واستغلال المحاجر,104,789,637,152,2569,2569,0,3358,2024-4
3,المنطقة الشرقية,الأنشطة القانونية وأنشطة المحاسبة,545,2110,1252,858,1244,1194,50,3354,2024-7
2,المنطقة الشرقية,أنشطة البرمجة الحاسوبية والخبرة الاستشارية وما يتصل بها من أنشطة,423,1602,856,746,1743,1678,65,3345,2024-4
3,منطقة القصيم,صُنع المشروبات,33,1071,649,422,2270,2266,4,3341,2024-7
1,منطقة المدينة المنورة,صنع فحم الكوك والمنتجات النفطية المكررة,14,2315,2203,112,1024,1024,0,3339,2024-1
3,منطقة المدينة المنورة,صنع فحم الكوك والمنتجات النفطية المكررة,14,2307,2183,124,1022,1022,0,3329,2024-7
1,المنطقة الشرقية,صُنع المشروبات,70,862,470,392,2463,2455,8,3325,2024-1
3,منطقة عسير,صُنع المواد الكيميائية والمنتجات الكيميائية,66,928,659,269,2396,2387,9,3324,2024-7
2,منطقة حائل,صُنع المنتجات الغذائية,320,735,253,482,2586,2563,23,3321,2024-4
1,منطقة حائل,الصحة البشرية,140,1186,361,825,2133,1029,1104,3319,2024-1
2,منطقة تبوك,أنشطة زراعة المحاصيل والإنتاج الحيواني والصيد والخدمات المتصلة,779,337,227,110,2979,2976,3,3316,2024-4
2,منطقة المدينة المنورة,صنع فحم الكوك والمنتجات النفطية المكررة,15,2297,2189,108,1018,1018,0,3315,2024-4
3,منطقة مكة المكرمة,صيد الأسماك وتربية المائيات,252,303,248,55,3004,2991,13,3307,2024-7
1,منطقة نجران,تجارة الجملة ، باستثناء المركبات ذات المحركات والدراجات النارية,787,644,326,318,2648,2621,27,3292,2024-1
3,المنطقة الشرقية,صُنع المنسوجات,416,629,364,265,2659,2633,26,3288,2024-7
2,منطقة عسير,الأنشطة الإيجارية,1265,373,253,120,2915,2903,12,3288,2024-4
1,منطقة تبوك,أنشطة زراعة المحاصيل والإنتاج الحيواني والصيد والخدمات المتصلة,779,337,229,108,2943,2941,2,3280,2024-1
1,المنطقة الشرقية,أنشطة البرمجة الحاسوبية والخبرة الاستشارية وما يتصل بها من أنشطة,422,1557,815,742,1721,1664,57,3278,2024-1
2,منطقة المدينة المنورة,الأنشطة الإيجارية,934,564,440,124,2710,2697,13,3274,2024-4
1,منطقة القصيم,صُنع المشروبات,33,1002,563,439,2272,2270,2,3274,2024-1
2,المنطقة الشرقية,صُنع المشروبات,68,835,461,374,2438,2432,6,3273,2024-4
1,منطقة تبوك,التعليم,119,1951,775,1176,1314,1194,120,3265,2024-1
2,المنطقة الشرقية,صُنع المنسوجات,420,534,307,227,2727,2696,31,3261,2024-4
2,منطقة القصيم,صُنع المشروبات,32,1011,584,427,2228,2224,4,3239,2024-4
1,المنطقة الشرقية,صُنع المنسوجات,416,519,282,237,2717,2685,32,3236,2024-1
1,منطقة عسير,الأنشطة الإيجارية,1293,348,237,111,2879,2867,12,3227,2024-1
3,منطقة الجوف,تجارة الجملة ، باستثناء المركبات ذات المحركات والدراجات النارية,821,630,317,313,2588,2571,17,3218,2024-7
3,المنطقة الشرقية,صُنع المشروبات,64,817,454,363,2400,2394,6,3217,2024-7
3,منطقة المدينة المنورة,الأنشطة الإيجارية,911,572,452,120,2642,2628,14,3214,2024-7
2,منطقة عسير,التعليم,222,1772,682,1090,1441,1273,168,3213,2024-4
2,منطقة نجران,الأنشطة الإيجارية,1165,84,41,43,3118,3103,15,3202,2024-4
2,منطقة عسير,صُنع المواد الكيميائية والمنتجات الكيميائية,66,918,653,265,2279,2271,8,3197,2024-4
2,منطقة الجوف,تجارة الجملة ، باستثناء المركبات ذات المحركات والدراجات النارية,815,635,328,307,2562,2548,14,3197,2024-4
3,منطقة عسير,الأنشطة الإيجارية,1245,363,247,116,2833,2821,12,3196,2024-7
1,منطقة حائل,صُنع المنتجات الغذائية,313,722,244,478,2472,2453,19,3194,2024-1
1,المنطقة الشرقية,الأنشطة الرياضية وأنشطة التسلية والترفيه,512,1139,351,788,2051,1740,311,3190,2024-1
1,منطقة المدينة المنورة,الأنشطة الإيجارية,959,499,374,125,2687,2673,14,3186,2024-1
1,منطقة نجران,الأنشطة الإيجارية,1187,76,35,41,3103,3088,15,3179,2024-1
3,منطقة مكة المكرمة,صناعة الآلات والمعدات غير المصنفة في موضع أخر,144,884,589,295,2294,2268,26,3178,2024-7
1,المنطقة الشرقية,الأنشطة القانونية وأنشطة المحاسبة,517,1991,1195,796,1183,1141,42,3174,2024-1
1,منطقة عسير,صُنع المواد الكيميائية والمنتجات الكيميائية,69,900,645,255,2274,2264,10,3174,2024-1
2,منطقة مكة المكرمة,صناعة معدات النقل الأخرى,33,2230,2074,156,944,870,74,3174,2024-4
2,المنطقة الشرقية,الأنشطة القانونية وأنشطة المحاسبة,525,1964,1173,791,1197,1152,45,3161,2024-4
3,منطقة حائل,أنشطة تقديم الخدمات للمباني وتجميل المواقع,317,405,227,178,2749,2662,87,3154,2024-7
1,منطقة الجوف,تجارة الجملة ، باستثناء المركبات ذات المحركات والدراجات النارية,817,631,333,298,2521,2510,11,3152,2024-1
2,منطقة مكة المكرمة,صيد الأسماك وتربية المائيات,240,299,254,45,2852,2843,9,3151,2024-4
3,منطقة تبوك,صنع منتجات المعادن اللافلزية الأخرى,102,853,617,236,2293,2290,3,3146,2024-7
3,منطقة تبوك,أنشطة زراعة المحاصيل والإنتاج الحيواني والصيد والخدمات المتصلة,759,307,217,90,2838,2833,5,3145,2024-7
3,منطقة عسير,صُنع الملبوسات,1108,257,101,156,2872,2688,184,3129,2024-7
3,منطقة نجران,الأنشطة الإيجارية,1146,77,44,33,3051,3035,16,3128,2024-7
2,منطقة القصيم,صُنع المواد الكيميائية والمنتجات الكيميائية,64,717,404,313,2391,2309,82,3108,2024-4
2,منطقة عسير,صُنع الملبوسات,1098,285,97,188,2822,2631,191,3107,2024-4
3,منطقة نجران,تجارة الجملة ، باستثناء المركبات ذات المحركات والدراجات النارية,822,536,261,275,2557,2533,24,3093,2024-7
3,منطقة الرياض,صنع فحم الكوك والمنتجات النفطية المكررة,113,1080,636,444,2009,1993,16,3089,2024-7
1,منطقة عسير,صُنع الملبوسات,1093,267,103,164,2811,2625,186,3078,2024-1
2,منطقة نجران,تجارة الجملة ، باستثناء المركبات ذات المحركات والدراجات النارية,795,506,248,258,2570,2547,23,3076,2024-4
3,منطقة مكة المكرمة,الطباعة واستنساخ وسائط الأعلام المسجّلة,382,883,452,431,2192,2161,31,3075,2024-7
1,المنطقة الشرقية,تجميع المياه ومعالجتها وتوصيلها,160,1230,1054,176,1841,1838,3,3071,2024-1
3,المنطقة الشرقية,تجميع المياه ومعالجتها وتوصيلها,169,1233,1043,190,1833,1828,5,3066,2024-7
1,منطقة مكة المكرمة,صيد الأسماك وتربية المائيات,224,296,251,45,2752,2745,7,3048,2024-1
3,منطقة الرياض,صيد الأسماك وتربية المائيات,857,209,139,70,2826,2797,29,3035,2024-7
3,منطقة تبوك,الصحة البشرية,111,1194,343,851,1836,983,853,3030,2024-7
2,منطقة تبوك,صنع منتجات المعادن اللافلزية الأخرى,101,877,634,243,2150,2148,2,3027,2024-4
2,منطقة تبوك,الصحة البشرية,111,1192,342,850,1817,983,834,3009,2024-4
2,المنطقة الشرقية,الأنشطة الرياضية وأنشطة التسلية والترفيه,504,1041,331,710,1957,1663,294,2998,2024-4
3,المنطقة الشرقية,الأنشطة الرياضية وأنشطة التسلية والترفيه,501,1039,326,713,1957,1673,284,2996,2024-7
2,منطقة تبوك,التعليم,125,1667,739,928,1321,1197,124,2988,2024-4
1,منطقة المدينة المنورة,الأنشطة الأخرى للتعدين واستغلال المحاجر,103,704,573,131,2282,2281,1,2986,2024-1
2,المنطقة الشرقية,تجميع المياه ومعالجتها وتوصيلها,160,1208,1030,178,1735,1731,4,2943,2024-4
2,منطقة الرياض,صيد الأسماك وتربية المائيات,820,197,123,74,2735,2709,26,2932,2024-4
3,منطقة القصيم,التخزين وأنشطة الدعم للنقل,389,381,214,167,2525,2514,11,2906,2024-7
1,منطقة الجوف,النقل البري و النقل عبر الأنابيب,706,313,171,142,2588,2584,4,2901,2024-1
2,منطقة مكة المكرمة,الطباعة واستنساخ وسائط الأعلام المسجّلة,362,807,387,420,2070,2042,28,2877,2024-4
1,منطقة الرياض,صيد الأسماك وتربية المائيات,792,222,130,92,2647,2625,22,2869,2024-1
3,منطقة تبوك,صُنع المنتجات الغذائية,323,578,209,369,2284,2276,8,2862,2024-7
1,منطقة تبوك,الصحة البشرية,108,1127,324,803,1726,926,800,2853,2024-1
1,منطقة القصيم,صنع الأثاث,303,494,269,225,2354,2350,4,2848,2024-1
3,منطقة المدينة المنورة,أنشطة المعمارية والهندسية ، والاختبارات الفنية والتحليل,272,941,552,389,1899,1878,21,2840,2024-7
2,منطقة الرياض,صنع فحم الكوك والمنتجات النفطية المكررة,110,957,541,416,1869,1853,16,2826,2024-4
2,منطقة الجوف,النقل البري و النقل عبر الأنابيب,694,316,177,139,2499,2495,4,2815,2024-4
1,منطقة نجران,الهندسة المدنية,97,511,289,222,2301,2297,4,2812,2024-1
1,منطقة تبوك,صنع منتجات المعادن اللافلزية الأخرى,97,863,633,230,1941,1940,1,2804,2024-1
2,منطقة المدينة المنورة,أنشطة المعمارية والهندسية ، والاختبارات الفنية والتحليل,269,957,558,399,1845,1827,18,2802,2024-4
3,منطقة نجران,الصحة البشرية,108,874,404,470,1923,1031,892,2797,2024-7
2,منطقة القصيم,صنع الأثاث,312,474,263,211,2308,2301,7,2782,2024-4
2,منطقة تبوك,صُنع المنتجات الغذائية,298,532,196,336,2249,2243,6,2781,2024-4
1,منطقة الجوف,أنشطة التشييد المتخصصة,796,241,159,82,2530,2508,22,2771,2024-1
3,منطقة الرياض,الإدارة العامة والدفاع ؛ والضمان الاجتماعي الإلزامي,192,2193,1463,730,577,534,43,2770,2024-7
1,منطقة المدينة المنورة,أنشطة المعمارية والهندسية ، والاختبارات الفنية والتحليل,269,943,544,399,1812,1800,12,2755,2024-1
2,منطقة القصيم,التخزين وأنشطة الدعم للنقل,339,358,207,151,2395,2387,8,2753,2024-4
2,منطقة القصيم,صُنع الملبوسات,875,296,161,135,2456,2294,162,2752,2024-4
3,منطقة القصيم,صُنع الملبوسات,879,266,142,124,2474,2321,153,2740,2024-7
2,منطقة عسير,الإقامة,536,818,392,426,1915,1881,34,2733,2024-4
1,منطقة مكة المكرمة,صناعة معدات النقل الأخرى,31,1857,1738,119,866,795,71,2723,2024-1
1,منطقة جازان,الأنشطة الإيجارية,1054,146,111,35,2559,2544,15,2705,2024-1
2,منطقة جازان,الأنشطة الإيجارية,1029,162,124,38,2543,2528,15,2705,2024-4
2,منطقة حائل,الأنشطة الإيجارية,880,111,67,44,2589,2575,14,2700,2024-4
3,منطقة الجوف,النقل البري و النقل عبر الأنابيب,698,289,158,131,2406,2401,5,2695,2024-7
3,منطقة جازان,الأنشطة الإيجارية,1018,173,129,44,2512,2498,14,2685,2024-7
3,منطقة عسير,الإقامة,538,782,381,401,1897,1865,32,2679,2024-7
2,منطقة نجران,الصحة البشرية,104,828,391,437,1847,983,864,2675,2024-4
3,منطقة القصيم,صنع الأثاث,302,455,251,204,2215,2206,9,2670,2024-7
2,منطقة نجران,الصرف الصحي,12,482,255,227,2182,2181,1,2664,2024-4
2,منطقة الجوف,أنشطة التشييد المتخصصة,787,213,129,84,2448,2435,13,2661,2024-4
3,منطقة الرياض,أنشطة خدمات دعم التعدين,144,1170,837,333,1489,1472,17,2659,2024-7
3,منطقة حائل,الأنشطة الإيجارية,871,82,57,25,2575,2560,15,2657,2024-7
1,منطقة عسير,الإقامة,526,797,387,410,1859,1828,31,2656,2024-1
1,منطقة الرياض,الإدارة العامة والدفاع ؛ والضمان الاجتماعي الإلزامي,190,2007,1317,690,649,604,45,2656,2024-1
1,منطقة نجران,الصحة البشرية,104,807,378,429,1846,1022,824,2653,2024-1
2,منطقة الرياض,الإدارة العامة والدفاع ؛ والضمان الاجتماعي الإلزامي,187,2031,1340,691,622,578,44,2653,2024-4
3,منطقة نجران,التخزين وأنشطة الدعم للنقل,870,147,66,81,2495,2485,10,2642,2024-7
2,منطقة نجران,أنشطة الخدمات الشخصية الأخرى,1055,145,45,100,2497,2260,237,2642,2024-4
3,منطقة نجران,أنشطة الخدمات الشخصية الأخرى,1072,126,34,92,2515,2271,244,2641,2024-7
1,منطقة حائل,الأنشطة الإيجارية,892,92,60,32,2547,2532,15,2639,2024-1
1,منطقة المدينة المنورة,أنشطة العمل الاجتماعي، دون إقامة,261,1932,866,1066,703,570,133,2635,2024-1
1,منطقة القصيم,صُنع الملبوسات,872,270,155,115,2353,2203,150,2623,2024-1
3,منطقة الحدود الشمالية,تجارة الجملة والتجزئة ، وإصلاح المركبات ذات المحركات والدراجات النارية,849,248,148,100,2340,2333,7,2588,2024-7
3,منطقة الجوف,أنشطة التشييد المتخصصة,773,201,134,67,2374,2361,13,2575,2024-7
1,منطقة نجران,الصرف الصحي,10,450,261,189,2120,2120,0,2570,2024-1
2,منطقة الحدود الشمالية,تجارة الجملة والتجزئة ، وإصلاح المركبات ذات المحركات والدراجات النارية,848,229,131,98,2332,2328,4,2561,2024-4
1,منطقة مكة المكرمة,الطباعة واستنساخ وسائط الأعلام المسجّلة,341,723,322,401,1834,1808,26,2557,2024-1
3,منطقة المدينة المنورة,أنشطة العمل الاجتماعي، دون إقامة,250,1873,786,1087,680,531,149,2553,2024-7
1,منطقة الرياض,صنع فحم الكوك والمنتجات النفطية المكررة,100,892,489,403,1651,1635,16,2543,2024-1
2,منطقة عسير,صنع الأثاث,634,320,149,171,2221,2218,3,2541,2024-4
1,منطقة الجوف,أنشطة زراعة المحاصيل والإنتاج الحيواني والصيد والخدمات المتصلة,733,288,220,68,2246,2239,7,2534,2024-1
1,منطقة القصيم,التخزين وأنشطة الدعم للنقل,309,346,182,164,2179,2172,7,2525,2024-1
1,منطقة نجران,أنشطة الخدمات الشخصية الأخرى,1024,133,41,92,2382,2173,209,2515,2024-1
2,منطقة نجران,التخزين وأنشطة الدعم للنقل,797,103,57,46,2405,2395,10,2508,2024-4
2,المنطقة الشرقية,الطباعة واستنساخ وسائط الأعلام المسجّلة,174,947,546,401,1561,1552,9,2508,2024-4
3,المنطقة الشرقية,الطباعة واستنساخ وسائط الأعلام المسجّلة,169,915,533,382,1581,1572,9,2496,2024-7
1,منطقة القصيم,أنشطة العمل الاجتماعي، دون إقامة,220,1683,702,981,806,706,100,2489,2024-1
3,منطقة جازان,صُنع المنتجات الغذائية,397,457,230,227,2024,2010,14,2481,2024-7
1,منطقة عسير,صنع الأثاث,640,307,153,154,2161,2159,2,2468,2024-1
1,منطقة الحدود الشمالية,تجارة الجملة والتجزئة ، وإصلاح المركبات ذات المحركات والدراجات النارية,832,223,140,83,2232,2228,4,2455,2024-1
3,منطقة عسير,صنع الأثاث,633,270,128,142,2161,2158,3,2431,2024-7
1,منطقة الرياض,صناعة معدات النقل الأخرى,93,1031,886,145,1394,1386,8,2425,2024-1
1,منطقة جازان,صُنع المنتجات الغذائية,378,409,197,212,2013,1999,14,2422,2024-1
3,المنطقة الشرقية,أنشطة المكاتب الرئيسية، والأنشطة الاستشارية في مجال الإدارة,218,993,591,402,1420,1365,55,2413,2024-7
2,منطقة الرياض,أنشطة خدمات دعم التعدين,118,1077,772,305,1335,1317,18,2412,2024-4
1,منطقة تبوك,صُنع المنتجات الغذائية,276,454,172,282,1953,1951,2,2407,2024-1
2,منطقة الرياض,صناعة معدات النقل الأخرى,92,1011,900,111,1394,1388,6,2405,2024-4
3,منطقة الباحة,تجارة الجملة والتجزئة ، وإصلاح المركبات ذات المحركات والدراجات النارية,833,259,192,67,2139,2134,5,2398,2024-7
2,منطقة الباحة,تجارة الجملة والتجزئة ، وإصلاح المركبات ذات المحركات والدراجات النارية,826,261,193,68,2136,2133,3,2397,2024-4
2,المنطقة الشرقية,أنشطة المكاتب الرئيسية، والأنشطة الاستشارية في مجال الإدارة,216,1000,610,390,1383,1336,47,2383,2024-4
1,المنطقة الشرقية,الطباعة واستنساخ وسائط الأعلام المسجّلة,170,891,517,374,1476,1467,9,2367,2024-1
2,منطقة جازان,صُنع المنتجات الغذائية,377,404,197,207,1961,1947,14,2365,2024-4
3,منطقة المدينة المنورة,أنشطة زراعة المحاصيل والإنتاج الحيواني والصيد والخدمات المتصلة,824,251,142,109,2101,2094,7,2352,2024-7
2,منطقة الجوف,أنشطة الخدمات الشخصية الأخرى,932,126,55,71,2223,2030,193,2349,2024-4
2,منطقة المدينة المنورة,أنشطة العمل الاجتماعي، دون إقامة,239,1667,782,885,674,537,137,2341,2024-4
3,منطقة الجوف,أنشطة الخدمات الشخصية الأخرى,939,118,53,65,2222,2028,194,2340,2024-7
3,منطقة تبوك,الإقامة,189,807,434,373,1512,1369,143,2319,2024-7
2,منطقة الجوف,أنشطة زراعة المحاصيل والإنتاج الحيواني والصيد والخدمات المتصلة,730,185,141,44,2114,2107,7,2299,2024-4
1,منطقة الباحة,تجارة الجملة والتجزئة ، وإصلاح المركبات ذات المحركات والدراجات النارية,819,240,187,53,2058,2058,0,2298,2024-1
2,منطقة الباحة,أنشطة التشييد المتخصصة,615,177,106,71,2119,2098,21,2296,2024-4
3,منطقة الحدود الشمالية,أنشطة تقديم الخدمات للمباني وتجميل المواقع,65,428,255,173,1867,1349,518,2295,2024-7
2,منطقة المدينة المنورة,أنشطة زراعة المحاصيل والإنتاج الحيواني والصيد والخدمات المتصلة,830,236,135,101,2057,2048,9,2293,2024-4
3,منطقة الجوف,أنشطة زراعة المحاصيل والإنتاج الحيواني والصيد والخدمات المتصلة,721,200,143,57,2091,2082,9,2291,2024-7
3,منطقة حائل,صنع منتجات المعادن اللافلزية الأخرى,215,582,417,165,1705,1702,3,2287,2024-7
1,منطقة تبوك,أنشطة تقديم الخدمات للمباني وتجميل المواقع,294,362,175,187,1910,1894,16,2272,2024-1
1,منطقة الجوف,أنشطة الخدمات الشخصية الأخرى,919,130,60,70,2133,1962,171,2263,2024-1
2,منطقة تبوك,الهندسة المدنية,133,407,160,247,1845,1840,5,2252,2024-4
2,منطقة تبوك,صُنع الملبوسات,819,99,41,58,2149,2092,57,2248,2024-4
3,منطقة القصيم,صُنع المواد الكيميائية والمنتجات الكيميائية,62,640,389,251,1606,1604,2,2246,2024-7
3,منطقة الباحة,أنشطة التشييد المتخصصة,612,159,93,66,2085,2058,27,2244,2024-7
2,المنطقة الشرقية,صنع الحواسيب والمنتجات الإلكترونية والبصرية,79,649,396,253,1592,1586,6,2241,2024-4
1,منطقة مكة المكرمة,تمويل التأمين وإعادة التأمين وصناديق المعاشات التقاعدية باستثناء الضمان الاجتماعي الإلزامي,24,1611,849,762,628,552,76,2239,2024-1
1,منطقة مكة المكرمة,الأنشطة المساعدة لأنشطة الخدمات المالية وأنشطة التأمين,141,1651,1058,593,582,560,22,2233,2024-1
1,منطقة المدينة المنورة,أنشطة زراعة المحاصيل والإنتاج الحيواني والصيد والخدمات المتصلة,835,224,138,86,2009,1999,10,2233,2024-1
2,منطقة مكة المكرمة,تمويل التأمين وإعادة التأمين وصناديق المعاشات التقاعدية باستثناء الضمان الاجتماعي الإلزامي,23,1658,864,794,568,492,76,2226,2024-4
1,منطقة نجران,التخزين وأنشطة الدعم للنقل,753,91,40,51,2134,2127,7,2225,2024-1
3,منطقة تبوك,صُنع الملبوسات,829,79,28,51,2143,2083,60,2222,2024-7
2,منطقة حائل,صنع منتجات المعادن اللافلزية الأخرى,167,605,429,176,1611,1610,1,2216,2024-4
1,منطقة حائل,صنع منتجات المعادن اللافلزية الأخرى,171,549,409,140,1659,1658,1,2208,2024-1
1,منطقة الباحة,أنشطة التشييد المتخصصة,622,172,104,68,2032,2027,5,2204,2024-1
1,منطقة تبوك,صُنع الملبوسات,804,91,37,54,2111,2063,48,2202,2024-1
3,منطقة مكة المكرمة,أنشطة المكاتب الرئيسية، والأنشطة الاستشارية في مجال الإدارة,398,918,481,437,1277,1190,87,2195,2024-7
3,منطقة القصيم,أنشطة العمل الاجتماعي، دون إقامة,230,1544,644,900,651,597,54,2195,2024-7
3,منطقة مكة المكرمة,الأنشطة المساعدة لأنشطة الخدمات المالية وأنشطة التأمين,136,1692,1080,612,501,479,22,2193,2024-7
3,منطقة مكة المكرمة,تمويل التأمين وإعادة التأمين وصناديق المعاشات التقاعدية باستثناء الضمان الاجتماعي الإلزامي,22,1641,831,810,549,473,76,2190,2024-7
2,منطقة مكة المكرمة,الأنشطة المساعدة لأنشطة الخدمات المالية وأنشطة التأمين,134,1669,1071,598,513,491,22,2182,2024-4
3,منطقة الرياض,صناعة معدات النقل الأخرى,85,1013,905,108,1169,1164,5,2182,2024-7
3,منطقة حائل,الهندسة المدنية,124,355,238,117,1825,1816,9,2180,2024-7
2,منطقة تبوك,الإقامة,179,752,398,354,1412,1297,115,2164,2024-4
1,المنطقة الشرقية,أنشطة المكاتب الرئيسية، والأنشطة الاستشارية في مجال الإدارة,206,935,565,370,1222,1182,40,2157,2024-1
3,منطقة نجران,أنشطة زراعة المحاصيل والإنتاج الحيواني والصيد والخدمات المتصلة,670,265,160,105,1879,1869,10,2144,2024-7
2,منطقة حائل,الهندسة المدنية,126,349,241,108,1791,1782,9,2140,2024-4
1,المنطقة الشرقية,صنع الحواسيب والمنتجات الإلكترونية والبصرية,84,636,388,248,1497,1491,6,2133,2024-1
2,منطقة مكة المكرمة,أنشطة المكاتب الرئيسية، والأنشطة الاستشارية في مجال الإدارة,391,915,490,425,1216,1134,82,2131,2024-4
2,منطقة مكة المكرمة,صناعة المركبات ذات المحركات والمركبات المقطورة ونصف المقطورة,75,623,397,226,1507,1504,3,2130,2024-4
2,المنطقة الشرقية,وكالات السفر ومشغّلو الجولات السياحية وخدمات الحجز والأنشطة المتصلة بها,299,782,343,439,1340,1311,29,2122,2024-4
1,منطقة حائل,الهندسة المدنية,119,356,240,116,1757,1750,7,2113,2024-1
1,منطقة تبوك,الهندسة المدنية,118,377,161,216,1735,1732,3,2112,2024-1
3,منطقة عسير,التخزين وأنشطة الدعم للنقل,314,429,281,148,1679,1677,2,2108,2024-7
2,منطقة المدينة المنورة,صنع منتجات المطاط واللدائن,81,515,277,238,1582,1562,20,2097,2024-4
2,منطقة القصيم,الأنشطة العقارية,250,561,293,268,1533,1524,9,2094,2024-4
2,منطقة الحدود الشمالية,أنشطة تقديم الخدمات للمباني وتجميل المواقع,70,415,251,164,1673,1224,449,2088,2024-4
3,منطقة مكة المكرمة,الأنشطة المهنية والعلمية والتقنية الأخرى,530,636,284,352,1438,1251,187,2074,2024-7
3,منطقة المدينة المنورة,صنع منتجات المطاط واللدائن,86,510,272,238,1558,1541,17,2068,2024-7
3,منطقة الحدود الشمالية,أنشطة التشييد المتخصصة,599,148,96,52,1906,1901,5,2054,2024-7
2,منطقة القصيم,أنشطة العمل الاجتماعي، دون إقامة,220,1426,633,793,626,572,54,2052,2024-4
2,منطقة تبوك,أنشطة تقديم الخدمات للمباني وتجميل المواقع,298,279,157,122,1760,1738,22,2039,2024-4
1,المنطقة الشرقية,وكالات السفر ومشغّلو الجولات السياحية وخدمات الحجز والأنشطة المتصلة بها,297,765,345,420,1269,1253,16,2034,2024-1
1,منطقة القصيم,الأنشطة العقارية,245,576,313,263,1457,1447,10,2033,2024-1
3,منطقة القصيم,الأنشطة العقارية,261,541,284,257,1492,1483,9,2033,2024-7
1,منطقة مكة المكرمة,صناعة المركبات ذات المحركات والمركبات المقطورة ونصف المقطورة,73,633,420,213,1397,1394,3,2030,2024-1
3,المنطقة الشرقية,وكالات السفر ومشغّلو الجولات السياحية وخدمات الحجز والأنشطة المتصلة بها,303,728,304,424,1292,1261,31,2020,2024-7
3,منطقة تبوك,أنشطة تقديم الخدمات للمباني وتجميل المواقع,292,290,166,124,1727,1703,24,2017,2024-7
3,منطقة مكة المكرمة,صناعة المركبات ذات المحركات والمركبات المقطورة ونصف المقطورة,75,599,377,222,1416,1414,2,2015,2024-7
2,منطقة الحدود الشمالية,أنشطة التشييد المتخصصة,567,147,89,58,1868,1864,4,2015,2024-4
1,منطقة المدينة المنورة,صنع منتجات المطاط واللدائن,79,488,276,212,1515,1498,17,2003,2024-1
1,منطقة مكة المكرمة,الأنشطة المهنية والعلمية والتقنية الأخرى,519,580,256,324,1418,1237,181,1998,2024-1
1,منطقة مكة المكرمة,أنشطة المكاتب الرئيسية، والأنشطة الاستشارية في مجال الإدارة,368,852,459,393,1142,1068,74,1994,2024-1
2,منطقة مكة المكرمة,الأنشطة المهنية والعلمية والتقنية الأخرى,511,578,255,323,1412,1234,178,1990,2024-4
1,منطقة الباحة,تجارة الجملة ، باستثناء المركبات ذات المحركات والدراجات النارية,470,466,303,163,1513,1508,5,1979,2024-1
3,منطقة مكة المكرمة,البحث والتطوير في المجال العلمي,64,1635,1526,109,331,315,16,1966,2024-7
1,منطقة الحدود الشمالية,أنشطة التشييد المتخصصة,562,125,83,42,1820,1813,7,1945,2024-1
2,منطقة عسير,التخزين وأنشطة الدعم للنقل,292,381,242,139,1560,1557,3,1941,2024-4
2,منطقة الباحة,تجارة الجملة ، باستثناء المركبات ذات المحركات والدراجات النارية,467,438,265,173,1478,1474,4,1916,2024-4
2,منطقة مكة المكرمة,البحث والتطوير في المجال العلمي,63,1578,1470,108,327,310,17,1905,2024-4
1,منطقة مكة المكرمة,البحث والتطوير في المجال العلمي,70,1560,1454,106,333,315,18,1893,2024-1
1,منطقة الرياض,أنشطة خدمات دعم التعدين,97,1061,771,290,807,797,10,1868,2024-1
1,منطقة الرياض,صُنع المنتجات الجلدية والمنتجات ذات الصلة,115,324,80,244,1538,1531,7,1862,2024-1
3,منطقة الجوف,التعليم,102,1078,393,685,777,699,78,1855,2024-7
3,منطقة الباحة,تجارة الجملة ، باستثناء المركبات ذات المحركات والدراجات النارية,461,436,259,177,1418,1411,7,1854,2024-7
3,المنطقة الشرقية,النقل المائي,81,1067,767,300,786,765,21,1853,2024-7
2,منطقة القصيم,أنشطة المعمارية والهندسية ، والاختبارات الفنية والتحليل,289,618,392,226,1216,1207,9,1834,2024-4
3,منطقة الحدود الشمالية,أنشطة الخدمات الشخصية الأخرى,721,98,29,69,1733,1572,161,1831,2024-7
2,منطقة المدينة المنورة,صُنع المشروبات,39,486,191,295,1342,1339,3,1828,2024-4
3,منطقة مكة المكرمة,أنشطة المنظمات ذات العضوية,355,909,532,377,910,865,45,1819,2024-7
1,منطقة مكة المكرمة,أنشطة خدمات المعلومات,158,821,381,440,995,938,57,1816,2024-1
1,منطقة عسير,التخزين وأنشطة الدعم للنقل,279,361,247,114,1447,1442,5,1808,2024-1
2,منطقة الحدود الشمالية,أنشطة الخدمات الشخصية الأخرى,714,90,23,67,1711,1543,168,1801,2024-4
2,منطقة القصيم,صُنع الخشب ومنتجات الخشب والفلين ، باستثناء الأثاث ، صُنع أصناف من القش ومواد الضفر,316,239,110,129,1561,1560,1,1800,2024-4
3,منطقة القصيم,صُنع الخشب ومنتجات الخشب والفلين ، باستثناء الأثاث ، صُنع أصناف من القش ومواد الضفر,309,290,131,159,1506,1505,1,1796,2024-7
1,منطقة الحدود الشمالية,أنشطة تقديم الخدمات للمباني وتجميل المواقع,72,421,245,176,1371,1017,354,1792,2024-1
1,منطقة المدينة المنورة,صُنع المشروبات,39,481,200,281,1311,1310,1,1792,2024-1
3,منطقة الحدود الشمالية,النقل البري و النقل عبر الأنابيب,409,226,102,124,1562,1560,2,1788,2024-7
3,منطقة مكة المكرمة,أنشطة خدمات دعم التعدين,83,501,287,214,1283,1274,9,1784,2024-7
3,منطقة جازان,التعليم,147,1136,292,844,645,497,148,1781,2024-7
2,منطقة مكة المكرمة,أنشطة خدمات المعلومات,151,810,375,435,971,915,56,1781,2024-4
1,منطقة الباحة,أنشطة تقديم الخدمات للمباني وتجميل المواقع,54,234,97,137,1545,1494,51,1779,2024-1
3,منطقة القصيم,أنشطة المعمارية والهندسية ، والاختبارات الفنية والتحليل,287,578,372,206,1197,1188,9,1775,2024-7
1,منطقة الحدود الشمالية,أنشطة الخدمات الشخصية الأخرى,701,105,31,74,1665,1505,160,1770,2024-1
2,منطقة الرياض,صُنع المنتجات الجلدية والمنتجات ذات الصلة,115,290,72,218,1476,1468,8,1766,2024-4
3,منطقة مكة المكرمة,صنع المنتجات الصيدلانية الأساسية والمستحضرات الصيدلانية,82,703,421,282,1063,1019,44,1766,2024-7
3,منطقة جازان,صُنع الملبوسات,688,130,39,91,1636,1503,133,1766,2024-7
1,منطقة القصيم,أنشطة المعمارية والهندسية ، والاختبارات الفنية والتحليل,281,630,409,221,1129,1124,5,1759,2024-1
2,منطقة جازان,صُنع الملبوسات,679,131,44,87,1628,1489,139,1759,2024-4
1,منطقة القصيم,صُنع الخشب ومنتجات الخشب والفلين ، باستثناء الأثاث ، صُنع أصناف من القش ومواد الضفر,311,272,115,157,1485,1484,1,1757,2024-1
1,منطقة جازان,الهندسة المدنية,149,259,172,87,1497,1496,1,1756,2024-1
1,منطقة الجوف,التعليم,104,982,398,584,771,690,81,1753,2024-1
2,منطقة نجران,أنشطة زراعة المحاصيل والإنتاج الحيواني والصيد والخدمات المتصلة,667,188,98,90,1561,1552,9,1749,2024-4
3,منطقة مكة المكرمة,أنشطة خدمات المعلومات,148,830,376,454,917,859,58,1747,2024-7
2,منطقة الحدود الشمالية,تجارة الجملة ، باستثناء المركبات ذات المحركات والدراجات النارية,499,278,139,139,1461,1452,9,1739,2024-4
2,منطقة مكة المكرمة,صنع المنتجات الصيدلانية الأساسية والمستحضرات الصيدلانية,84,671,407,264,1062,1019,43,1733,2024-4
2,المنطقة الشرقية,النقل المائي,76,1034,769,265,698,681,17,1732,2024-4
1,منطقة مكة المكرمة,أنشطة خدمات دعم التعدين,58,555,338,217,1174,1167,7,1729,2024-1
1,المنطقة الشرقية,النقل المائي,78,1034,778,256,694,676,18,1728,2024-1
1,منطقة عسير,أنشطة العمل الاجتماعي، دون إقامة,199,1253,608,645,472,409,63,1725,2024-1
3,منطقة الحدود الشمالية,تجارة الجملة ، باستثناء المركبات ذات المحركات والدراجات النارية,502,248,130,118,1476,1469,7,1724,2024-7
3,منطقة تبوك,الهندسة المدنية,146,288,139,149,1434,1429,5,1722,2024-7
3,منطقة عسير,أنشطة العمل الاجتماعي، دون إقامة,201,1213,596,617,509,440,69,1722,2024-7
3,منطقة الرياض,صُنع المنتجات الجلدية والمنتجات ذات الصلة,118,284,77,207,1433,1414,19,1717,2024-7
2,منطقة مكة المكرمة,أنشطة المنظمات ذات العضوية,339,842,467,375,869,825,44,1711,2024-4
1,منطقة جازان,صُنع الملبوسات,679,120,41,79,1588,1456,132,1708,2024-1
3,منطقة المدينة المنورة,إصلاح وتركيب الآلات والمعدات,416,305,185,120,1400,1390,10,1705,2024-7
2,منطقة الجوف,التعليم,100,950,383,567,749,677,72,1699,2024-4
2,منطقة مكة المكرمة,أنشطة خدمات دعم التعدين,65,482,279,203,1215,1206,9,1697,2024-4
3,منطقة عسير,إصلاح وتركيب الآلات والمعدات,346,226,131,95,1470,1467,3,1696,2024-7
3,منطقة مكة المكرمة,الاتصالات,273,345,200,145,1350,1311,39,1695,2024-7
2,منطقة الحدود الشمالية,النقل البري و النقل عبر الأنابيب,388,198,93,105,1487,1486,1,1685,2024-4
1,منطقة مكة المكرمة,أنشطة المنظمات ذات العضوية,328,873,482,391,810,767,43,1683,2024-1
3,منطقة القصيم,أنشطة الاستخدام,127,166,71,95,1514,323,1191,1680,2024-7
1,منطقة جازان,أنشطة زراعة المحاصيل والإنتاج الحيواني والصيد والخدمات المتصلة,720,79,51,28,1599,1592,7,1678,2024-1
3,منطقة المدينة المنورة,الأنشطة العقارية,480,432,262,170,1243,1222,21,1675,2024-7
2,منطقة حائل,صُنع الملبوسات,462,203,57,146,1471,1377,94,1674,2024-4
3,منطقة جازان,أنشطة زراعة المحاصيل والإنتاج الحيواني والصيد والخدمات المتصلة,702,100,54,46,1568,1563,5,1668,2024-7
2,منطقة جازان,أنشطة زراعة المحاصيل والإنتاج الحيواني والصيد والخدمات المتصلة,702,77,44,33,1591,1585,6,1668,2024-4
1,منطقة حائل,صُنع الملبوسات,466,187,50,137,1479,1386,93,1666,2024-1
1,منطقة الحدود الشمالية,تجارة الجملة ، باستثناء المركبات ذات المحركات والدراجات النارية,481,265,130,135,1397,1391,6,1662,2024-1
2,منطقة المدينة المنورة,إصلاح وتركيب الآلات والمعدات,395,300,204,96,1360,1351,9,1660,2024-4
3,منطقة حائل,صُنع الملبوسات,473,181,44,137,1472,1385,87,1653,2024-7
1,منطقة القصيم,تجميع المياه ومعالجتها وتوصيلها,122,249,158,91,1400,1351,49,1649,2024-1
1,منطقة الجوف,صنع منتجات المعادن اللافلزية الأخرى,79,378,235,143,1268,1268,0,1646,2024-1
2,منطقة جازان,الهندسة المدنية,145,234,147,87,1401,1400,1,1635,2024-4
3,منطقة المدينة المنورة,صُنع المشروبات,41,442,182,260,1192,1189,3,1634,2024-7
1,منطقة مكة المكرمة,صنع المنتجات الصيدلانية الأساسية والمستحضرات الصيدلانية,82,646,395,251,982,943,39,1628,2024-1
3,منطقة عسير,إصلاح أجهزة الحاسوب والسلع الشخصية والمنزلية,598,66,39,27,1557,1553,4,1623,2024-7
2,منطقة عسير,إصلاح وتركيب الآلات والمعدات,328,208,125,83,1408,1406,2,1616,2024-4
1,منطقة الحدود الشمالية,النقل البري و النقل عبر الأنابيب,390,189,90,99,1422,1421,1,1611,2024-1
2,منطقة جازان,التعليم,145,1002,256,746,594,469,125,1596,2024-4
3,منطقة جازان,الهندسة المدنية,154,223,142,81,1373,1370,3,1596,2024-7
2,منطقة الجوف,صنع منتجات المعادن اللافلزية الأخرى,80,361,221,140,1234,1234,0,1595,2024-4
1,منطقة نجران,أنشطة زراعة المحاصيل والإنتاج الحيواني والصيد والخدمات المتصلة,643,176,104,72,1415,1406,9,1591,2024-1
2,منطقة عسير,إصلاح أجهزة الحاسوب والسلع الشخصية والمنزلية,598,93,55,38,1489,1486,3,1582,2024-4
3,المنطقة الشرقية,صيد الأسماك وتربية المائيات,304,112,43,69,1470,1469,1,1582,2024-7
1,المنطقة الشرقية,الأنشطة المساعدة لأنشطة الخدمات المالية وأنشطة التأمين,77,1197,638,559,380,351,29,1577,2024-1
3,منطقة الجوف,صنع منتجات المعادن اللافلزية الأخرى,79,357,217,140,1208,1208,0,1565,2024-7
1,منطقة عسير,إصلاح أجهزة الحاسوب والسلع الشخصية والمنزلية,601,85,53,32,1468,1462,6,1553,2024-1
2,المنطقة الشرقية,الأنشطة المساعدة لأنشطة الخدمات المالية وأنشطة التأمين,75,1161,623,538,391,357,34,1552,2024-4
1,منطقة حائل,التعليم,200,756,237,519,791,763,28,1547,2024-1
1,منطقة عسير,إصلاح وتركيب الآلات والمعدات,314,196,116,80,1348,1346,2,1544,2024-1
2,منطقة مكة المكرمة,الاتصالات,273,335,196,139,1204,1172,32,1539,2024-4
1,منطقة جازان,التعليم,156,905,236,669,620,493,127,1525,2024-1
2,منطقة جازان,الإقامة,311,356,165,191,1167,1144,23,1523,2024-4
3,منطقة جازان,صنع الأثاث,506,50,28,22,1467,1461,6,1517,2024-7
1,منطقة جازان,الإقامة,310,384,188,196,1129,1107,22,1513,2024-1
1,منطقة المدينة المنورة,إصلاح وتركيب الآلات والمعدات,391,265,173,92,1236,1229,7,1501,2024-1
3,المنطقة الشرقية,الأنشطة المساعدة لأنشطة الخدمات المالية وأنشطة التأمين,73,1129,600,529,369,337,32,1498,2024-7
3,منطقة عسير,الأنشطة الأخرى للتعدين واستغلال المحاجر,88,264,194,70,1231,1230,1,1495,2024-7
1,المنطقة الشرقية,الإدارة العامة والدفاع ؛ والضمان الاجتماعي الإلزامي,73,1045,775,270,446,435,11,1491,2024-1
1,منطقة المدينة المنورة,الأنشطة العقارية,406,408,257,151,1080,1066,14,1488,2024-1
3,المنطقة الشرقية,الإدارة العامة والدفاع ؛ والضمان الاجتماعي الإلزامي,67,1079,783,296,406,394,12,1485,2024-7
3,منطقة المدينة المنورة,تجميع المياه ومعالجتها وتوصيلها,98,955,923,32,521,521,0,1476,2024-7
2,المنطقة الشرقية,صيد الأسماك وتربية المائيات,298,99,39,60,1370,1370,0,1469,2024-4
2,منطقة القصيم,أنشطة الاستخدام,123,165,65,100,1303,306,997,1468,2024-4
1,منطقة عسير,الأنشطة العقارية,368,586,272,314,882,873,9,1468,2024-1
2,منطقة المدينة المنورة,الأنشطة العقارية,424,371,226,145,1089,1072,17,1460,2024-4
3,منطقة حائل,التعليم,203,695,227,468,765,737,28,1460,2024-7
2,منطقة عسير,الأنشطة الأخرى للتعدين واستغلال المحاجر,86,255,187,68,1204,1202,2,1459,2024-4
2,المنطقة الشرقية,الإدارة العامة والدفاع ؛ والضمان الاجتماعي الإلزامي,66,1038,760,278,410,399,11,1448,2024-4
2,منطقة جازان,صنع الأثاث,476,42,22,20,1404,1400,4,1446,2024-4
3,منطقة جازان,الإقامة,314,382,179,203,1063,1047,16,1445,2024-7
3,المنطقة الشرقية,تمويل التأمين وإعادة التأمين وصناديق المعاشات التقاعدية باستثناء الضمان الاجتماعي الإلزامي,13,1127,720,407,317,293,24,1444,2024-7
2,المنطقة الشرقية,تمويل التأمين وإعادة التأمين وصناديق المعاشات التقاعدية باستثناء الضمان الاجتماعي الإلزامي,14,1108,713,395,330,308,22,1438,2024-4
2,منطقة نجران,الأنشطة الأخرى للتعدين واستغلال المحاجر,36,229,77,152,1205,1198,7,1434,2024-4
3,منطقة تبوك,الأنشطة الإيجارية,409,212,157,55,1218,1214,4,1430,2024-7
1,المنطقة الشرقية,تمويل التأمين وإعادة التأمين وصناديق المعاشات التقاعدية باستثناء الضمان الاجتماعي الإلزامي,14,1077,701,376,348,330,18,1425,2024-1
2,منطقة تبوك,الأنشطة الإيجارية,419,218,158,60,1207,1203,4,1425,2024-4
1,منطقة المدينة المنورة,تجميع المياه ومعالجتها وتوصيلها,83,963,931,32,461,461,0,1424,2024-1
2,منطقة حائل,صنع منتجات المعادن المشكلة ( باستثناء الآلات والمعدات ),295,209,88,121,1213,1208,5,1422,2024-4
3,منطقة تبوك,التخزين وأنشطة الدعم للنقل,196,280,131,149,1138,1134,4,1418,2024-7
1,منطقة عسير,الأنشطة الأخرى للتعدين واستغلال المحاجر,82,229,178,51,1189,1187,2,1418,2024-1
2,منطقة عسير,أنشطة العمل الاجتماعي، دون إقامة,196,937,534,403,476,412,64,1413,2024-4
1,منطقة المدينة المنورة,الأنشطة الإدارية للمكاتب ، وأنشطة الدعم للمكاتب وغير ذلك من أنشطة الدعم للأعمال,435,316,183,133,1093,1026,67,1409,2024-1
1,منطقة تبوك,الإقامة,159,504,262,242,901,883,18,1405,2024-1
2,منطقة المدينة المنورة,صنع الفلزات القاعدية,57,466,387,79,936,935,1,1402,2024-4
3,منطقة المدينة المنورة,صنع الفلزات القاعدية,54,466,390,76,935,932,3,1401,2024-7
2,منطقة المدينة المنورة,تجميع المياه ومعالجتها وتوصيلها,83,941,910,31,455,455,0,1396,2024-4
1,منطقة جازان,صنع الأثاث,471,50,28,22,1338,1334,4,1388,2024-1
2,منطقة الباحة,أنشطة تقديم الخدمات للمباني وتجميل المواقع,56,182,84,98,1205,1155,50,1387,2024-4
3,منطقة الرياض,النقل الجوي,253,400,266,134,975,962,13,1375,2024-7
3,منطقة الباحة,أنشطة تقديم الخدمات للمباني وتجميل المواقع,52,186,84,102,1188,1140,48,1374,2024-7
3,منطقة الجوف,الصحة البشرية,85,505,136,369,868,456,412,1373,2024-7
3,منطقة القصيم,أنشطة جمع النفايات ومعالجتها وتصريفها ، واسترجاع المواد,44,177,111,66,1182,1157,25,1359,2024-7
3,منطقة القصيم,صنع منتجات المطاط واللدائن,66,358,174,184,1000,999,1,1358,2024-7
1,منطقة المدينة المنورة,صنع الفلزات القاعدية,59,464,380,84,893,892,1,1357,2024-1
1,منطقة القصيم,الإقامة,166,384,247,137,972,964,8,1356,2024-1
1,منطقة تبوك,الأنشطة الإيجارية,400,201,149,52,1148,1142,6,1349,2024-1
1,منطقة نجران,الأنشطة الأخرى للتعدين واستغلال المحاجر,35,224,77,147,1120,1113,7,1344,2024-1
2,منطقة الجوف,الصحة البشرية,85,488,135,353,853,453,400,1341,2024-4
1,المنطقة الشرقية,صيد الأسماك وتربية المائيات,286,101,37,64,1234,1234,0,1335,2024-1
2,منطقة الجوف,الأنشطة الإيجارية,549,61,45,16,1272,1258,14,1333,2024-4
1,منطقة الرياض,النقل الجوي,248,390,261,129,943,929,14,1333,2024-1
2,منطقة المدينة المنورة,الأنشطة الإدارية للمكاتب ، وأنشطة الدعم للمكاتب وغير ذلك من أنشطة الدعم للأعمال,432,290,174,116,1039,971,68,1329,2024-4
3,منطقة القصيم,تجميع المياه ومعالجتها وتوصيلها,166,207,131,76,1122,1075,47,1329,2024-7
2,منطقة تبوك,التخزين وأنشطة الدعم للنقل,179,252,121,131,1073,1068,5,1325,2024-4
1,منطقة الجوف,الأنشطة الإيجارية,556,69,48,21,1254,1241,13,1323,2024-1
2,منطقة القصيم,الإقامة,175,350,232,118,973,963,10,1323,2024-4
1,منطقة حائل,صنع منتجات المعادن المشكلة ( باستثناء الآلات والمعدات ),294,203,89,114,1119,1115,4,1322,2024-1
3,منطقة عسير,أنشطة الأمن والتحقيقات,17,1309,1241,68,9,9,0,1318,2024-7
3,منطقة الجوف,الأنشطة الإيجارية,535,67,46,21,1249,1235,14,1316,2024-7
1,منطقة القصيم,صُنع الورق ومنتجات الورق,49,264,140,124,1050,1046,4,1314,2024-1
3,منطقة المدينة المنورة,الأنشطة الإدارية للمكاتب ، وأنشطة الدعم للمكاتب وغير ذلك من أنشطة الدعم للأعمال,443,261,148,113,1053,982,71,1314,2024-7
3,منطقة الرياض,الرعاية مع الإقامة,52,922,200,722,391,242,149,1313,2024-7
2,منطقة القصيم,صنع منتجات المطاط واللدائن,65,343,174,169,969,968,1,1312,2024-4
3,منطقة عسير,أنشطة جمع النفايات ومعالجتها وتصريفها ، واسترجاع المواد,35,224,127,97,1086,1080,6,1310,2024-7
1,منطقة جازان,أنشطة تقديم الخدمات للمباني وتجميل المواقع,301,179,98,81,1121,1092,29,1300,2024-1
3,منطقة تبوك,صُنع المواد الكيميائية والمنتجات الكيميائية,32,530,316,214,770,766,4,1300,2024-7
1,منطقة الجوف,الصحة البشرية,81,479,131,348,820,448,372,1299,2024-1
2,منطقة جازان,إصلاح وتركيب الآلات والمعدات,424,97,48,49,1202,1202,0,1299,2024-4
2,منطقة تبوك,صنع منتجات المعادن المشكلة ( باستثناء الآلات والمعدات ),309,161,90,71,1133,1131,2,1294,2024-4
3,منطقة جازان,إصلاح وتركيب الآلات والمعدات,435,80,45,35,1208,1207,1,1288,2024-7
3,منطقة عسير,صُنع الورق ومنتجات الورق,25,475,279,196,808,786,22,1283,2024-7
2,منطقة الباحة,أنشطة الخدمات الشخصية الأخرى,568,73,32,41,1206,1112,94,1279,2024-4
2,منطقة الرياض,النقل الجوي,249,356,233,123,923,910,13,1279,2024-4
2,منطقة القصيم,صُنع الورق ومنتجات الورق,49,277,152,125,1001,997,4,1278,2024-4
1,منطقة الرياض,الرعاية مع الإقامة,49,859,186,673,418,253,165,1277,2024-1
3,منطقة عسير,الأنشطة العقارية,395,382,185,197,894,878,16,1276,2024-7
3,منطقة الباحة,أنشطة الخدمات الشخصية الأخرى,565,79,33,46,1195,1098,97,1274,2024-7
2,منطقة جازان,أنشطة تقديم الخدمات للمباني وتجميل المواقع,291,176,91,85,1089,1061,28,1265,2024-4
3,منطقة القصيم,صُنع الورق ومنتجات الورق,50,265,133,132,998,994,4,1263,2024-7
1,منطقة الباحة,أنشطة الخدمات الشخصية الأخرى,560,82,34,48,1179,1088,91,1261,2024-1
3,منطقة الجوف,صُنع المنتجات الغذائية,252,215,133,82,1046,1044,2,1261,2024-7
1,منطقة تبوك,التخزين وأنشطة الدعم للنقل,159,251,118,133,1003,998,5,1254,2024-1
2,منطقة عسير,الأنشطة العقارية,386,389,187,202,863,855,8,1252,2024-4
2,منطقة القصيم,تجميع المياه ومعالجتها وتوصيلها,138,194,112,82,1058,1007,51,1252,2024-4
3,منطقة القصيم,الإقامة,172,356,235,121,894,884,10,1250,2024-7
3,منطقة الباحة,صنع منتجات المعادن اللافلزية الأخرى,76,328,165,163,918,912,6,1246,2024-7
2,منطقة الباحة,صنع منتجات المعادن اللافلزية الأخرى,75,321,169,152,924,918,6,1245,2024-4
1,منطقة مكة المكرمة,صنع الحواسيب والمنتجات الإلكترونية والبصرية,136,346,208,138,893,887,6,1239,2024-1
3,منطقة نجران,صُنع الملبوسات,444,82,34,48,1155,1091,64,1237,2024-7
3,منطقة مكة المكرمة,صنع الحواسيب والمنتجات الإلكترونية والبصرية,139,356,210,146,881,874,7,1237,2024-7
1,منطقة جازان,إصلاح وتركيب الآلات والمعدات,414,71,36,35,1162,1162,0,1233,2024-1
3,منطقة حائل,صنع منتجات المعادن المشكلة ( باستثناء الآلات والمعدات ),280,192,73,119,1038,1035,3,1230,2024-7
2,منطقة تبوك,صُنع المواد الكيميائية والمنتجات الكيميائية,32,474,268,206,755,750,5,1229,2024-4
2,منطقة نجران,صُنع الملبوسات,438,75,31,44,1153,1089,64,1228,2024-4
3,منطقة جازان,أنشطة تقديم الخدمات للمباني وتجميل المواقع,284,163,91,72,1063,1039,24,1226,2024-7
2,منطقة مكة المكرمة,صنع الحواسيب والمنتجات الإلكترونية والبصرية,137,353,209,144,871,864,7,1224,2024-4
1,منطقة القصيم,أنشطة الاستخدام,125,182,73,109,1038,349,689,1220,2024-1
3,منطقة جازان,صيد الأسماك وتربية المائيات,221,94,53,41,1125,1118,7,1219,2024-7
3,منطقة تبوك,صنع منتجات المعادن المشكلة ( باستثناء الآلات والمعدات ),298,151,88,63,1067,1065,2,1218,2024-7
1,منطقة عسير,أنشطة المعمارية والهندسية ، والاختبارات الفنية والتحليل,315,323,203,120,894,889,5,1217,2024-1
2,منطقة عسير,أنشطة جمع النفايات ومعالجتها وتصريفها ، واسترجاع المواد,31,221,116,105,996,995,1,1217,2024-4
2,منطقة حائل,التعليم,201,459,192,267,756,732,24,1215,2024-4
1,منطقة عسير,الأنشطة الرياضية وأنشطة التسلية والترفيه,227,390,117,273,819,741,78,1209,2024-1
2,منطقة الجوف,صُنع المنتجات الغذائية,238,202,122,80,1006,1005,1,1208,2024-4
2,منطقة المدينة المنورة,صُنع المنسوجات,166,212,130,82,993,979,14,1205,2024-4
3,المنطقة الشرقية,صنع المنتجات الصيدلانية الأساسية والمستحضرات الصيدلانية,39,472,313,159,728,701,27,1200,2024-7
1,منطقة تبوك,صُنع المواد الكيميائية والمنتجات الكيميائية,29,449,258,191,750,745,5,1199,2024-1
1,منطقة عسير,أنشطة جمع النفايات ومعالجتها وتصريفها ، واسترجاع المواد,32,221,110,111,974,973,1,1195,2024-1
3,منطقة المدينة المنورة,صُنع المنسوجات,163,217,140,77,976,963,13,1193,2024-7
1,منطقة الباحة,صنع منتجات المعادن اللافلزية الأخرى,78,276,149,127,917,912,5,1193,2024-1
1,منطقة القصيم,صنع منتجات المطاط واللدائن,60,313,150,163,876,875,1,1189,2024-1
1,منطقة الجوف,صُنع المنتجات الغذائية,233,205,126,79,983,982,1,1188,2024-1
2,منطقة عسير,أنشطة المعمارية والهندسية ، والاختبارات الفنية والتحليل,295,310,190,120,873,867,6,1183,2024-4
3,منطقة نجران,التعليم,148,582,167,415,597,553,44,1179,2024-7
3,منطقة الرياض,النقل المائي,164,469,316,153,710,692,18,1179,2024-7
3,منطقة مكة المكرمة,النقل المائي,201,442,261,181,736,722,14,1178,2024-7
1,منطقة الجوف,أنشطة تقديم الخدمات للمباني وتجميل المواقع,179,208,101,107,969,952,17,1177,2024-1
3,منطقة الحدود الشمالية,صنع منتجات المعادن اللافلزية الأخرى,63,345,258,87,832,828,4,1177,2024-7
3,منطقة الرياض,البحث والتطوير في المجال العلمي,128,651,365,286,523,438,85,1174,2024-7
2,منطقة الرياض,البحث والتطوير في المجال العلمي,125,639,363,276,534,454,80,1173,2024-4
1,منطقة تبوك,صنع منتجات المعادن المشكلة ( باستثناء الآلات والمعدات ),286,153,82,71,1020,1018,2,1173,2024-1
2,منطقة الحدود الشمالية,صنع منتجات المعادن اللافلزية الأخرى,64,351,257,94,821,819,2,1172,2024-4
2,منطقة مكة المكرمة,النقل المائي,194,438,262,176,732,717,15,1170,2024-4
3,منطقة نجران,صنع منتجات المعادن المشكلة ( باستثناء الآلات والمعدات ),366,94,33,61,1075,1075,0,1169,2024-7
1,منطقة نجران,صُنع الملبوسات,429,63,23,40,1106,1050,56,1169,2024-1
2,منطقة نجران,صنع منتجات المعادن المشكلة ( باستثناء الآلات والمعدات ),358,101,40,61,1064,1063,1,1165,2024-4
2,المنطقة الشرقية,صنع المنتجات الصيدلانية الأساسية والمستحضرات الصيدلانية,38,415,265,150,749,724,25,1164,2024-4
2,منطقة عسير,صُنع الخشب ومنتجات الخشب والفلين ، باستثناء الأثاث ، صُنع أصناف من القش ومواد الضفر,332,135,54,81,1025,1021,4,1160,2024-4
1,منطقة الحدود الشمالية,صنع منتجات المعادن اللافلزية الأخرى,62,349,259,90,807,806,1,1156,2024-1
1,منطقة جازان,صُنع المشروبات,32,287,176,111,869,869,0,1156,2024-1
1,منطقة نجران,إصلاح أجهزة الحاسوب والسلع الشخصية والمنزلية,241,15,7,8,1136,1130,6,1151,2024-1
1,منطقة حائل,أنشطة المعمارية والهندسية ، والاختبارات الفنية والتحليل,270,163,91,72,984,979,5,1147,2024-1
3,منطقة المدينة المنورة,صنع الأثاث,331,106,56,50,1038,1025,13,1144,2024-7
1,منطقة عسير,صُنع الخشب ومنتجات الخشب والفلين ، باستثناء الأثاث ، صُنع أصناف من القش ومواد الضفر,335,122,54,68,1022,1020,2,1144,2024-1
3,منطقة عسير,أنشطة المعمارية والهندسية ، والاختبارات الفنية والتحليل,299,295,163,132,845,839,6,1140,2024-7
3,منطقة حائل,أنشطة المعمارية والهندسية ، والاختبارات الفنية والتحليل,280,173,96,77,963,959,4,1136,2024-7
3,منطقة جازان,صُنع المشروبات,33,286,176,110,850,850,0,1136,2024-7
3,منطقة عسير,الأنشطة الرياضية وأنشطة التسلية والترفيه,231,369,103,266,766,676,90,1135,2024-7
2,منطقة حائل,أنشطة المعمارية والهندسية ، والاختبارات الفنية والتحليل,272,166,88,78,968,963,5,1134,2024-4
1,منطقة مكة المكرمة,الاتصالات,267,362,203,159,770,742,28,1132,2024-1
2,منطقة جازان,صُنع المشروبات,34,274,165,109,851,851,0,1125,2024-4
1,منطقة الجوف,صنع منتجات المعادن المشكلة ( باستثناء الآلات والمعدات ),346,92,43,49,1032,1030,2,1124,2024-1
1,منطقة الرياض,البحث والتطوير في المجال العلمي,119,608,346,262,516,446,70,1124,2024-1
2,منطقة عسير,الأنشطة الرياضية وأنشطة التسلية والترفيه,229,364,99,265,758,673,85,1122,2024-4
1,منطقة المدينة المنورة,صنع الأثاث,337,105,65,40,1013,1002,11,1118,2024-1
2,منطقة جازان,صيد الأسماك وتربية المائيات,187,86,45,41,1029,1025,4,1115,2024-4
1,المنطقة الشرقية,صنع المنتجات الصيدلانية الأساسية والمستحضرات الصيدلانية,37,397,257,140,715,691,24,1112,2024-1
3,منطقة الرياض,الأنشطة البيطرية,153,321,117,204,782,692,90,1103,2024-7
2,منطقة الجوف,صنع منتجات المعادن المشكلة ( باستثناء الآلات والمعدات ),346,86,40,46,1016,1015,1,1102,2024-4
1,منطقة مكة المكرمة,النقل المائي,184,410,246,164,687,673,14,1097,2024-1
2,منطقة المدينة المنورة,صنع الأثاث,322,106,62,44,991,980,11,1097,2024-4
2,منطقة نجران,إصلاح أجهزة الحاسوب والسلع الشخصية والمنزلية,246,20,10,10,1076,1072,4,1096,2024-4
2,منطقة الرياض,النقل المائي,161,441,300,141,655,640,15,1096,2024-4
1,منطقة نجران,التعليم,140,529,163,366,566,541,25,1095,2024-1
2,منطقة الجوف,أنشطة تقديم الخدمات للمباني وتجميل المواقع,177,136,90,46,957,939,18,1093,2024-4
3,منطقة الجوف,صنع منتجات المعادن المشكلة ( باستثناء الآلات والمعدات ),348,84,42,42,1001,999,2,1085,2024-7
3,منطقة عسير,صُنع الخشب ومنتجات الخشب والفلين ، باستثناء الأثاث ، صُنع أصناف من القش ومواد الضفر,323,122,56,66,960,956,4,1082,2024-7
3,منطقة المدينة المنورة,أنشطة الاستخدام,136,143,78,65,934,261,673,1077,2024-7
3,منطقة عسير,الأنشطة الإدارية للمكاتب ، وأنشطة الدعم للمكاتب وغير ذلك من أنشطة الدعم للأعمال,354,327,137,190,748,741,7,1075,2024-7
3,منطقة الحدود الشمالية,الصحة البشرية,67,345,77,268,727,383,344,1072,2024-7
1,منطقة المدينة المنورة,صُنع المنسوجات,168,195,128,67,877,866,11,1072,2024-1
3,منطقة تبوك,أنشطة المعمارية والهندسية ، والاختبارات الفنية والتحليل,130,337,192,145,732,724,8,1069,2024-7
2,منطقة الرياض,الأنشطة البيطرية,146,318,124,194,743,665,78,1061,2024-4
1,منطقة نجران,صنع منتجات المعادن المشكلة ( باستثناء الآلات والمعدات ),368,68,31,37,992,992,0,1060,2024-1
1,منطقة جازان,صيد الأسماك وتربية المائيات,172,87,43,44,970,968,2,1057,2024-1
3,منطقة نجران,صُنع المنتجات الغذائية,224,188,88,100,852,844,8,1040,2024-7
1,منطقة الرياض,النقل المائي,155,406,283,123,625,612,13,1031,2024-1
1,منطقة الرياض,الأنشطة البيطرية,143,306,116,190,723,645,78,1029,2024-1
2,منطقة الحدود الشمالية,الصحة البشرية,61,331,73,258,698,375,323,1029,2024-4
3,منطقة المدينة المنورة,صُنع الخشب ومنتجات الخشب والفلين ، باستثناء الأثاث ، صُنع أصناف من القش ومواد الضفر,230,159,83,76,865,865,0,1024,2024-7
3,المنطقة الشرقية,أنشطة المعالجة وخدمات إدارة النفايات الأخرى,11,265,234,31,756,752,4,1021,2024-7
3,منطقة نجران,إصلاح أجهزة الحاسوب والسلع الشخصية والمنزلية,255,18,6,12,1003,998,5,1021,2024-7
1,منطقة مكة المكرمة,الإدارة العامة والدفاع ؛ والضمان الاجتماعي الإلزامي,173,530,292,238,486,472,14,1016,2024-1
2,منطقة نجران,صُنع المنتجات الغذائية,220,165,73,92,847,838,9,1012,2024-4
2,منطقة عسير,أنشطة الأمن والتحقيقات,13,1003,960,43,6,6,0,1009,2024-4
1,منطقة الحدود الشمالية,الصحة البشرية,61,323,75,248,685,374,311,1008,2024-1
3,منطقة القصيم,الأنشطة الإدارية للمكاتب ، وأنشطة الدعم للمكاتب وغير ذلك من أنشطة الدعم للأعمال,332,140,76,64,866,859,7,1006,2024-7
1,منطقة مكة المكرمة,الرعاية مع الإقامة,39,695,167,528,295,192,103,990,2024-1
2,منطقة الجوف,الهندسة المدنية,59,190,147,43,800,788,12,990,2024-4
1,منطقة عسير,أنشطة الأمن والتحقيقات,15,982,935,47,7,7,0,989,2024-1
2,المنطقة الشرقية,الأنشطة المهنية والعلمية والتقنية الأخرى,260,341,131,210,641,557,84,982,2024-4
2,منطقة مكة المكرمة,الإدارة العامة والدفاع ؛ والضمان الاجتماعي الإلزامي,166,511,278,233,463,450,13,974,2024-4
2,منطقة نجران,التعليم,140,418,134,284,555,527,28,973,2024-4
1,منطقة مكة المكرمة,أنشطة النشر,150,329,166,163,633,612,21,962,2024-1
1,منطقة الجوف,الهندسة المدنية,58,212,163,49,747,733,14,959,2024-1
1,المنطقة الشرقية,الأنشطة المهنية والعلمية والتقنية الأخرى,259,327,123,204,628,545,83,955,2024-1
3,منطقة الجوف,أنشطة تقديم الخدمات للمباني وتجميل المواقع,156,123,79,44,830,812,18,953,2024-7
3,المنطقة الشرقية,الأنشطة المهنية والعلمية والتقنية الأخرى,247,332,123,209,620,536,84,952,2024-7
3,منطقة مكة المكرمة,أنشطة النشر,165,306,162,144,641,619,22,947,2024-7
2,منطقة المدينة المنورة,صُنع الخشب ومنتجات الخشب والفلين ، باستثناء الأثاث ، صُنع أصناف من القش ومواد الضفر,218,133,69,64,810,810,0,943,2024-4
3,منطقة مكة المكرمة,أنشطة إنتاج الأفلام والفيديو والبرامج التليفزيونية والتسجيلات الصوتية ونشر الموسيقى,249,356,176,180,587,524,63,943,2024-7
3,منطقة مكة المكرمة,الإدارة العامة والدفاع ؛ والضمان الاجتماعي الإلزامي,159,504,274,230,435,418,17,939,2024-7
3,منطقة القصيم,صنع الفلزات القاعدية,81,183,113,70,755,753,2,938,2024-7
1,منطقة المدينة المنورة,إصلاح أجهزة الحاسوب والسلع الشخصية والمنزلية,382,60,33,27,877,862,15,937,2024-1
2,منطقة المدينة المنورة,إصلاح أجهزة الحاسوب والسلع الشخصية والمنزلية,373,59,34,25,876,858,18,935,2024-4
3,منطقة المدينة المنورة,إصلاح أجهزة الحاسوب والسلع الشخصية والمنزلية,382,49,30,19,885,869,16,934,2024-7
3,منطقة مكة المكرمة,الرعاية مع الإقامة,37,597,117,480,329,217,112,926,2024-7
1,منطقة عسير,صُنع المشروبات,38,256,194,62,668,668,0,924,2024-1
1,المنطقة الشرقية,تعدين ركازات الفلزات,57,658,635,23,266,266,0,924,2024-1
2,منطقة مكة المكرمة,أنشطة النشر,155,291,155,136,631,612,19,922,2024-4
2,منطقة جازان,صُنع الخشب ومنتجات الخشب والفلين ، باستثناء الأثاث ، صُنع أصناف من القش ومواد الضفر,239,89,29,60,833,827,6,922,2024-4
3,منطقة جازان,صُنع الخشب ومنتجات الخشب والفلين ، باستثناء الأثاث ، صُنع أصناف من القش ومواد الضفر,242,84,25,59,836,830,6,920,2024-7
1,منطقة جازان,صُنع الخشب ومنتجات الخشب والفلين ، باستثناء الأثاث ، صُنع أصناف من القش ومواد الضفر,240,98,36,62,821,815,6,919,2024-1
3,منطقة جازان,التخزين وأنشطة الدعم للنقل,205,155,115,40,760,755,5,915,2024-7
3,منطقة نجران,الصرف الصحي,15,227,182,45,682,682,0,909,2024-7
2,المنطقة الشرقية,أنشطة خدمات المعلومات,64,644,292,352,263,250,13,907,2024-4
2,منطقة مكة المكرمة,أنشطة إنتاج الأفلام والفيديو والبرامج التليفزيونية والتسجيلات الصوتية ونشر الموسيقى,234,330,163,167,573,520,53,903,2024-4
2,منطقة عسير,صُنع المشروبات,37,240,178,62,662,662,0,902,2024-4
1,المنطقة الشرقية,أنشطة خدمات المعلومات,63,682,294,388,215,205,10,897,2024-1
1,منطقة القصيم,الأنشطة الإدارية للمكاتب ، وأنشطة الدعم للمكاتب وغير ذلك من أنشطة الدعم للأعمال,292,170,102,68,727,725,2,897,2024-1
2,منطقة نجران,أنشطة المعمارية والهندسية ، والاختبارات الفنية والتحليل,195,130,87,43,766,765,1,896,2024-4
2,منطقة القصيم,صنع المنتجات الصيدلانية الأساسية والمستحضرات الصيدلانية,32,370,327,43,525,523,2,895,2024-4
3,منطقة القصيم,صنع المنتجات الصيدلانية الأساسية والمستحضرات الصيدلانية,35,367,326,41,528,526,2,895,2024-7
3,منطقة الجوف,الهندسة المدنية,56,179,138,41,715,700,15,894,2024-7
2,منطقة حائل,إصلاح أجهزة الحاسوب والسلع الشخصية والمنزلية,325,45,24,21,848,846,2,893,2024-4
2,منطقة القصيم,الأنشطة الإدارية للمكاتب ، وأنشطة الدعم للمكاتب وغير ذلك من أنشطة الدعم للأعمال,314,135,76,59,756,752,4,891,2024-4
1,منطقة القصيم,الأنشطة الرياضية وأنشطة التسلية والترفيه,128,332,121,211,559,513,46,891,2024-1
2,المنطقة الشرقية,أنشطة المعالجة وخدمات إدارة النفايات الأخرى,10,221,203,18,670,667,3,891,2024-4
2,منطقة الرياض,الرعاية مع الإقامة,50,485,120,365,405,243,162,890,2024-4
3,منطقة حائل,أنشطة الاستخدام,71,91,36,55,797,201,596,888,2024-7
3,منطقة نجران,أنشطة المعمارية والهندسية ، والاختبارات الفنية والتحليل,197,139,90,49,749,748,1,888,2024-7
1,المنطقة الشرقية,أنشطة المعالجة وخدمات إدارة النفايات الأخرى,10,221,205,16,666,664,2,887,2024-1
1,منطقة القصيم,صنع المنتجات الصيدلانية الأساسية والمستحضرات الصيدلانية,27,372,334,38,515,513,2,887,2024-1
2,منطقة جازان,التخزين وأنشطة الدعم للنقل,183,158,112,46,728,724,4,886,2024-4
3,المنطقة الشرقية,أنشطة المنظمات ذات العضوية,88,530,246,284,353,299,54,883,2024-7
2,منطقة القصيم,صنع الفلزات القاعدية,81,172,109,63,711,709,2,883,2024-4
2,منطقة تبوك,صنع الأثاث,279,41,13,28,840,839,1,881,2024-4
3,منطقة عسير,صُنع المشروبات,35,232,172,60,644,644,0,876,2024-7
1,منطقة مكة المكرمة,أنشطة إنتاج الأفلام والفيديو والبرامج التليفزيونية والتسجيلات الصوتية ونشر الموسيقى,232,317,163,154,558,510,48,875,2024-1
3,منطقة حائل,إصلاح أجهزة الحاسوب والسلع الشخصية والمنزلية,325,37,23,14,838,836,2,875,2024-7
1,منطقة المدينة المنورة,صُنع الخشب ومنتجات الخشب والفلين ، باستثناء الأثاث ، صُنع أصناف من القش ومواد الضفر,210,119,63,56,755,755,0,874,2024-1
1,منطقة نجران,أنشطة المعمارية والهندسية ، والاختبارات الفنية والتحليل,198,134,91,43,740,738,2,874,2024-1
2,منطقة المدينة المنورة,أنشطة الاستخدام,128,142,68,74,730,230,500,872,2024-4
3,منطقة المدينة المنورة,أنشطة جمع النفايات ومعالجتها وتصريفها ، واسترجاع المواد,49,255,113,142,613,610,3,868,2024-7
1,منطقة القصيم,صنع الفلزات القاعدية,83,167,105,62,699,697,2,866,2024-1
3,منطقة تبوك,إصلاح وتركيب الآلات والمعدات,216,119,69,50,744,741,3,863,2024-7
3,منطقة تبوك,صنع الأثاث,278,37,16,21,823,822,1,860,2024-7
2,منطقة المدينة المنورة,توصيل الكهرباء والغاز والبخار وتكييف الهواء,31,255,220,35,602,540,62,857,2024-4
2,المنطقة الشرقية,أنشطة المنظمات ذات العضوية,86,495,246,249,361,327,34,856,2024-4
1,منطقة عسير,الأنشطة الإدارية للمكاتب ، وأنشطة الدعم للمكاتب وغير ذلك من أنشطة الدعم للأعمال,344,144,81,63,711,703,8,855,2024-1
3,منطقة نجران,أنشطة الاستخدام,66,49,22,27,801,130,671,850,2024-7
2,منطقة عسير,الأنشطة الإدارية للمكاتب ، وأنشطة الدعم للمكاتب وغير ذلك من أنشطة الدعم للأعمال,340,136,75,61,713,702,11,849,2024-4
3,منطقة الحدود الشمالية,التعليم,53,470,229,241,376,309,67,846,2024-7
1,منطقة حائل,إصلاح أجهزة الحاسوب والسلع الشخصية والمنزلية,314,38,21,17,808,806,2,846,2024-1
1,منطقة جازان,التخزين وأنشطة الدعم للنقل,171,147,108,39,695,691,4,842,2024-1
3,منطقة نجران,صنع الفلزات القاعدية,34,275,246,29,565,563,2,840,2024-7
1,منطقة الباحة,صنع منتجات المعادن المشكلة ( باستثناء الآلات والمعدات ),339,70,46,24,767,767,0,837,2024-1
1,منطقة نجران,صنع الفلزات القاعدية,34,271,240,31,564,562,2,835,2024-1
2,منطقة القصيم,الأنشطة الرياضية وأنشطة التسلية والترفيه,129,311,110,201,524,479,45,835,2024-4
2,منطقة نجران,صنع الفلزات القاعدية,34,271,240,31,559,557,2,830,2024-4
2,منطقة الباحة,صنع منتجات المعادن المشكلة ( باستثناء الآلات والمعدات ),331,70,47,23,760,759,1,830,2024-4
2,منطقة المدينة المنورة,وكالات السفر ومشغّلو الجولات السياحية وخدمات الحجز والأنشطة المتصلة بها,213,281,141,140,543,522,21,824,2024-4
1,منطقة الحدود الشمالية,التعليم,50,467,219,248,356,298,58,823,2024-1
1,منطقة تبوك,صنع الأثاث,266,36,12,24,787,786,1,823,2024-1
3,منطقة جازان,إصلاح أجهزة الحاسوب والسلع الشخصية والمنزلية,307,35,18,17,788,782,6,823,2024-7
3,منطقة تبوك,إصلاح أجهزة الحاسوب والسلع الشخصية والمنزلية,279,38,21,17,780,776,4,818,2024-7
2,منطقة جازان,إصلاح أجهزة الحاسوب والسلع الشخصية والمنزلية,294,39,23,16,778,773,5,817,2024-4
1,منطقة جازان,إصلاح أجهزة الحاسوب والسلع الشخصية والمنزلية,298,39,28,11,777,773,4,816,2024-1
3,منطقة الباحة,صنع منتجات المعادن المشكلة ( باستثناء الآلات والمعدات ),331,59,37,22,754,752,2,813,2024-7
2,منطقة الباحة,الصحة البشرية,59,297,100,197,515,222,293,812,2024-4
1,منطقة نجران,صنع الأثاث,126,132,24,108,678,677,1,810,2024-1
2,المنطقة الشرقية,تعدين ركازات الفلزات,57,590,580,10,220,220,0,810,2024-4
1,المنطقة الشرقية,أنشطة المنظمات ذات العضوية,88,455,190,265,352,320,32,807,2024-1
3,منطقة الباحة,الصحة البشرية,58,296,93,203,511,215,296,807,2024-7
3,منطقة حائل,التخزين وأنشطة الدعم للنقل,224,61,35,26,745,744,1,806,2024-7
3,منطقة المدينة المنورة,وكالات السفر ومشغّلو الجولات السياحية وخدمات الحجز والأنشطة المتصلة بها,221,272,137,135,532,511,21,804,2024-7
3,منطقة القصيم,الأنشطة الرياضية وأنشطة التسلية والترفيه,140,300,106,194,503,458,45,803,2024-7
2,منطقة تبوك,أنشطة المعمارية والهندسية ، والاختبارات الفنية والتحليل,133,283,171,112,516,509,7,799,2024-4
2,منطقة تبوك,إصلاح أجهزة الحاسوب والسلع الشخصية والمنزلية,276,37,21,16,760,756,4,797,2024-4
1,منطقة المدينة المنورة,الأنشطة الرياضية وأنشطة التسلية والترفيه,165,309,106,203,488,443,45,797,2024-1
3,منطقة المدينة المنورة,أبحاث الإعلان والسوق,277,154,85,69,641,618,23,795,2024-7
1,منطقة المدينة المنورة,أبحاث الإعلان والسوق,264,176,84,92,617,606,11,793,2024-1
1,منطقة المدينة المنورة,وكالات السفر ومشغّلو الجولات السياحية وخدمات الحجز والأنشطة المتصلة بها,202,274,145,129,517,499,18,791,2024-1
1,منطقة تبوك,إصلاح أجهزة الحاسوب والسلع الشخصية والمنزلية,269,38,23,15,751,747,4,789,2024-1
1,منطقة المدينة المنورة,أنشطة جمع النفايات ومعالجتها وتصريفها ، واسترجاع المواد,37,242,118,124,546,544,2,788,2024-1
2,منطقة الرياض,تعدين ركازات الفلزات,65,339,231,108,446,439,7,785,2024-4
2,منطقة المدينة المنورة,أنشطة جمع النفايات ومعالجتها وتصريفها ، واسترجاع المواد,41,244,116,128,539,537,2,783,2024-4
3,منطقة القصيم,الأنشطة الأخرى للتعدين واستغلال المحاجر,45,97,67,30,686,686,0,783,2024-7
3,منطقة جازان,صنع الفلزات القاعدية,35,313,281,32,470,470,0,783,2024-7
3,المنطقة الشرقية,أنشطة خدمات المعلومات,58,523,257,266,257,244,13,780,2024-7
1,منطقة تبوك,أنشطة المعمارية والهندسية ، والاختبارات الفنية والتحليل,127,277,165,112,496,491,5,773,2024-1
2,منطقة المدينة المنورة,أبحاث الإعلان والسوق,269,142,74,68,629,614,15,771,2024-4
1,منطقة الباحة,الصحة البشرية,56,275,87,188,496,217,279,771,2024-1
2,منطقة تبوك,إصلاح وتركيب الآلات والمعدات,205,113,67,46,657,654,3,770,2024-4
2,منطقة الحدود الشمالية,التعليم,47,419,196,223,349,295,54,768,2024-4
3,المنطقة الشرقية,أنشطة النشر,96,336,205,131,431,425,6,767,2024-7
3,منطقة المدينة المنورة,توصيل الكهرباء والغاز والبخار وتكييف الهواء,35,223,193,30,541,483,58,764,2024-7
2,منطقة القصيم,الأنشطة الأخرى للتعدين واستغلال المحاجر,45,115,74,41,649,649,0,764,2024-4
2,منطقة عسير,الصرف الصحي,31,127,92,35,636,636,0,763,2024-4
3,منطقة عسير,الصرف الصحي,36,138,96,42,623,623,0,761,2024-7
3,منطقة القصيم,أبحاث الإعلان والسوق,217,201,75,126,559,554,5,760,2024-7
1,منطقة نجران,صُنع المنتجات الغذائية,205,104,47,57,645,641,4,749,2024-1
1,منطقة القصيم,أبحاث الإعلان والسوق,214,188,76,112,559,554,5,747,2024-1
2,منطقة نجران,صنع الأثاث,124,121,25,96,626,625,1,747,2024-4
2,المنطقة الشرقية,الاتصالات,117,314,202,112,429,421,8,743,2024-4
3,المنطقة الشرقية,الاتصالات,115,325,202,123,416,409,7,741,2024-7
2,منطقة الجوف,صُنع الملبوسات,313,41,22,19,700,664,36,741,2024-4
3,منطقة جازان,أنشطة العمل الاجتماعي، دون إقامة,106,576,277,299,165,146,19,741,2024-7
2,منطقة نجران,أنشطة الأمن والتحقيقات,3,741,621,120,0,0,0,741,2024-4
3,المنطقة الشرقية,تعدين ركازات الفلزات,39,589,579,10,150,150,0,739,2024-7
3,منطقة الجوف,صُنع الملبوسات,316,34,16,18,705,669,36,739,2024-7
1,المنطقة الشرقية,أنشطة النشر,89,324,195,129,414,407,7,738,2024-1
1,منطقة الحدود الشمالية,صُنع الملبوسات,285,15,6,9,718,676,42,733,2024-1
1,منطقة الجوف,صُنع الملبوسات,312,36,17,19,697,658,39,733,2024-1
3,منطقة عسير,أبحاث الإعلان والسوق,216,209,93,116,523,520,3,732,2024-7
2,منطقة الحدود الشمالية,صُنع الملبوسات,280,22,8,14,707,663,44,729,2024-4
2,منطقة القصيم,أبحاث الإعلان والسوق,213,186,69,117,542,537,5,728,2024-4
1,المنطقة الشرقية,الاتصالات,118,311,206,105,417,410,7,728,2024-1
3,منطقة الحدود الشمالية,صُنع الملبوسات,280,12,1,11,712,666,46,724,2024-7
2,المنطقة الشرقية,أنشطة النشر,90,317,194,123,405,399,6,722,2024-4
2,منطقة جازان,صنع الفلزات القاعدية,36,278,252,26,442,442,0,720,2024-4
1,منطقة الحدود الشمالية,صُنع المواد الكيميائية والمنتجات الكيميائية,5,572,548,24,147,146,1,719,2024-1
2,منطقة الحدود الشمالية,صُنع المواد الكيميائية والمنتجات الكيميائية,6,571,546,25,148,147,1,719,2024-4
2,منطقة عسير,صنع الفلزات القاعدية,77,154,106,48,564,564,0,718,2024-4
3,منطقة نجران,أنشطة الأمن والتحقيقات,3,718,608,110,0,0,0,718,2024-7
1,منطقة المدينة المنورة,صنع المعدات الكهربائية,48,218,85,133,500,499,1,718,2024-1
3,منطقة الحدود الشمالية,صُنع المواد الكيميائية والمنتجات الكيميائية,6,571,546,25,146,145,1,717,2024-7
2,منطقة عسير,أبحاث الإعلان والسوق,209,195,77,118,522,520,2,717,2024-4
2,منطقة المدينة المنورة,الأنشطة القانونية وأنشطة المحاسبة,166,503,320,183,213,205,8,716,2024-4
1,منطقة المدينة المنورة,الأنشطة القانونية وأنشطة المحاسبة,160,510,310,200,204,197,7,714,2024-1
1,منطقة القصيم,الأنشطة الأخرى للتعدين واستغلال المحاجر,41,123,83,40,590,590,0,713,2024-1
1,منطقة المدينة المنورة,أنشطة الاستخدام,122,137,67,70,576,187,389,713,2024-1
3,منطقة المدينة المنورة,الأنشطة القانونية وأنشطة المحاسبة,182,498,323,175,214,204,10,712,2024-7
3,منطقة الباحة,الأنشطة الأخرى للتعدين واستغلال المحاجر,11,93,32,61,618,618,0,711,2024-7
1,منطقة جازان,أنشطة العمل الاجتماعي، دون إقامة,108,551,252,299,159,142,17,710,2024-1
1,منطقة عسير,الصرف الصحي,25,113,82,31,597,597,0,710,2024-1
2,منطقة المدينة المنورة,صنع المعدات الكهربائية,43,216,84,132,491,490,1,707,2024-4
1,منطقة جازان,صنع الفلزات القاعدية,36,267,241,26,437,437,0,704,2024-1
2,منطقة الباحة,الأنشطة الأخرى للتعدين واستغلال المحاجر,11,88,34,54,614,614,0,702,2024-4
3,منطقة عسير,صنع الفلزات القاعدية,75,158,108,50,544,544,0,702,2024-7
3,منطقة الرياض,أنشطة البرمجة والإذاعة,63,194,126,68,506,429,77,700,2024-7
1,منطقة عسير,أبحاث الإعلان والسوق,202,194,68,126,506,504,2,700,2024-1
3,منطقة نجران,صنع الأثاث,132,91,19,72,605,605,0,696,2024-7
3,منطقة الرياض,تعدين ركازات الفلزات,72,299,210,89,394,387,7,693,2024-7
2,منطقة المدينة المنورة,الأنشطة الرياضية وأنشطة التسلية والترفيه,161,302,102,200,390,354,36,692,2024-4
3,منطقة المدينة المنورة,الأنشطة الرياضية وأنشطة التسلية والترفيه,167,293,108,185,398,362,36,691,2024-7
3,منطقة الرياض,الحراجة وقطع الأخشاب,50,122,67,55,565,561,4,687,2024-7
2,منطقة جازان,أنشطة المعمارية والهندسية ، والاختبارات الفنية والتحليل,163,226,126,100,456,445,11,682,2024-4
1,منطقة جازان,أنشطة المعمارية والهندسية ، والاختبارات الفنية والتحليل,167,215,122,93,461,448,13,676,2024-1
3,منطقة الباحة,صُنع المنتجات الغذائية,145,92,48,44,584,583,1,676,2024-7
2,منطقة الرياض,أنشطة البرمجة والإذاعة,64,198,121,77,472,408,64,670,2024-4
3,منطقة جازان,أنشطة المعمارية والهندسية ، والاختبارات الفنية والتحليل,159,219,127,92,449,438,11,668,2024-7
3,منطقة المدينة المنورة,صنع المعدات الكهربائية,38,200,84,116,468,467,1,668,2024-7
2,منطقة المدينة المنورة,أنشطة الخدمات المالية ، فيما عدا تمويل التأمين وصناديق المعاشات,46,364,276,88,301,285,16,665,2024-4
3,منطقة المدينة المنورة,أنشطة الخدمات المالية ، فيما عدا تمويل التأمين وصناديق المعاشات,49,357,266,91,305,289,16,662,2024-7
3,منطقة تبوك,الصرف الصحي,15,136,116,20,518,514,4,654,2024-7
1,منطقة عسير,صنع الفلزات القاعدية,81,133,102,31,515,514,1,648,2024-1
1,منطقة الرياض,تعدين ركازات الفلزات,59,251,171,80,396,393,3,647,2024-1
3,منطقة الحدود الشمالية,صُنع المنتجات الغذائية,145,71,25,46,574,570,4,645,2024-7
2,منطقة الحدود الشمالية,صُنع المنتجات الغذائية,140,77,24,53,568,565,3,645,2024-4
1,منطقة الحدود الشمالية,صُنع المنتجات الغذائية,136,85,31,54,560,558,2,645,2024-1
2,منطقة نجران,الإقامة,135,125,58,67,517,515,2,642,2024-4
2,منطقة مكة المكرمة,الرعاية مع الإقامة,35,342,96,246,299,192,107,641,2024-4
2,منطقة مكة المكرمة,تعدين ركازات الفلزات,56,378,342,36,263,258,5,641,2024-4
1,منطقة المدينة المنورة,توصيل الكهرباء والغاز والبخار وتكييف الهواء,31,215,191,24,426,383,43,641,2024-1
3,منطقة القصيم,صناعة المركبات ذات المحركات والمركبات المقطورة ونصف المقطورة,23,174,116,58,467,467,0,641,2024-7
1,منطقة مكة المكرمة,تعدين ركازات الفلزات,55,376,337,39,264,259,5,640,2024-1
3,منطقة عسير,تجميع المياه ومعالجتها وتوصيلها,181,79,39,40,559,556,3,638,2024-7
1,منطقة القصيم,صناعة المركبات ذات المحركات والمركبات المقطورة ونصف المقطورة,24,177,118,59,461,461,0,638,2024-1
2,منطقة حائل,التخزين وأنشطة الدعم للنقل,183,59,37,22,579,578,1,638,2024-4
1,منطقة المدينة المنورة,أنشطة الخدمات المالية ، فيما عدا تمويل التأمين وصناديق المعاشات,46,366,274,92,270,254,16,636,2024-1
2,منطقة القصيم,صناعة المركبات ذات المحركات والمركبات المقطورة ونصف المقطورة,23,172,114,58,464,464,0,636,2024-4
3,منطقة حائل,الأنشطة الإدارية للمكاتب ، وأنشطة الدعم للمكاتب وغير ذلك من أنشطة الدعم للأعمال,262,63,20,43,571,566,5,634,2024-7
3,منطقة جازان,الأنشطة الأخرى للتعدين واستغلال المحاجر,55,111,73,38,516,516,0,627,2024-7
1,منطقة الباحة,النقل البري و النقل عبر الأنابيب,197,58,32,26,568,566,2,626,2024-1
3,منطقة مكة المكرمة,تعدين ركازات الفلزات,55,375,338,37,250,244,6,625,2024-7
1,منطقة الرياض,أنشطة البرمجة والإذاعة,64,191,119,72,433,376,57,624,2024-1
2,منطقة الباحة,صُنع المنتجات الغذائية,137,87,40,47,532,531,1,619,2024-4
3,منطقة حائل,صُنع المشروبات,12,192,67,125,425,422,3,617,2024-7
1,منطقة الباحة,صُنع المنتجات الغذائية,133,87,46,41,527,526,1,614,2024-1
3,منطقة نجران,الإقامة,132,131,62,69,483,481,2,614,2024-7
2,منطقة حائل,صُنع المشروبات,13,194,70,124,419,415,4,613,2024-4
2,منطقة نجران,توصيل الكهرباء والغاز والبخار وتكييف الهواء,10,199,188,11,412,411,1,611,2024-4
1,منطقة نجران,صنع منتجات المطاط واللدائن,26,143,44,99,467,467,0,610,2024-1
2,منطقة نجران,تجميع المياه ومعالجتها وتوصيلها,41,100,37,63,510,510,0,610,2024-4
2,منطقة نجران,أنشطة الاستخدام,67,47,20,27,563,119,444,610,2024-4
3,منطقة نجران,تجميع المياه ومعالجتها وتوصيلها,41,101,36,65,508,500,8,609,2024-7
1,منطقة الباحة,أنشطة العمل الاجتماعي، دون إقامة,76,456,224,232,153,133,20,609,2024-1
3,منطقة الحدود الشمالية,أنشطة الاستخدام,28,22,6,16,586,50,536,608,2024-7
1,منطقة حائل,أنشطة العمل الاجتماعي، دون إقامة,111,424,163,261,182,178,4,606,2024-1
3,منطقة الرياض,الأنشطة الإبداعية والفنون وأنشطة الترفيه,131,285,129,156,321,273,48,606,2024-7
2,منطقة المدينة المنورة,الصرف الصحي,47,179,152,27,425,424,1,604,2024-4
3,منطقة نجران,توصيل الكهرباء والغاز والبخار وتكييف الهواء,13,190,174,16,413,412,1,603,2024-7
2,منطقة حائل,أنشطة الاستخدام,68,83,30,53,520,193,327,603,2024-4
2,منطقة الباحة,النقل البري و النقل عبر الأنابيب,188,43,25,18,560,558,2,603,2024-4
1,منطقة نجران,تجميع المياه ومعالجتها وتوصيلها,39,102,41,61,500,500,0,602,2024-1
1,منطقة القصيم,الصناعة التحويلية الأخرى,37,181,91,90,418,406,12,599,2024-1
2,منطقة نجران,صنع منتجات المطاط واللدائن,26,135,42,93,464,464,0,599,2024-4
3,منطقة الباحة,أنشطة العمل الاجتماعي، دون إقامة,81,443,240,203,155,136,19,598,2024-7
3,منطقة عسير,الأنشطة القانونية وأنشطة المحاسبة,121,361,240,121,237,234,3,598,2024-7
2,منطقة نجران,إصلاح وتركيب الآلات والمعدات,94,119,78,41,477,473,4,596,2024-4
3,منطقة الباحة,النقل البري و النقل عبر الأنابيب,188,37,21,16,558,556,2,595,2024-7
1,منطقة حائل,صُنع المشروبات,14,165,54,111,430,426,4,595,2024-1
3,منطقة تبوك,أنشطة الأمن والتحقيقات,6,586,535,51,9,9,0,595,2024-7
3,منطقة نجران,إصلاح وتركيب الآلات والمعدات,100,115,74,41,479,475,4,594,2024-7
1,منطقة المدينة المنورة,أنشطة الأمن والتحقيقات,20,565,540,25,26,26,0,591,2024-1
1,منطقة الرياض,الأنشطة الإبداعية والفنون وأنشطة الترفيه,122,244,98,146,346,307,39,590,2024-1
1,منطقة الرياض,الحراجة وقطع الأخشاب,43,97,60,37,492,487,5,589,2024-1
1,منطقة القصيم,الصرف الصحي,45,97,60,37,492,490,2,589,2024-1
1,منطقة عسير,تجميع المياه ومعالجتها وتوصيلها,181,64,33,31,522,518,4,586,2024-1
1,منطقة تبوك,إصلاح وتركيب الآلات والمعدات,185,82,56,26,504,503,1,586,2024-1
1,منطقة نجران,توصيل الكهرباء والغاز والبخار وتكييف الهواء,10,193,185,8,391,390,1,584,2024-1
2,منطقة حائل,الأنشطة الإدارية للمكاتب ، وأنشطة الدعم للمكاتب وغير ذلك من أنشطة الدعم للأعمال,243,63,22,41,520,513,7,583,2024-4
2,منطقة عسير,تجميع المياه ومعالجتها وتوصيلها,179,62,32,30,521,518,3,583,2024-4
3,منطقة نجران,صنع منتجات المطاط واللدائن,28,127,37,90,451,451,0,578,2024-7
3,منطقة تبوك,أنشطة العمل الاجتماعي، دون إقامة,72,433,162,271,144,127,17,577,2024-7
2,منطقة الرياض,الأنشطة الإبداعية والفنون وأنشطة الترفيه,125,266,124,142,310,268,42,576,2024-4
1,منطقة المدينة المنورة,الصرف الصحي,39,184,154,30,392,391,1,576,2024-1
2,منطقة الباحة,أنشطة العمل الاجتماعي، دون إقامة,77,421,230,191,154,135,19,575,2024-4
3,منطقة المدينة المنورة,الصرف الصحي,53,171,148,23,403,401,2,574,2024-7
1,منطقة جازان,الأنشطة الرياضية وأنشطة التسلية والترفيه,103,130,38,92,441,401,40,571,2024-1
1,منطقة جازان,الأنشطة العقارية,194,100,42,58,469,462,7,569,2024-1
3,منطقة جازان,أنشطة الأمن والتحقيقات,8,553,540,13,13,13,0,566,2024-7
3,منطقة القصيم,الأنشطة القانونية وأنشطة المحاسبة,148,357,200,157,206,202,4,563,2024-7
1,منطقة عسير,صنع منتجات المطاط واللدائن,50,110,44,66,453,447,6,563,2024-1
2,منطقة عسير,صنع منتجات المطاط واللدائن,53,98,37,61,461,455,6,559,2024-4
3,منطقة القصيم,صنع المعدات الكهربائية,46,115,74,41,444,443,1,559,2024-7
2,منطقة الرياض,الحراجة وقطع الأخشاب,44,83,53,30,474,470,4,557,2024-4
2,منطقة القصيم,الأنشطة القانونية وأنشطة المحاسبة,140,331,189,142,225,221,4,556,2024-4
1,منطقة حائل,التخزين وأنشطة الدعم للنقل,165,57,38,19,498,497,1,555,2024-1
2,منطقة جازان,أنشطة العمل الاجتماعي، دون إقامة,105,399,243,156,155,140,15,554,2024-4
1,منطقة الجوف,صنع منتجات المطاط واللدائن,16,121,89,32,430,430,0,551,2024-1
2,منطقة حائل,أنشطة العمل الاجتماعي، دون إقامة,109,370,156,214,179,175,4,549,2024-4
2,منطقة تبوك,أنشطة الأمن والتحقيقات,7,539,508,31,10,10,0,549,2024-4
2,منطقة الحدود الشمالية,صنع منتجات المعادن المشكلة ( باستثناء الآلات والمعدات ),141,61,32,29,484,481,3,545,2024-4
2,منطقة جازان,الأنشطة العقارية,194,86,42,44,459,452,7,545,2024-4
3,المنطقة الشرقية,أنشطة البريد ونقل الرسائل والطرود بواسطة مندوبين,56,148,77,71,396,396,0,544,2024-7
1,منطقة الباحة,صُنع الخشب ومنتجات الخشب والفلين ، باستثناء الأثاث ، صُنع أصناف من القش ومواد الضفر,96,89,62,27,453,452,1,542,2024-1
2,منطقة الباحة,صُنع الخشب ومنتجات الخشب والفلين ، باستثناء الأثاث ، صُنع أصناف من القش ومواد الضفر,88,88,60,28,453,453,0,541,2024-4
3,منطقة الحدود الشمالية,صنع منتجات المعادن المشكلة ( باستثناء الآلات والمعدات ),138,61,30,31,479,476,3,540,2024-7
3,منطقة تبوك,الأنشطة الإدارية للمكاتب ، وأنشطة الدعم للمكاتب وغير ذلك من أنشطة الدعم للأعمال,217,66,39,27,472,455,17,538,2024-7
1,منطقة نجران,الإقامة,133,126,59,67,412,410,2,538,2024-1
1,منطقة الحدود الشمالية,صنع منتجات المعادن المشكلة ( باستثناء الآلات والمعدات ),140,58,32,26,479,476,3,537,2024-1
2,منطقة تبوك,الأنشطة الإدارية للمكاتب ، وأنشطة الدعم للمكاتب وغير ذلك من أنشطة الدعم للأعمال,209,78,42,36,458,441,17,536,2024-4
3,منطقة الباحة,صُنع الخشب ومنتجات الخشب والفلين ، باستثناء الأثاث ، صُنع أصناف من القش ومواد الضفر,93,85,55,30,451,451,0,536,2024-7
2,منطقة عسير,الأنشطة القانونية وأنشطة المحاسبة,109,307,205,102,229,226,3,536,2024-4
1,منطقة جازان,أنشطة المنظمات ذات العضوية,141,268,108,160,267,263,4,535,2024-1
1,منطقة الجوف,التخزين وأنشطة الدعم للنقل,130,117,96,21,415,413,2,532,2024-1
1,منطقة الحدود الشمالية,الأنشطة الإيجارية,191,79,64,15,452,449,3,531,2024-1
3,منطقة القصيم,صُنع المنسوجات,140,65,29,36,465,463,2,530,2024-7
2,منطقة القصيم,صُنع المنسوجات,143,60,29,31,469,466,3,529,2024-4
2,منطقة الحدود الشمالية,الأنشطة الإيجارية,191,73,58,15,456,453,3,529,2024-4
2,منطقة القصيم,صنع المعدات الكهربائية,50,99,73,26,427,426,1,526,2024-4
3,منطقة حائل,إصلاح وتركيب الآلات والمعدات,130,63,32,31,462,461,1,525,2024-7
2,منطقة الجوف,صنع منتجات المطاط واللدائن,16,121,84,37,404,404,0,525,2024-4
1,منطقة حائل,الأنشطة الإدارية للمكاتب ، وأنشطة الدعم للمكاتب وغير ذلك من أنشطة الدعم للأعمال,229,66,28,38,459,452,7,525,2024-1
3,منطقة الجوف,التخزين وأنشطة الدعم للنقل,130,108,88,20,416,413,3,524,2024-7
3,منطقة الحدود الشمالية,الأنشطة الإيجارية,190,68,55,13,456,453,3,524,2024-7
3,منطقة عسير,صنع منتجات المطاط واللدائن,52,102,38,64,421,417,4,523,2024-7
2,منطقة حائل,صنع الأثاث,170,45,31,14,477,476,1,522,2024-4
1,منطقة عسير,الأنشطة القانونية وأنشطة المحاسبة,109,296,196,100,226,224,2,522,2024-1
2,منطقة الجوف,التخزين وأنشطة الدعم للنقل,131,114,90,24,408,406,2,522,2024-4
3,منطقة المدينة المنورة,صُنع الورق ومنتجات الورق,32,135,85,50,385,379,6,520,2024-7
1,منطقة حائل,الإقامة,101,172,117,55,348,348,0,520,2024-1
3,منطقة حائل,صنع الأثاث,168,50,27,23,469,469,0,519,2024-7
3,منطقة القصيم,الصرف الصحي,55,91,58,33,427,425,2,518,2024-7
1,منطقة نجران,إصلاح وتركيب الآلات والمعدات,84,96,59,37,422,420,2,518,2024-1
2,منطقة مكة المكرمة,الأنشطة البيطرية,89,154,45,109,363,314,49,517,2024-4
3,منطقة جازان,الأنشطة العقارية,204,82,41,41,434,428,6,516,2024-7
2,منطقة حائل,الإقامة,101,171,114,57,344,344,0,515,2024-4
1,منطقة حائل,صنع الأثاث,167,39,23,16,474,473,1,513,2024-1
3,منطقة الجوف,صنع منتجات المطاط واللدائن,17,116,76,40,393,393,0,509,2024-7
3,منطقة جازان,أنشطة المنظمات ذات العضوية,137,250,105,145,257,252,5,507,2024-7
1,منطقة المدينة المنورة,صُنع الورق ومنتجات الورق,35,129,86,43,378,373,5,507,2024-1
1,منطقة القصيم,صنع المعدات الكهربائية,49,100,73,27,406,406,0,506,2024-1
3,منطقة حائل,أنشطة العمل الاجتماعي، دون إقامة,108,340,156,184,166,164,2,506,2024-7
3,منطقة مكة المكرمة,الأنشطة البيطرية,87,153,43,110,353,301,52,506,2024-7
2,منطقة المدينة المنورة,صُنع الورق ومنتجات الورق,35,129,85,44,376,370,6,505,2024-4
2,منطقة نجران,صُنع المشروبات,11,151,95,56,354,354,0,505,2024-4
3,منطقة نجران,صُنع المشروبات,11,144,92,52,361,361,0,505,2024-7
1,منطقة مكة المكرمة,الأنشطة البيطرية,88,153,42,111,350,302,48,503,2024-1
1,منطقة القصيم,صُنع المنسوجات,134,63,33,30,440,440,0,503,2024-1
3,منطقة حائل,الإقامة,101,153,101,52,345,345,0,498,2024-7
2,منطقة جازان,الأنشطة الرياضية وأنشطة التسلية والترفيه,105,116,32,84,372,327,45,488,2024-4
1,منطقة نجران,أنشطة الاستخدام,68,51,18,33,434,116,318,485,2024-1
3,منطقة جازان,تجميع المياه ومعالجتها وتوصيلها,104,137,114,23,348,347,1,485,2024-7
1,منطقة المدينة المنورة,صناعة الآلات والمعدات غير المصنفة في موضع أخر,28,120,77,43,364,363,1,484,2024-1
1,منطقة تبوك,الأنشطة الإدارية للمكاتب ، وأنشطة الدعم للمكاتب وغير ذلك من أنشطة الدعم للأعمال,188,84,45,39,398,384,14,482,2024-1
3,منطقة الحدود الشمالية,إصلاح وتركيب الآلات والمعدات,82,69,53,16,406,406,0,475,2024-7
2,منطقة تبوك,صُنع المشروبات,22,152,59,93,323,321,2,475,2024-4
1,منطقة نجران,صُنع المشروبات,9,141,100,41,333,333,0,474,2024-1
2,منطقة جازان,الأنشطة الأخرى للتعدين واستغلال المحاجر,53,103,66,37,371,370,1,474,2024-4
2,منطقة جازان,أنشطة المنظمات ذات العضوية,139,204,103,101,270,266,4,474,2024-4
1,منطقة القصيم,الأنشطة القانونية وأنشطة المحاسبة,136,342,188,154,131,127,4,473,2024-1
3,منطقة القصيم,أنشطة المنظمات ذات العضوية,113,226,144,82,245,241,4,471,2024-7
1,منطقة نجران,أنشطة الأمن والتحقيقات,2,467,360,107,2,2,0,469,2024-1
1,منطقة الحدود الشمالية,الأنشطة الأخرى للتعدين واستغلال المحاجر,17,167,133,34,300,300,0,467,2024-1
2,منطقة جازان,تجميع المياه ومعالجتها وتوصيلها,103,139,119,20,327,327,0,466,2024-4
3,منطقة الحدود الشمالية,الأنشطة الأخرى للتعدين واستغلال المحاجر,17,159,125,34,307,307,0,466,2024-7
3,منطقة جازان,الأنشطة الإدارية للمكاتب ، وأنشطة الدعم للمكاتب وغير ذلك من أنشطة الدعم للأعمال,195,50,26,24,416,404,12,466,2024-7
2,منطقة الحدود الشمالية,الأنشطة الأخرى للتعدين واستغلال المحاجر,17,161,129,32,305,305,0,466,2024-4
3,المنطقة الشرقية,الرعاية مع الإقامة,13,312,20,292,150,76,74,462,2024-7
3,منطقة حائل,صُنع المواد الكيميائية والمنتجات الكيميائية,77,96,35,61,363,363,0,459,2024-7
1,منطقة تبوك,الأنشطة العقارية,160,95,60,35,363,361,2,458,2024-1
1,منطقة تبوك,أنشطة العمل الاجتماعي، دون إقامة,57,348,115,233,105,95,10,453,2024-1
2,المنطقة الشرقية,أنشطة البريد ونقل الرسائل والطرود بواسطة مندوبين,50,145,73,72,307,307,0,452,2024-4
3,منطقة تبوك,صُنع المشروبات,21,142,54,88,309,307,2,451,2024-7
2,منطقة الجوف,إصلاح وتركيب الآلات والمعدات,106,94,60,34,357,334,23,451,2024-4
2,منطقة المدينة المنورة,صناعة الآلات والمعدات غير المصنفة في موضع أخر,26,106,73,33,345,345,0,451,2024-4
2,منطقة حائل,الصرف الصحي,20,124,62,62,324,318,6,448,2024-4
3,منطقة المدينة المنورة,صناعة الآلات والمعدات غير المصنفة في موضع أخر,28,95,67,28,351,351,0,446,2024-7
2,منطقة الباحة,تجميع المياه ومعالجتها وتوصيلها,36,89,81,8,356,356,0,445,2024-4
1,منطقة حائل,أنشطة الاستخدام,66,84,33,51,360,142,218,444,2024-1
3,منطقة الباحة,تجميع المياه ومعالجتها وتوصيلها,38,84,77,7,359,359,0,443,2024-7
1,المنطقة الشرقية,الرعاية مع الإقامة,15,298,23,275,145,80,65,443,2024-1
1,منطقة عسير,صناعة الآلات والمعدات غير المصنفة في موضع أخر,20,134,88,46,308,306,2,442,2024-1
3,منطقة الجوف,إصلاح وتركيب الآلات والمعدات,115,69,45,24,372,370,2,441,2024-7
2,منطقة الباحة,صُنع الملبوسات,167,50,25,25,391,351,40,441,2024-4
3,منطقة تبوك,الأنشطة العقارية,170,74,45,29,367,361,6,441,2024-7
2,منطقة حائل,إصلاح وتركيب الآلات والمعدات,121,43,21,22,398,398,0,441,2024-4
2,منطقة جازان,الأنشطة الإدارية للمكاتب ، وأنشطة الدعم للمكاتب وغير ذلك من أنشطة الدعم للأعمال,186,52,33,19,388,378,10,440,2024-4
1,منطقة الباحة,الإقامة,96,128,79,49,311,310,1,439,2024-1
2,منطقة تبوك,الأنشطة العقارية,170,81,48,33,357,354,3,438,2024-4
1,منطقة الباحة,تجميع المياه ومعالجتها وتوصيلها,36,82,77,5,354,354,0,436,2024-1
3,منطقة الباحة,صُنع الملبوسات,168,49,27,22,386,347,39,435,2024-7
1,منطقة القصيم,أنشطة جمع النفايات ومعالجتها وتصريفها ، واسترجاع المواد,41,74,52,22,360,328,32,434,2024-1
2,منطقة الباحة,الإقامة,95,126,79,47,306,305,1,432,2024-4
3,منطقة تبوك,الأنشطة الرياضية وأنشطة التسلية والترفيه,110,146,54,92,283,250,33,429,2024-7
1,منطقة القصيم,الرعاية مع الإقامة,10,315,97,218,112,76,36,427,2024-1
3,منطقة جازان,صنع فحم الكوك والمنتجات النفطية المكررة,4,305,290,15,121,117,4,426,2024-7
1,منطقة جازان,تجميع المياه ومعالجتها وتوصيلها,99,143,130,13,283,283,0,426,2024-1
2,منطقة تبوك,الصرف الصحي,13,102,84,18,324,321,3,426,2024-4
2,منطقة الحدود الشمالية,إصلاح وتركيب الآلات والمعدات,80,61,52,9,363,363,0,424,2024-4
1,منطقة الباحة,صُنع الملبوسات,164,45,25,20,377,347,30,422,2024-1
2,منطقة القصيم,الصرف الصحي,50,70,41,29,352,351,1,422,2024-4
3,منطقة جازان,الأنشطة الرياضية وأنشطة التسلية والترفيه,107,97,26,71,325,275,50,422,2024-7
3,منطقة حائل,تجميع المياه ومعالجتها وتوصيلها,53,78,61,17,344,344,0,422,2024-7
2,منطقة حائل,صُنع المواد الكيميائية والمنتجات الكيميائية,75,51,24,27,369,368,1,420,2024-4
3,منطقة حائل,أنشطة المنظمات ذات العضوية,117,85,43,42,334,331,3,419,2024-7
2,منطقة القصيم,أنشطة جمع النفايات ومعالجتها وتصريفها ، واسترجاع المواد,40,66,47,19,351,321,30,417,2024-4
3,منطقة المدينة المنورة,أنشطة المنظمات ذات العضوية,91,168,124,44,248,242,6,416,2024-7
2,منطقة نجران,صُنع الخشب ومنتجات الخشب والفلين ، باستثناء الأثاث ، صُنع أصناف من القش ومواد الضفر,98,39,27,12,375,375,0,414,2024-4
1,منطقة حائل,تجميع المياه ومعالجتها وتوصيلها,45,81,67,14,331,331,0,412,2024-1
1,منطقة الحدود الشمالية,إصلاح وتركيب الآلات والمعدات,78,51,46,5,359,359,0,410,2024-1
1,منطقة حائل,صُنع المواد الكيميائية والمنتجات الكيميائية,75,45,24,21,365,365,0,410,2024-1
2,منطقة المدينة المنورة,أنشطة المنظمات ذات العضوية,91,166,119,47,243,240,3,409,2024-4
1,منطقة الجوف,أنشطة المعمارية والهندسية ، والاختبارات الفنية والتحليل,115,79,56,23,329,327,2,408,2024-1
1,منطقة جازان,الأنشطة الإدارية للمكاتب ، وأنشطة الدعم للمكاتب وغير ذلك من أنشطة الدعم للأعمال,183,54,28,26,354,346,8,408,2024-1
3,منطقة القصيم,أنشطة البرمجة الحاسوبية والخبرة الاستشارية وما يتصل بها من أنشطة,97,119,53,66,289,283,6,408,2024-7
1,منطقة الجوف,إصلاح وتركيب الآلات والمعدات,102,81,47,34,325,317,8,406,2024-1
3,منطقة نجران,أنشطة العمل الاجتماعي، دون إقامة,51,252,90,162,154,123,31,406,2024-7
2,منطقة جازان,صنع فحم الكوك والمنتجات النفطية المكررة,4,292,278,14,114,110,4,406,2024-4
1,منطقة حائل,صُنع الخشب ومنتجات الخشب والفلين ، باستثناء الأثاث ، صُنع أصناف من القش ومواد الضفر,92,54,25,29,350,350,0,404,2024-1
1,منطقة المدينة المنورة,أنشطة المنظمات ذات العضوية,86,162,107,55,242,238,4,404,2024-1
1,منطقة حائل,إصلاح وتركيب الآلات والمعدات,115,35,12,23,368,368,0,403,2024-1
1,منطقة نجران,أنشطة العمل الاجتماعي، دون إقامة,57,254,98,156,149,127,22,403,2024-1
2,منطقة الجوف,أنشطة المعمارية والهندسية ، والاختبارات الفنية والتحليل,112,77,54,23,325,323,2,402,2024-4
3,منطقة الباحة,الإقامة,91,107,64,43,295,294,1,402,2024-7
3,منطقة حائل,الأنشطة العقارية,125,66,41,25,335,325,10,401,2024-7
3,منطقة القصيم,الرعاية مع الإقامة,11,277,64,213,124,90,34,401,2024-7
1,منطقة نجران,صُنع الخشب ومنتجات الخشب والفلين ، باستثناء الأثاث ، صُنع أصناف من القش ومواد الضفر,96,35,25,10,365,365,0,400,2024-1
1,منطقة جازان,صنع فحم الكوك والمنتجات النفطية المكررة,4,290,277,13,108,104,4,398,2024-1
3,منطقة حائل,الصرف الصحي,21,184,101,83,213,213,0,397,2024-7
3,منطقة تبوك,الأنشطة الأخرى للتعدين واستغلال المحاجر,35,76,49,27,321,321,0,397,2024-7
2,منطقة حائل,تجميع المياه ومعالجتها وتوصيلها,47,75,55,20,321,321,0,396,2024-4
1,منطقة الباحة,أنشطة المعمارية والهندسية ، والاختبارات الفنية والتحليل,103,110,45,65,283,280,3,393,2024-1
2,منطقة حائل,صُنع الخشب ومنتجات الخشب والفلين ، باستثناء الأثاث ، صُنع أصناف من القش ومواد الضفر,92,50,27,23,342,342,0,392,2024-4
1,المنطقة الشرقية,البحث والتطوير في المجال العلمي,29,235,141,94,157,150,7,392,2024-1
1,منطقة تبوك,الأنشطة الأخرى للتعدين واستغلال المحاجر,27,80,48,32,310,310,0,390,2024-1
2,منطقة الجوف,أنشطة العمل الاجتماعي، دون إقامة,55,240,125,115,148,145,3,388,2024-4
3,منطقة المدينة المنورة,أنشطة البرمجة الحاسوبية والخبرة الاستشارية وما يتصل بها من أنشطة,117,131,83,48,257,237,20,388,2024-7
1,منطقة مكة المكرمة,استخراج النفط الخام والغاز الطبيعي,4,349,344,5,39,39,0,388,2024-1
1,منطقة تبوك,الأنشطة الرياضية وأنشطة التسلية والترفيه,105,117,40,77,271,242,29,388,2024-1
2,المنطقة الشرقية,النقل الجوي,72,156,117,39,231,229,2,387,2024-4
2,منطقة تبوك,الأنشطة الرياضية وأنشطة التسلية والترفيه,106,118,43,75,268,236,32,386,2024-4
2,منطقة تبوك,الأنشطة الأخرى للتعدين واستغلال المحاجر,32,79,49,30,306,306,0,385,2024-4
2,منطقة حائل,الأنشطة العقارية,116,64,36,28,319,309,10,383,2024-4
2,منطقة الباحة,أنشطة المعمارية والهندسية ، والاختبارات الفنية والتحليل,102,109,45,64,273,268,5,382,2024-4
2,منطقة جازان,أنشطة الأمن والتحقيقات,8,363,358,5,19,19,0,382,2024-4
2,منطقة القصيم,أنشطة المنظمات ذات العضوية,105,171,109,62,211,209,2,382,2024-4
2,منطقة تبوك,أنشطة العمل الاجتماعي، دون إقامة,66,251,142,109,130,119,11,381,2024-4
3,منطقة الحدود الشمالية,الصرف الصحي,10,75,58,17,306,302,4,381,2024-7
3,منطقة الجوف,أنشطة المعمارية والهندسية ، والاختبارات الفنية والتحليل,108,77,57,20,303,302,1,380,2024-7
2,منطقة الجوف,أنشطة الأمن والتحقيقات,5,372,352,20,7,7,0,379,2024-4
3,منطقة تبوك,صنع الفلزات القاعدية,20,100,45,55,279,279,0,379,2024-7
3,منطقة تبوك,صُنع الخشب ومنتجات الخشب والفلين ، باستثناء الأثاث ، صُنع أصناف من القش ومواد الضفر,130,39,15,24,339,338,1,378,2024-7
3,منطقة الجوف,أنشطة العمل الاجتماعي، دون إقامة,53,240,137,103,137,135,2,377,2024-7
1,منطقة جازان,أنشطة الأمن والتحقيقات,11,355,351,4,22,22,0,377,2024-1
3,منطقة حائل,صُنع الخشب ومنتجات الخشب والفلين ، باستثناء الأثاث ، صُنع أصناف من القش ومواد الضفر,91,44,24,20,333,333,0,377,2024-7
1,منطقة الجوف,أنشطة العمل الاجتماعي، دون إقامة,53,239,123,116,137,132,5,376,2024-1
3,منطقة الباحة,صنع الأثاث,109,16,9,7,360,360,0,376,2024-7
2,منطقة جازان,توصيل الكهرباء والغاز والبخار وتكييف الهواء,32,107,96,11,269,269,0,376,2024-4
1,منطقة الجوف,إصلاح أجهزة الحاسوب والسلع الشخصية والمنزلية,148,9,8,1,367,367,0,376,2024-1
2,منطقة تبوك,صنع الفلزات القاعدية,17,92,38,54,283,283,0,375,2024-4
3,منطقة الجوف,أنشطة الأمن والتحقيقات,4,365,348,17,9,9,0,374,2024-7
3,منطقة الجوف,إصلاح أجهزة الحاسوب والسلع الشخصية والمنزلية,143,19,12,7,355,355,0,374,2024-7
3,المنطقة الشرقية,النقل الجوي,64,166,124,42,207,205,2,373,2024-7
3,منطقة نجران,الأنشطة الإدارية للمكاتب ، وأنشطة الدعم للمكاتب وغير ذلك من أنشطة الدعم للأعمال,161,20,7,13,353,349,4,373,2024-7
1,منطقة جازان,الأنشطة الأخرى للتعدين واستغلال المحاجر,51,77,49,28,295,295,0,372,2024-1
1,المنطقة الشرقية,أنشطة البريد ونقل الرسائل والطرود بواسطة مندوبين,54,127,64,63,245,244,1,372,2024-1
2,منطقة الباحة,صنع الأثاث,107,16,11,5,354,354,0,370,2024-4
1,منطقة تبوك,صنع الفلزات القاعدية,14,94,38,56,273,273,0,367,2024-1
1,المنطقة الشرقية,النقل الجوي,72,149,111,38,218,216,2,367,2024-1
2,منطقة المدينة المنورة,أنشطة البريد ونقل الرسائل والطرود بواسطة مندوبين,30,84,70,14,282,281,1,366,2024-4
2,منطقة القصيم,الصناعة التحويلية الأخرى,37,87,64,23,279,265,14,366,2024-4
1,منطقة حائل,الأنشطة الرياضية وأنشطة التسلية والترفيه,77,111,44,67,255,244,11,366,2024-1
3,منطقة الباحة,أنشطة المعمارية والهندسية ، والاختبارات الفنية والتحليل,98,105,43,62,260,256,4,365,2024-7
2,المنطقة الشرقية,الرعاية مع الإقامة,14,225,19,206,139,76,63,364,2024-4
1,منطقة الباحة,صنع الأثاث,108,14,8,6,350,350,0,364,2024-1
1,منطقة الحدود الشمالية,أنشطة الأمن والتحقيقات,6,26,22,4,337,334,3,363,2024-1
3,منطقة القصيم,أنشطة المكاتب الرئيسية، والأنشطة الاستشارية في مجال الإدارة,28,130,95,35,233,228,5,363,2024-7
2,منطقة الجوف,صنع الأثاث,145,22,13,9,341,340,1,363,2024-4
3,منطقة جازان,توصيل الكهرباء والغاز والبخار وتكييف الهواء,33,90,78,12,272,272,0,362,2024-7
2,منطقة الحدود الشمالية,أنشطة الأمن والتحقيقات,6,25,21,4,337,334,3,362,2024-4
2,المنطقة الشرقية,الأنشطة البيطرية,73,99,34,65,263,248,15,362,2024-4
1,منطقة جازان,توصيل الكهرباء والغاز والبخار وتكييف الهواء,31,106,95,11,256,256,0,362,2024-1
3,منطقة حائل,صنع منتجات المطاط واللدائن,25,116,77,39,245,245,0,361,2024-7
3,منطقة مكة المكرمة,الأنشطة الإبداعية والفنون وأنشطة الترفيه,106,95,45,50,266,234,32,361,2024-7
2,منطقة تبوك,صُنع الخشب ومنتجات الخشب والفلين ، باستثناء الأثاث ، صُنع أصناف من القش ومواد الضفر,128,33,15,18,328,328,0,361,2024-4
2,منطقة المدينة المنورة,أنشطة البرمجة الحاسوبية والخبرة الاستشارية وما يتصل بها من أنشطة,111,127,78,49,233,221,12,360,2024-4
3,المنطقة الشرقية,أنشطة إنتاج الأفلام والفيديو والبرامج التليفزيونية والتسجيلات الصوتية ونشر الموسيقى,65,178,81,97,182,159,23,360,2024-7
1,منطقة تبوك,صُنع المشروبات,20,102,50,52,258,258,0,360,2024-1
3,منطقة المدينة المنورة,أنشطة البريد ونقل الرسائل والطرود بواسطة مندوبين,30,67,50,17,293,292,1,360,2024-7
1,منطقة جازان,أبحاث الإعلان والسوق,123,61,26,35,298,292,6,359,2024-1
2,منطقة الجوف,إصلاح أجهزة الحاسوب والسلع الشخصية والمنزلية,142,11,9,2,347,347,0,358,2024-4
2,منطقة نجران,الأنشطة الإدارية للمكاتب ، وأنشطة الدعم للمكاتب وغير ذلك من أنشطة الدعم للأعمال,149,24,11,13,334,333,1,358,2024-4
2,منطقة حائل,أنشطة المنظمات ذات العضوية,106,85,40,45,270,267,3,355,2024-4
1,منطقة حائل,الأنشطة العقارية,118,60,38,22,295,290,5,355,2024-1
3,منطقة الجوف,صنع الأثاث,144,18,10,8,335,334,1,353,2024-7
3,منطقة عسير,الصناعة التحويلية الأخرى,57,92,48,44,261,228,33,353,2024-7
2,منطقة حائل,صنع منتجات المطاط واللدائن,25,117,78,39,236,236,0,353,2024-4
2,منطقة جازان,أبحاث الإعلان والسوق,120,45,20,25,308,302,6,353,2024-4
2,منطقة عسير,الصناعة التحويلية الأخرى,57,83,44,39,269,238,31,352,2024-4
2,المنطقة الشرقية,أنشطة إنتاج الأفلام والفيديو والبرامج التليفزيونية والتسجيلات الصوتية ونشر الموسيقى,62,165,74,91,186,161,25,351,2024-4
1,منطقة حائل,صنع منتجات المطاط واللدائن,24,124,84,40,226,226,0,350,2024-1
3,المنطقة الشرقية,الأنشطة البيطرية,71,92,27,65,258,246,12,350,2024-7
3,منطقة مكة المكرمة,استخراج النفط الخام والغاز الطبيعي,4,309,306,3,37,37,0,346,2024-7
3,منطقة الحدود الشمالية,أنشطة الأمن والتحقيقات,5,8,7,1,338,334,4,346,2024-7
3,منطقة عسير,صيد الأسماك وتربية المائيات,76,30,23,7,315,315,0,345,2024-7
2,منطقة حائل,الأنشطة الرياضية وأنشطة التسلية والترفيه,76,103,42,61,240,229,11,343,2024-4
2,منطقة القصيم,أنشطة البرمجة الحاسوبية والخبرة الاستشارية وما يتصل بها من أنشطة,75,113,51,62,230,226,4,343,2024-4
2,منطقة مكة المكرمة,استخراج النفط الخام والغاز الطبيعي,4,306,304,2,36,36,0,342,2024-4
3,منطقة القصيم,الصناعة التحويلية الأخرى,35,96,69,27,246,233,13,342,2024-7
2,منطقة نجران,أنشطة العمل الاجتماعي، دون إقامة,54,201,85,116,140,117,23,341,2024-4
2,منطقة الحدود الشمالية,أنشطة الاستخدام,27,26,8,18,314,40,274,340,2024-4
1,منطقة القصيم,أنشطة البرمجة الحاسوبية والخبرة الاستشارية وما يتصل بها من أنشطة,75,110,49,61,230,229,1,340,2024-1
3,منطقة جازان,أبحاث الإعلان والسوق,126,49,25,24,291,286,5,340,2024-7
3,منطقة عسير,صناعة الآلات والمعدات غير المصنفة في موضع أخر,21,88,64,24,251,250,1,339,2024-7
1,منطقة المدينة المنورة,الأنشطة المهنية والعلمية والتقنية الأخرى,115,66,35,31,273,223,50,339,2024-1
1,منطقة تبوك,صُنع الخشب ومنتجات الخشب والفلين ، باستثناء الأثاث ، صُنع أصناف من القش ومواد الضفر,127,31,12,19,306,305,1,337,2024-1
1,منطقة الجوف,صنع الأثاث,138,18,9,9,318,317,1,336,2024-1
1,منطقة مكة المكرمة,الأنشطة الإبداعية والفنون وأنشطة الترفيه,112,104,38,66,232,207,25,336,2024-1
2,منطقة عسير,صناعة الآلات والمعدات غير المصنفة في موضع أخر,20,90,65,25,246,245,1,336,2024-4
1,منطقة عسير,الصناعة التحويلية الأخرى,52,79,42,37,256,229,27,335,2024-1
1,منطقة الباحة,صُنع المشروبات,10,89,19,70,245,244,1,334,2024-1
1,منطقة تبوك,الصرف الصحي,11,81,68,13,252,249,3,333,2024-1
2,منطقة المدينة المنورة,الأنشطة المهنية والعلمية والتقنية الأخرى,112,65,33,32,268,218,50,333,2024-4
2,منطقة مكة المكرمة,أنشطة المعالجة وخدمات إدارة النفايات الأخرى,5,50,32,18,282,282,0,332,2024-4
1,منطقة الجوف,صُنع الخشب ومنتجات الخشب والفلين ، باستثناء الأثاث ، صُنع أصناف من القش ومواد الضفر,118,21,12,9,311,309,2,332,2024-1
2,منطقة الباحة,صُنع المشروبات,10,83,18,65,249,248,1,332,2024-4
1,منطقة الحدود الشمالية,أنشطة الاستخدام,26,31,12,19,298,40,258,329,2024-1
1,المنطقة الشرقية,الأنشطة البيطرية,72,93,33,60,236,222,14,329,2024-1
1,منطقة الباحة,الأنشطة الأخرى للتعدين واستغلال المحاجر,11,61,29,32,268,268,0,329,2024-1
2,منطقة عسير,صيد الأسماك وتربية المائيات,78,30,21,9,299,299,0,329,2024-4
2,منطقة مكة المكرمة,الأنشطة الإبداعية والفنون وأنشطة الترفيه,104,99,39,60,229,202,27,328,2024-4
3,منطقة حائل,الأنشطة الرياضية وأنشطة التسلية والترفيه,77,103,51,52,225,212,13,328,2024-7
2,منطقة الجوف,صُنع الخشب ومنتجات الخشب والفلين ، باستثناء الأثاث ، صُنع أصناف من القش ومواد الضفر,118,21,13,8,305,303,2,326,2024-4
1,منطقة نجران,الأنشطة الإدارية للمكاتب ، وأنشطة الدعم للمكاتب وغير ذلك من أنشطة الدعم للأعمال,136,27,13,14,299,297,2,326,2024-1
3,منطقة الجوف,صُنع الخشب ومنتجات الخشب والفلين ، باستثناء الأثاث ، صُنع أصناف من القش ومواد الضفر,122,26,18,8,299,297,2,325,2024-7
1,منطقة القصيم,أنشطة المنظمات ذات العضوية,99,153,96,57,171,170,1,324,2024-1
2,منطقة القصيم,وكالات السفر ومشغّلو الجولات السياحية وخدمات الحجز والأنشطة المتصلة بها,99,53,24,29,269,266,3,322,2024-4
3,منطقة الجوف,الأنشطة الرياضية وأنشطة التسلية والترفيه,45,40,17,23,282,217,65,322,2024-7
3,منطقة المدينة المنورة,الأنشطة المهنية والعلمية والتقنية الأخرى,101,64,34,30,258,207,51,322,2024-7
2,منطقة القصيم,أنشطة المكاتب الرئيسية، والأنشطة الاستشارية في مجال الإدارة,26,97,77,20,225,220,5,322,2024-4
3,منطقة مكة المكرمة,أنشطة المعالجة وخدمات إدارة النفايات الأخرى,6,52,37,15,269,269,0,321,2024-7
3,منطقة القصيم,وكالات السفر ومشغّلو الجولات السياحية وخدمات الحجز والأنشطة المتصلة بها,99,55,23,32,264,263,1,319,2024-7
1,منطقة عسير,صيد الأسماك وتربية المائيات,77,34,25,9,284,284,0,318,2024-1
1,منطقة المدينة المنورة,أنشطة البريد ونقل الرسائل والطرود بواسطة مندوبين,28,104,78,26,212,211,1,316,2024-1
3,منطقة الباحة,صُنع المشروبات,9,87,25,62,227,226,1,314,2024-7
1,منطقة الحدود الشمالية,صنع الأثاث,97,31,21,10,283,278,5,314,2024-1
1,منطقة القصيم,وكالات السفر ومشغّلو الجولات السياحية وخدمات الحجز والأنشطة المتصلة بها,94,65,32,33,247,244,3,312,2024-1
1,منطقة المدينة المنورة,أنشطة البرمجة الحاسوبية والخبرة الاستشارية وما يتصل بها من أنشطة,105,106,70,36,206,200,6,312,2024-1
1,منطقة الحدود الشمالية,الصرف الصحي,10,81,65,16,230,230,0,311,2024-1
3,منطقة عسير,الأنشطة المهنية والعلمية والتقنية الأخرى,59,111,51,60,200,171,29,311,2024-7
3,منطقة نجران,صُنع الخشب ومنتجات الخشب والفلين ، باستثناء الأثاث ، صُنع أصناف من القش ومواد الضفر,101,21,7,14,290,290,0,311,2024-7
3,منطقة المدينة المنورة,أنشطة خدمات دعم التعدين,6,225,196,29,85,83,2,310,2024-7
2,منطقة الحدود الشمالية,صنع الأثاث,95,26,17,9,284,284,0,310,2024-4
2,منطقة الجوف,الإقامة,81,83,40,43,226,224,2,309,2024-4
1,منطقة نجران,أنشطة جمع النفايات ومعالجتها وتصريفها ، واسترجاع المواد,18,52,24,28,256,256,0,308,2024-1
3,منطقة الحدود الشمالية,صنع الأثاث,96,23,14,9,285,285,0,308,2024-7
3,منطقة الجوف,الإقامة,81,80,38,42,228,226,2,308,2024-7
3,منطقة الحدود الشمالية,الهندسة المدنية,48,39,19,20,269,268,1,308,2024-7
2,منطقة الجوف,الأنشطة الرياضية وأنشطة التسلية والترفيه,44,35,18,17,273,213,60,308,2024-4
3,منطقة جازان,الأنشطة القانونية وأنشطة المحاسبة,66,238,165,73,69,69,0,307,2024-7
2,المنطقة الشرقية,البحث والتطوير في المجال العلمي,29,158,90,68,146,140,6,304,2024-4
3,المنطقة الشرقية,البحث والتطوير في المجال العلمي,27,164,94,70,140,134,6,304,2024-7
3,منطقة جازان,أنشطة جمع النفايات ومعالجتها وتصريفها ، واسترجاع المواد,25,71,35,36,232,232,0,303,2024-7
2,منطقة المدينة المنورة,أنشطة خدمات دعم التعدين,6,216,192,24,85,83,2,301,2024-4
1,منطقة القصيم,أنشطة المكاتب الرئيسية، والأنشطة الاستشارية في مجال الإدارة,27,87,70,17,214,209,5,301,2024-1
3,منطقة الحدود الشمالية,الإقامة,48,96,52,44,204,201,3,300,2024-7
2,منطقة الحدود الشمالية,الصرف الصحي,10,72,60,12,228,228,0,300,2024-4
2,منطقة جازان,أنشطة جمع النفايات ومعالجتها وتصريفها ، واسترجاع المواد,24,81,44,37,217,217,0,298,2024-4
3,منطقة عسير,صُنع المنسوجات,101,30,15,15,267,262,5,297,2024-7
1,المنطقة الشرقية,أنشطة إنتاج الأفلام والفيديو والبرامج التليفزيونية والتسجيلات الصوتية ونشر الموسيقى,56,134,60,74,162,139,23,296,2024-1
2,منطقة عسير,الأنشطة المهنية والعلمية والتقنية الأخرى,61,102,49,53,194,165,29,296,2024-4
3,منطقة نجران,أنشطة جمع النفايات ومعالجتها وتصريفها ، واسترجاع المواد,20,50,29,21,245,243,2,295,2024-7
2,منطقة جازان,الأنشطة القانونية وأنشطة المحاسبة,65,227,156,71,67,67,0,294,2024-4
1,منطقة الجوف,الأنشطة الإدارية للمكاتب ، وأنشطة الدعم للمكاتب وغير ذلك من أنشطة الدعم للأعمال,105,30,14,16,264,263,1,294,2024-1
1,منطقة مكة المكرمة,صُنع المنتجات الجلدية والمنتجات ذات الصلة,31,62,25,37,232,230,2,294,2024-1
2,منطقة نجران,أنشطة جمع النفايات ومعالجتها وتصريفها ، واسترجاع المواد,17,54,30,24,239,238,1,293,2024-4
2,منطقة الجوف,الأنشطة الإدارية للمكاتب ، وأنشطة الدعم للمكاتب وغير ذلك من أنشطة الدعم للأعمال,111,26,15,11,266,264,2,292,2024-4
3,منطقة تبوك,صُنع الورق ومنتجات الورق,10,79,26,53,213,213,0,292,2024-7
2,منطقة تبوك,أبحاث الإعلان والسوق,104,50,27,23,242,234,8,292,2024-4
1,منطقة الجوف,الإقامة,77,75,36,39,216,214,2,291,2024-1
2,منطقة الحدود الشمالية,الإقامة,49,87,49,38,204,201,3,291,2024-4
3,منطقة الرياض,استخراج النفط الخام والغاز الطبيعي,24,82,52,30,209,193,16,291,2024-7
2,المنطقة الشرقية,صُنع المنتجات الجلدية والمنتجات ذات الصلة,23,72,63,9,217,217,0,289,2024-4
2,منطقة المدينة المنورة,الطباعة واستنساخ وسائط الأعلام المسجّلة,66,57,24,33,232,221,11,289,2024-4
3,منطقة الجوف,الأنشطة الإدارية للمكاتب ، وأنشطة الدعم للمكاتب وغير ذلك من أنشطة الدعم للأعمال,117,25,14,11,264,262,2,289,2024-7
1,منطقة مكة المكرمة,أنشطة البرمجة والإذاعة,28,112,57,55,174,172,2,286,2024-1
2,منطقة الحدود الشمالية,الهندسة المدنية,46,36,20,16,250,249,1,286,2024-4
3,منطقة الباحة,أنشطة زراعة المحاصيل والإنتاج الحيواني والصيد والخدمات المتصلة,161,40,22,18,244,244,0,284,2024-7
2,منطقة عسير,صُنع المنسوجات,102,23,10,13,261,258,3,284,2024-4
3,منطقة مكة المكرمة,صُنع المنتجات الجلدية والمنتجات ذات الصلة,32,61,22,39,223,222,1,284,2024-7
1,منطقة الباحة,الهندسة المدنية,31,64,47,17,219,219,0,283,2024-1
2,منطقة الباحة,الهندسة المدنية,36,55,42,13,227,227,0,282,2024-4
2,منطقة تبوك,صُنع الورق ومنتجات الورق,10,74,22,52,206,206,0,280,2024-4
2,منطقة الباحة,أنشطة زراعة المحاصيل والإنتاج الحيواني والصيد والخدمات المتصلة,159,45,23,22,234,234,0,279,2024-4
1,منطقة تبوك,صُنع الورق ومنتجات الورق,9,71,22,49,208,208,0,279,2024-1
1,منطقة الباحة,الأنشطة الإيجارية,128,18,10,8,260,259,1,278,2024-1
1,منطقة الحدود الشمالية,الإقامة,48,81,46,35,197,197,0,278,2024-1
1,منطقة الباحة,أنشطة زراعة المحاصيل والإنتاج الحيواني والصيد والخدمات المتصلة,160,31,20,11,246,246,0,277,2024-1
2,منطقة مكة المكرمة,أنشطة البرمجة والإذاعة,29,105,54,51,172,170,2,277,2024-4
3,منطقة تبوك,أبحاث الإعلان والسوق,99,46,20,26,230,221,9,276,2024-7
1,منطقة المدينة المنورة,الطباعة واستنساخ وسائط الأعلام المسجّلة,62,56,22,34,220,209,11,276,2024-1
2,منطقة الباحة,الأنشطة الإيجارية,124,11,7,4,260,259,1,271,2024-4
2,منطقة مكة المكرمة,صُنع المنتجات الجلدية والمنتجات ذات الصلة,30,61,23,38,209,207,2,270,2024-4
1,منطقة المدينة المنورة,النقل المائي,28,129,100,29,141,139,2,270,2024-1
3,منطقة المدينة المنورة,الطباعة واستنساخ وسائط الأعلام المسجّلة,68,44,26,18,225,218,7,269,2024-7
1,منطقة جازان,الأنشطة القانونية وأنشطة المحاسبة,64,204,128,76,65,65,0,269,2024-1
3,منطقة تبوك,أنشطة الاستخدام,96,55,20,35,213,173,40,268,2024-7
3,منطقة مكة المكرمة,أنشطة البرمجة والإذاعة,29,101,52,49,167,164,3,268,2024-7
1,منطقة عسير,الأنشطة المهنية والعلمية والتقنية الأخرى,62,87,48,39,180,172,8,267,2024-1
1,منطقة تبوك,أبحاث الإعلان والسوق,101,37,23,14,229,224,5,266,2024-1
2,منطقة تبوك,صنع منتجات المطاط واللدائن,18,49,30,19,216,216,0,265,2024-4
3,منطقة الباحة,الهندسة المدنية,32,53,45,8,211,211,0,264,2024-7
3,منطقة عسير,وكالات السفر ومشغّلو الجولات السياحية وخدمات الحجز والأنشطة المتصلة بها,73,46,21,25,217,214,3,263,2024-7
3,منطقة الباحة,الأنشطة الإيجارية,117,14,9,5,249,248,1,263,2024-7
2,منطقة عسير,الطباعة واستنساخ وسائط الأعلام المسجّلة,37,45,23,22,217,215,2,262,2024-4
2,منطقة عسير,صُنع الورق ومنتجات الورق,24,58,15,43,204,204,0,262,2024-4
3,منطقة عسير,الطباعة واستنساخ وسائط الأعلام المسجّلة,39,42,23,19,220,218,2,262,2024-7
1,منطقة جازان,أنشطة جمع النفايات ومعالجتها وتصريفها ، واسترجاع المواد,18,95,56,39,167,167,0,262,2024-1
3,منطقة نجران,الأنشطة العقارية,108,26,14,12,235,233,2,261,2024-7
3,منطقة الحدود الشمالية,أنشطة زراعة المحاصيل والإنتاج الحيواني والصيد والخدمات المتصلة,100,36,24,12,225,225,0,261,2024-7
1,منطقة عسير,الطباعة واستنساخ وسائط الأعلام المسجّلة,35,46,22,24,215,213,2,261,2024-1
1,منطقة عسير,صُنع المنسوجات,97,13,5,8,246,243,3,259,2024-1
1,منطقة تبوك,صنع منتجات المطاط واللدائن,17,47,28,19,211,211,0,258,2024-1
3,منطقة القصيم,الطباعة واستنساخ وسائط الأعلام المسجّلة,46,54,16,38,204,203,1,258,2024-7
3,منطقة عسير,صنع المعدات الكهربائية,32,48,21,27,209,209,0,257,2024-7
1,منطقة الرياض,استخراج النفط الخام والغاز الطبيعي,25,58,40,18,198,198,0,256,2024-1
1,المنطقة الشرقية,صُنع المنتجات الجلدية والمنتجات ذات الصلة,20,66,61,5,190,190,0,256,2024-1
1,منطقة الباحة,التعليم,28,135,47,88,121,85,36,256,2024-1
2,منطقة الرياض,استخراج النفط الخام والغاز الطبيعي,26,60,44,16,194,194,0,254,2024-4
3,المنطقة الشرقية,الحراجة وقطع الأخشاب,28,74,27,47,178,154,24,252,2024-7
2,منطقة نجران,الأنشطة العقارية,99,24,13,11,225,224,1,249,2024-4
1,منطقة عسير,صُنع الورق ومنتجات الورق,24,58,20,38,191,191,0,249,2024-1
2,منطقة عسير,صنع المعدات الكهربائية,34,48,21,27,201,201,0,249,2024-4
2,منطقة القصيم,الطباعة واستنساخ وسائط الأعلام المسجّلة,42,56,19,37,192,191,1,248,2024-4
3,منطقة الباحة,التعليم,32,121,40,81,126,89,37,247,2024-7
1,منطقة جازان,صُنع المواد الكيميائية والمنتجات الكيميائية,38,36,21,15,211,208,3,247,2024-1
1,منطقة الجوف,الأنشطة الرياضية وأنشطة التسلية والترفيه,42,41,19,22,205,170,35,246,2024-1
1,منطقة نجران,الأنشطة الرياضية وأنشطة التسلية والترفيه,50,82,34,48,164,155,9,246,2024-1
1,منطقة المدينة المنورة,أنشطة خدمات دعم التعدين,4,164,143,21,80,78,2,244,2024-1
3,منطقة تبوك,صنع منتجات المطاط واللدائن,18,40,22,18,204,204,0,244,2024-7
3,منطقة الحدود الشمالية,إصلاح أجهزة الحاسوب والسلع الشخصية والمنزلية,92,13,9,4,231,229,2,244,2024-7
2,منطقة القصيم,الرعاية مع الإقامة,9,138,39,99,106,74,32,244,2024-4
1,منطقة عسير,الرعاية مع الإقامة,7,203,38,165,39,20,19,242,2024-1
2,منطقة الحدود الشمالية,أنشطة زراعة المحاصيل والإنتاج الحيواني والصيد والخدمات المتصلة,97,28,20,8,214,214,0,242,2024-4
1,منطقة المدينة المنورة,صيد الأسماك وتربية المائيات,55,12,3,9,229,229,0,241,2024-1
1,منطقة نجران,الأنشطة العقارية,95,28,15,13,211,210,1,239,2024-1
2,منطقة نجران,الأنشطة الرياضية وأنشطة التسلية والترفيه,47,76,30,46,162,154,8,238,2024-4
1,منطقة القصيم,الطباعة واستنساخ وسائط الأعلام المسجّلة,41,56,18,38,180,179,1,236,2024-1
3,منطقة حائل,صُنع المنسوجات,68,22,14,8,214,214,0,236,2024-7
1,منطقة عسير,صنع المعدات الكهربائية,33,46,21,25,188,188,0,234,2024-1
3,منطقة تبوك,أنشطة المنظمات ذات العضوية,40,147,49,98,86,85,1,233,2024-7
1,منطقة الحدود الشمالية,الهندسة المدنية,43,29,18,11,204,204,0,233,2024-1
3,منطقة نجران,الأنشطة الرياضية وأنشطة التسلية والترفيه,46,72,27,45,161,152,9,233,2024-7
3,منطقة القصيم,أنشطة الأمن والتحقيقات,12,209,185,24,23,20,3,232,2024-7
2,منطقة الحدود الشمالية,إصلاح أجهزة الحاسوب والسلع الشخصية والمنزلية,88,9,6,3,222,219,3,231,2024-4
2,منطقة الباحة,التعليم,30,109,35,74,122,85,37,231,2024-4
1,منطقة مكة المكرمة,أنشطة المكتبات والمحفوظات والمتاحف والأنشطة الثقافية الأخرى,55,62,40,22,169,166,3,231,2024-1
2,منطقة نجران,تعدين ركازات الفلزات,6,24,5,19,206,206,0,230,2024-4
1,منطقة نجران,صُنع المواد الكيميائية والمنتجات الكيميائية,16,49,18,31,180,180,0,229,2024-1
2,منطقة حائل,صُنع المنسوجات,64,21,11,10,207,207,0,228,2024-4
1,منطقة تبوك,تجميع المياه ومعالجتها وتوصيلها,79,21,10,11,207,207,0,228,2024-1
3,منطقة نجران,صُنع المواد الكيميائية والمنتجات الكيميائية,17,45,17,28,182,182,0,227,2024-7
3,منطقة عسير,الرعاية مع الإقامة,7,172,44,128,54,23,31,226,2024-7
1,منطقة تبوك,صُنع المنسوجات,75,19,8,11,206,203,3,225,2024-1
1,منطقة الحدود الشمالية,أنشطة زراعة المحاصيل والإنتاج الحيواني والصيد والخدمات المتصلة,87,28,21,7,196,196,0,224,2024-1
1,منطقة حائل,أنشطة المنظمات ذات العضوية,72,87,45,42,136,133,3,223,2024-1
2,منطقة تبوك,أنشطة المنظمات ذات العضوية,38,141,48,93,82,80,2,223,2024-4
2,منطقة القصيم,صناعة الآلات والمعدات غير المصنفة في موضع أخر,32,46,22,24,176,176,0,222,2024-4
2,منطقة تبوك,أنشطة الاستخدام,88,55,19,36,167,164,3,222,2024-4
2,منطقة جازان,صُنع المواد الكيميائية والمنتجات الكيميائية,35,31,19,12,191,187,4,222,2024-4
1,منطقة القصيم,صناعة الآلات والمعدات غير المصنفة في موضع أخر,33,42,20,22,178,178,0,220,2024-1
3,منطقة الباحة,الأنشطة الإدارية للمكاتب ، وأنشطة الدعم للمكاتب وغير ذلك من أنشطة الدعم للأعمال,61,31,23,8,188,188,0,219,2024-7
2,منطقة تبوك,صُنع المنسوجات,75,15,7,8,203,200,3,218,2024-4
2,منطقة نجران,صُنع المواد الكيميائية والمنتجات الكيميائية,16,41,14,27,177,177,0,218,2024-4
3,منطقة تبوك,تجميع المياه ومعالجتها وتوصيلها,83,25,12,13,191,191,0,216,2024-7
1,منطقة الحدود الشمالية,إصلاح أجهزة الحاسوب والسلع الشخصية والمنزلية,86,12,7,5,204,201,3,216,2024-1
3,منطقة جازان,صُنع المواد الكيميائية والمنتجات الكيميائية,36,33,23,10,181,177,4,214,2024-7
2,منطقة تبوك,تجميع المياه ومعالجتها وتوصيلها,81,23,10,13,190,190,0,213,2024-4
3,منطقة الباحة,إصلاح أجهزة الحاسوب والسلع الشخصية والمنزلية,78,9,7,2,204,204,0,213,2024-7
1,منطقة نجران,أنشطة البريد ونقل الرسائل والطرود بواسطة مندوبين,6,5,0,5,207,207,0,212,2024-1
2,منطقة حائل,صنع المنتجات الصيدلانية الأساسية والمستحضرات الصيدلانية,13,93,69,24,118,117,1,211,2024-4
3,منطقة حائل,أبحاث الإعلان والسوق,79,43,19,24,168,166,2,211,2024-7
1,منطقة الجوف,أنشطة جمع النفايات ومعالجتها وتصريفها ، واسترجاع المواد,9,56,35,21,155,155,0,211,2024-1
1,منطقة حائل,صُنع المنسوجات,67,14,8,6,196,196,0,210,2024-1
2,منطقة الجوف,أنشطة جمع النفايات ومعالجتها وتصريفها ، واسترجاع المواد,9,55,34,21,155,155,0,210,2024-4
2,منطقة الباحة,الأنشطة الإدارية للمكاتب ، وأنشطة الدعم للمكاتب وغير ذلك من أنشطة الدعم للأعمال,58,26,17,9,184,184,0,210,2024-4
2,منطقة القصيم,أنشطة الأمن والتحقيقات,13,190,165,25,20,17,3,210,2024-4
3,منطقة نجران,تعدين ركازات الفلزات,6,39,8,31,170,170,0,209,2024-7
1,منطقة حائل,أبحاث الإعلان والسوق,76,46,15,31,162,161,1,208,2024-1
2,منطقة المدينة المنورة,صيد الأسماك وتربية المائيات,46,8,1,7,200,200,0,208,2024-4
1,منطقة جازان,الرعاية مع الإقامة,6,183,31,152,24,8,16,207,2024-1
1,منطقة حائل,صنع المنتجات الصيدلانية الأساسية والمستحضرات الصيدلانية,13,91,67,24,116,115,1,207,2024-1
2,منطقة حائل,أبحاث الإعلان والسوق,77,42,16,26,165,163,2,207,2024-4
3,منطقة المدينة المنورة,النقل المائي,22,98,83,15,108,106,2,206,2024-7
2,منطقة عسير,وكالات السفر ومشغّلو الجولات السياحية وخدمات الحجز والأنشطة المتصلة بها,68,38,17,21,167,165,2,205,2024-4
1,منطقة حائل,صنع الفلزات القاعدية,35,33,14,19,170,170,0,203,2024-1
3,منطقة تبوك,صُنع المنسوجات,79,13,5,8,189,186,3,202,2024-7
3,منطقة حائل,صنع المنتجات الصيدلانية الأساسية والمستحضرات الصيدلانية,13,90,67,23,112,111,1,202,2024-7
2,منطقة الباحة,إصلاح أجهزة الحاسوب والسلع الشخصية والمنزلية,72,8,7,1,192,192,0,200,2024-4
3,منطقة الحدود الشمالية,الأنشطة الإدارية للمكاتب ، وأنشطة الدعم للمكاتب وغير ذلك من أنشطة الدعم للأعمال,59,10,5,5,188,188,0,198,2024-7
1,منطقة تبوك,أنشطة المنظمات ذات العضوية,31,147,44,103,50,48,2,197,2024-1
3,منطقة عسير,أنشطة المنظمات ذات العضوية,48,125,58,67,72,70,2,197,2024-7
2,منطقة حائل,صنع الفلزات القاعدية,35,35,14,21,162,162,0,197,2024-4
1,منطقة حائل,صنع المعدات الكهربائية,13,52,19,33,145,145,0,197,2024-1
1,منطقة عسير,وكالات السفر ومشغّلو الجولات السياحية وخدمات الحجز والأنشطة المتصلة بها,63,38,19,19,158,155,3,196,2024-1
3,منطقة الحدود الشمالية,أنشطة العمل الاجتماعي، دون إقامة,39,147,70,77,49,45,4,196,2024-7
3,منطقة المدينة المنورة,صيد الأسماك وتربية المائيات,43,10,2,8,186,186,0,196,2024-7
3,منطقة نجران,أبحاث الإعلان والسوق,62,32,12,20,164,160,4,196,2024-7
1,منطقة القصيم,أنشطة الأمن والتحقيقات,12,178,154,24,17,14,3,195,2024-1
1,منطقة عسير,أنشطة البرمجة الحاسوبية والخبرة الاستشارية وما يتصل بها من أنشطة,59,48,20,28,147,146,1,195,2024-1
3,منطقة الجوف,تجميع المياه ومعالجتها وتوصيلها,32,34,22,12,160,160,0,194,2024-7
1,منطقة الباحة,الأنشطة الإدارية للمكاتب ، وأنشطة الدعم للمكاتب وغير ذلك من أنشطة الدعم للأعمال,59,21,15,6,173,173,0,194,2024-1
1,منطقة الحدود الشمالية,أنشطة العمل الاجتماعي، دون إقامة,42,145,69,76,49,45,4,194,2024-1
1,منطقة القصيم,الأنشطة المهنية والعلمية والتقنية الأخرى,51,79,49,30,114,107,7,193,2024-1
2,منطقة الجوف,تجميع المياه ومعالجتها وتوصيلها,29,38,23,15,155,155,0,193,2024-4
1,منطقة المدينة المنورة,الصناعة التحويلية الأخرى,38,37,19,18,156,129,27,193,2024-1
1,منطقة مكة المكرمة,أنشطة المعالجة وخدمات إدارة النفايات الأخرى,4,32,20,12,160,160,0,192,2024-1
3,منطقة حائل,صنع الفلزات القاعدية,33,34,12,22,158,158,0,192,2024-7
2,منطقة المدينة المنورة,الصناعة التحويلية الأخرى,35,36,18,18,155,128,27,191,2024-4
2,منطقة المدينة المنورة,النقل المائي,20,96,82,14,95,93,2,191,2024-4
1,منطقة الجوف,الأنشطة العقارية,57,48,30,18,142,140,2,190,2024-1
1,منطقة الجوف,تجميع المياه ومعالجتها وتوصيلها,27,35,25,10,155,155,0,190,2024-1
1,منطقة الباحة,إصلاح أجهزة الحاسوب والسلع الشخصية والمنزلية,71,5,4,1,185,185,0,190,2024-1
3,منطقة جازان,صُنع الورق ومنتجات الورق,9,56,24,32,133,133,0,189,2024-7
3,منطقة جازان,أنشطة الاستخدام,74,23,11,12,165,163,2,188,2024-7
3,منطقة المدينة المنورة,الصناعة التحويلية الأخرى,34,36,18,18,150,123,27,186,2024-7
2,منطقة عسير,أنشطة المنظمات ذات العضوية,45,115,54,61,71,69,2,186,2024-4
1,منطقة المدينة المنورة,الاتصالات,42,48,29,19,138,138,0,186,2024-1
3,منطقة حائل,صيد الأسماك وتربية المائيات,58,2,1,1,183,181,2,185,2024-7
1,منطقة حائل,صيد الأسماك وتربية المائيات,53,4,3,1,181,179,2,185,2024-1
2,منطقة نجران,أبحاث الإعلان والسوق,55,34,14,20,151,149,2,185,2024-4
2,منطقة الجوف,الأنشطة العقارية,58,48,30,18,137,136,1,185,2024-4
2,منطقة تبوك,الأنشطة القانونية وأنشطة المحاسبة,52,148,69,79,37,36,1,185,2024-4
1,منطقة تبوك,أنشطة الاستخدام,76,47,18,29,137,133,4,184,2024-1
3,منطقة الجوف,أنشطة جمع النفايات ومعالجتها وتصريفها ، واسترجاع المواد,10,47,37,10,136,136,0,183,2024-7
3,منطقة المدينة المنورة,الاتصالات,38,35,22,13,148,148,0,183,2024-7
2,منطقة عسير,أنشطة البرمجة الحاسوبية والخبرة الاستشارية وما يتصل بها من أنشطة,56,43,21,22,140,139,1,183,2024-4
3,منطقة عسير,أنشطة البرمجة الحاسوبية والخبرة الاستشارية وما يتصل بها من أنشطة,58,41,22,19,141,141,0,182,2024-7
3,منطقة الجوف,الأنشطة العقارية,58,48,29,19,134,133,1,182,2024-7
1,منطقة عسير,أنشطة المنظمات ذات العضوية,43,115,47,68,67,65,2,182,2024-1
3,منطقة الحدود الشمالية,التخزين وأنشطة الدعم للنقل,52,17,8,9,164,160,4,181,2024-7
2,منطقة جازان,صُنع الورق ومنتجات الورق,9,55,24,31,126,126,0,181,2024-4
1,منطقة حائل,الصرف الصحي,18,36,24,12,145,145,0,181,2024-1
3,منطقة نجران,صُنع المنسوجات,63,3,2,1,177,176,1,180,2024-7
2,منطقة حائل,صيد الأسماك وتربية المائيات,57,1,0,1,179,177,2,180,2024-4
3,منطقة تبوك,الأنشطة القانونية وأنشطة المحاسبة,57,139,62,77,40,38,2,179,2024-7
2,منطقة الجوف,صُنع المنسوجات,76,7,5,2,172,171,1,179,2024-4
1,منطقة نجران,أبحاث الإعلان والسوق,54,29,13,16,150,149,1,179,2024-1
3,منطقة الجوف,صُنع المنسوجات,76,7,5,2,172,171,1,179,2024-7
3,منطقة القصيم,الأنشطة المهنية والعلمية والتقنية الأخرى,50,71,41,30,106,96,10,177,2024-7
1,منطقة تبوك,الأنشطة القانونية وأنشطة المحاسبة,48,143,68,75,34,33,1,177,2024-1
3,منطقة الجوف,أنشطة الاستخدام,46,45,14,31,131,64,67,176,2024-7
2,منطقة المدينة المنورة,الاتصالات,40,50,31,19,126,126,0,176,2024-4
3,منطقة نجران,أنشطة المنظمات ذات العضوية,49,77,60,17,98,98,0,175,2024-7
1,منطقة الجوف,صُنع المنسوجات,73,5,5,0,169,168,1,174,2024-1
2,منطقة حائل,الأنشطة القانونية وأنشطة المحاسبة,50,113,89,24,61,58,3,174,2024-4
2,منطقة الجوف,أنشطة الاستخدام,39,42,11,31,129,54,75,171,2024-4
1,منطقة تبوك,وكالات السفر ومشغّلو الجولات السياحية وخدمات الحجز والأنشطة المتصلة بها,55,38,20,18,132,130,2,170,2024-1
2,منطقة الحدود الشمالية,التخزين وأنشطة الدعم للنقل,47,19,10,9,151,148,3,170,2024-4
3,منطقة المدينة المنورة,صناعة معدات النقل الأخرى,10,64,57,7,106,106,0,170,2024-7
1,منطقة حائل,الأنشطة القانونية وأنشطة المحاسبة,48,115,89,26,55,53,2,170,2024-1
1,منطقة جازان,صُنع الورق ومنتجات الورق,11,50,24,26,119,118,1,169,2024-1
2,منطقة نجران,أنشطة المنظمات ذات العضوية,46,77,64,13,89,88,1,166,2024-4
2,منطقة القصيم,الاتصالات,56,43,18,25,122,121,1,165,2024-4
2,منطقة الحدود الشمالية,أنشطة العمل الاجتماعي، دون إقامة,40,118,68,50,47,44,3,165,2024-4
1,منطقة الحدود الشمالية,التخزين وأنشطة الدعم للنقل,51,20,12,8,145,144,1,165,2024-1
2,منطقة القصيم,الأنشطة المهنية والعلمية والتقنية الأخرى,48,65,37,28,99,93,6,164,2024-4
3,منطقة الجوف,أبحاث الإعلان والسوق,68,22,10,12,142,141,1,164,2024-7
2,منطقة تبوك,وكالات السفر ومشغّلو الجولات السياحية وخدمات الحجز والأنشطة المتصلة بها,53,38,22,16,126,123,3,164,2024-4
3,منطقة تبوك,وكالات السفر ومشغّلو الجولات السياحية وخدمات الحجز والأنشطة المتصلة بها,56,33,18,15,129,127,2,162,2024-7
2,منطقة الحدود الشمالية,الأنشطة الرياضية وأنشطة التسلية والترفيه,47,36,11,25,126,116,10,162,2024-4
1,منطقة الحدود الشمالية,الأنشطة الرياضية وأنشطة التسلية والترفيه,49,37,14,23,125,116,9,162,2024-1
3,منطقة الحدود الشمالية,الأنشطة الرياضية وأنشطة التسلية والترفيه,50,32,12,20,128,115,13,160,2024-7
1,منطقة جازان,أنشطة الاستخدام,70,21,11,10,138,137,1,159,2024-1
1,منطقة القصيم,الاتصالات,53,39,17,22,119,119,0,158,2024-1
2,منطقة نجران,صُنع المنسوجات,57,8,3,5,149,149,0,157,2024-4
3,منطقة حائل,الأنشطة القانونية وأنشطة المحاسبة,53,103,77,26,54,51,3,157,2024-7
3,منطقة الجوف,الأنشطة القانونية وأنشطة المحاسبة,50,116,64,52,40,35,5,156,2024-7
3,منطقة الحدود الشمالية,وكالات السفر ومشغّلو الجولات السياحية وخدمات الحجز والأنشطة المتصلة بها,18,50,49,1,106,106,0,156,2024-7
3,منطقة القصيم,الاتصالات,54,37,12,25,119,119,0,156,2024-7
1,المنطقة الشرقية,الحراجة وقطع الأخشاب,16,46,19,27,108,106,2,154,2024-1
1,منطقة الجوف,أبحاث الإعلان والسوق,66,21,9,12,133,132,1,154,2024-1
2,منطقة جازان,أنشطة الاستخدام,69,19,7,12,135,134,1,154,2024-4
1,منطقة الحدود الشمالية,أنشطة المعمارية والهندسية ، والاختبارات الفنية والتحليل,49,30,17,13,123,122,1,153,2024-1
1,منطقة الجوف,أنشطة الاستخدام,36,45,12,33,108,48,60,153,2024-1
3,المنطقة الشرقية,صُنع المنتجات الجلدية والمنتجات ذات الصلة,21,27,14,13,126,126,0,153,2024-7
3,منطقة حائل,صُنع الورق ومنتجات الورق,11,26,8,18,126,126,0,152,2024-7
1,منطقة نجران,صُنع المنسوجات,56,5,3,2,144,142,2,149,2024-1
2,منطقة الجوف,أبحاث الإعلان والسوق,64,17,6,11,131,130,1,148,2024-4
2,منطقة نجران,الأنشطة القانونية وأنشطة المحاسبة,48,50,33,17,98,96,2,148,2024-4
3,منطقة تبوك,صيد الأسماك وتربية المائيات,42,0,0,0,146,144,2,146,2024-7
2,منطقة الحدود الشمالية,وكالات السفر ومشغّلو الجولات السياحية وخدمات الحجز والأنشطة المتصلة بها,16,46,45,1,100,100,0,146,2024-4
3,منطقة نجران,الأنشطة القانونية وأنشطة المحاسبة,47,45,31,14,100,98,2,145,2024-7
1,منطقة الجوف,أنشطة الأمن والتحقيقات,5,138,118,20,7,7,0,145,2024-1
1,منطقة نجران,أنشطة المنظمات ذات العضوية,39,73,61,12,72,71,1,145,2024-1
3,منطقة تبوك,الطباعة واستنساخ وسائط الأعلام المسجّلة,27,30,12,18,115,112,3,145,2024-7
3,منطقة الباحة,التخزين وأنشطة الدعم للنقل,40,29,16,13,116,116,0,145,2024-7
3,منطقة تبوك,الرعاية مع الإقامة,5,116,5,111,28,17,11,144,2024-7
2,منطقة الجوف,الأنشطة القانونية وأنشطة المحاسبة,49,107,62,45,37,33,4,144,2024-4
2,منطقة مكة المكرمة,تعدين الفحم والليغنيت,18,34,14,20,110,110,0,144,2024-4
1,منطقة الحدود الشمالية,وكالات السفر ومشغّلو الجولات السياحية وخدمات الحجز والأنشطة المتصلة بها,16,47,46,1,97,97,0,144,2024-1
3,منطقة جازان,الصرف الصحي,35,15,10,5,129,129,0,144,2024-7
1,منطقة الجوف,الأنشطة القانونية وأنشطة المحاسبة,47,109,67,42,34,31,3,143,2024-1
2,منطقة الحدود الشمالية,أنشطة المعمارية والهندسية ، والاختبارات الفنية والتحليل,47,26,14,12,117,116,1,143,2024-4
2,منطقة الجوف,الأنشطة الأخرى للتعدين واستغلال المحاجر,15,32,21,11,110,110,0,142,2024-4
3,منطقة الحدود الشمالية,الأنشطة العقارية,47,22,16,6,120,120,0,142,2024-7
3,منطقة مكة المكرمة,تعدين الفحم والليغنيت,17,35,13,22,106,106,0,141,2024-7
1,منطقة الحدود الشمالية,صُنع الخشب ومنتجات الخشب والفلين ، باستثناء الأثاث ، صُنع أصناف من القش ومواد الضفر,52,7,2,5,134,134,0,141,2024-1
3,منطقة الباحة,إصلاح وتركيب الآلات والمعدات,55,9,6,3,132,132,0,141,2024-7
2,منطقة تبوك,صيد الأسماك وتربية المائيات,41,1,0,1,139,137,2,140,2024-4
2,منطقة الباحة,التخزين وأنشطة الدعم للنقل,36,31,17,14,109,109,0,140,2024-4
3,منطقة القصيم,صناعة الآلات والمعدات غير المصنفة في موضع أخر,27,22,10,12,118,117,1,140,2024-7
2,منطقة جازان,الصرف الصحي,34,14,7,7,126,126,0,140,2024-4
3,منطقة الحدود الشمالية,أنشطة المعمارية والهندسية ، والاختبارات الفنية والتحليل,48,23,11,12,116,115,1,139,2024-7
2,منطقة الرياض,تعدين الفحم والليغنيت,31,25,8,17,114,112,2,139,2024-4
2,منطقة حائل,صُنع الورق ومنتجات الورق,11,28,8,20,111,111,0,139,2024-4
3,منطقة الجوف,الأنشطة الأخرى للتعدين واستغلال المحاجر,15,28,18,10,110,110,0,138,2024-7
2,منطقة الحدود الشمالية,الأنشطة الإدارية للمكاتب ، وأنشطة الدعم للمكاتب وغير ذلك من أنشطة الدعم للأعمال,58,12,7,5,126,124,2,138,2024-4
3,منطقة تبوك,النقل المائي,22,39,15,24,99,87,12,138,2024-7
3,منطقة القصيم,أنشطة البريد ونقل الرسائل والطرود بواسطة مندوبين,30,27,17,10,111,108,3,138,2024-7
1,منطقة نجران,الأنشطة القانونية وأنشطة المحاسبة,47,43,31,12,94,92,2,137,2024-1
1,منطقة مكة المكرمة,تعدين الفحم والليغنيت,17,33,14,19,104,104,0,137,2024-1
3,منطقة الرياض,تعدين الفحم والليغنيت,30,24,9,15,112,110,2,136,2024-7
2,منطقة تبوك,النقل المائي,23,39,17,22,97,85,12,136,2024-4
1,منطقة جازان,صُنع المنتجات الجلدية والمنتجات ذات الصلة,48,1,1,0,135,134,1,136,2024-1
2,منطقة الحدود الشمالية,صُنع الخشب ومنتجات الخشب والفلين ، باستثناء الأثاث ، صُنع أصناف من القش ومواد الضفر,54,8,3,5,128,128,0,136,2024-4
1,منطقة القصيم,تعدين ركازات الفلزات,12,89,89,0,45,44,1,134,2024-1
3,منطقة جازان,الصناعة التحويلية الأخرى,35,14,6,8,120,116,4,134,2024-7
1,منطقة تبوك,الرعاية مع الإقامة,4,108,5,103,25,14,11,133,2024-1
3,منطقة نجران,صُنع الورق ومنتجات الورق,26,13,10,3,120,119,1,133,2024-7
1,منطقة جازان,الصرف الصحي,32,12,7,5,121,121,0,133,2024-1
3,منطقة القصيم,تعدين ركازات الفلزات,13,87,85,2,46,45,1,133,2024-7
1,منطقة الحدود الشمالية,الأنشطة الإدارية للمكاتب ، وأنشطة الدعم للمكاتب وغير ذلك من أنشطة الدعم للأعمال,57,12,6,6,121,120,1,133,2024-1
1,منطقة الرياض,تعدين الفحم والليغنيت,29,30,14,16,102,100,2,132,2024-1
2,منطقة جازان,صُنع المنتجات الجلدية والمنتجات ذات الصلة,48,3,2,1,129,128,1,132,2024-4
2,منطقة الحدود الشمالية,الأنشطة العقارية,48,27,17,10,105,105,0,132,2024-4
2,منطقة الباحة,إصلاح وتركيب الآلات والمعدات,54,8,6,2,124,124,0,132,2024-4
2,منطقة القصيم,تعدين ركازات الفلزات,12,87,86,1,45,44,1,132,2024-4
3,منطقة جازان,صُنع المنسوجات,43,7,4,3,125,123,2,132,2024-7
2,منطقة جازان,صُنع المنسوجات,42,13,8,5,119,117,2,132,2024-4
2,منطقة جازان,الصناعة التحويلية الأخرى,31,15,8,7,116,112,4,131,2024-4
1,منطقة تبوك,الطباعة واستنساخ وسائط الأعلام المسجّلة,26,28,12,16,103,101,2,131,2024-1
1,منطقة جازان,الصناعة التحويلية الأخرى,31,21,9,12,108,104,4,129,2024-1
2,منطقة عسير,الرعاية مع الإقامة,7,86,22,64,43,21,22,129,2024-4
1,منطقة الحدود الشمالية,الأنشطة العقارية,46,22,15,7,105,101,4,127,2024-1
3,منطقة الباحة,الأنشطة العقارية,39,26,16,10,100,100,0,126,2024-7
3,منطقة المدينة المنورة,أنشطة الأمن والتحقيقات,18,97,92,5,29,29,0,126,2024-7
3,منطقة الجوف,صُنع المشروبات,7,31,10,21,95,95,0,126,2024-7
1,منطقة الباحة,إصلاح وتركيب الآلات والمعدات,54,8,6,2,117,117,0,125,2024-1
3,منطقة جازان,الأنشطة المهنية والعلمية والتقنية الأخرى,53,26,10,16,98,91,7,124,2024-7
3,منطقة حائل,وكالات السفر ومشغّلو الجولات السياحية وخدمات الحجز والأنشطة المتصلة بها,33,31,16,15,93,90,3,124,2024-7
2,منطقة تبوك,الطباعة واستنساخ وسائط الأعلام المسجّلة,24,24,7,17,99,96,3,123,2024-4
2,منطقة نجران,صُنع الورق ومنتجات الورق,24,11,8,3,112,111,1,123,2024-4
3,منطقة المدينة المنورة,أنشطة المكاتب الرئيسية، والأنشطة الاستشارية في مجال الإدارة,39,52,24,28,71,68,3,123,2024-7
1,منطقة المدينة المنورة,أنشطة المكاتب الرئيسية، والأنشطة الاستشارية في مجال الإدارة,40,58,28,30,64,63,1,122,2024-1
2,منطقة الجوف,صُنع المشروبات,9,30,12,18,91,91,0,121,2024-4
2,منطقة المدينة المنورة,استخراج النفط الخام والغاز الطبيعي,2,73,73,0,48,48,0,121,2024-4
2,منطقة الباحة,الأنشطة العقارية,36,30,17,13,91,91,0,121,2024-4
3,منطقة جازان,صُنع المنتجات الجلدية والمنتجات ذات الصلة,48,0,0,0,121,120,1,121,2024-7
1,منطقة الباحة,التخزين وأنشطة الدعم للنقل,34,29,16,13,91,91,0,120,2024-1
2,منطقة القصيم,الإدارة العامة والدفاع ؛ والضمان الاجتماعي الإلزامي,23,43,25,18,77,74,3,120,2024-4
2,منطقة المدينة المنورة,أنشطة الأمن والتحقيقات,18,89,81,8,31,31,0,120,2024-4
3,منطقة عسير,صنع المنتجات الصيدلانية الأساسية والمستحضرات الصيدلانية,21,28,8,20,91,86,5,119,2024-7
3,منطقة الحدود الشمالية,صُنع الخشب ومنتجات الخشب والفلين ، باستثناء الأثاث ، صُنع أصناف من القش ومواد الضفر,55,6,2,4,113,113,0,119,2024-7
2,منطقة جازان,الأنشطة المهنية والعلمية والتقنية الأخرى,53,21,6,15,97,90,7,118,2024-4
1,منطقة القصيم,الإدارة العامة والدفاع ؛ والضمان الاجتماعي الإلزامي,21,44,26,18,74,71,3,118,2024-1
1,منطقة الجوف,صُنع المشروبات,9,30,12,18,87,87,0,117,2024-1
2,منطقة المدينة المنورة,أنشطة المكاتب الرئيسية، والأنشطة الاستشارية في مجال الإدارة,37,53,23,30,63,62,1,116,2024-4
1,منطقة حائل,وكالات السفر ومشغّلو الجولات السياحية وخدمات الحجز والأنشطة المتصلة بها,26,28,15,13,88,85,3,116,2024-1
2,منطقة حائل,وكالات السفر ومشغّلو الجولات السياحية وخدمات الحجز والأنشطة المتصلة بها,30,31,15,16,84,81,3,115,2024-4
1,منطقة المدينة المنورة,النقل الجوي,12,48,40,8,67,66,1,115,2024-1
1,منطقة جازان,الأنشطة المهنية والعلمية والتقنية الأخرى,50,26,8,18,89,83,6,115,2024-1
2,منطقة عسير,الأنشطة البيطرية,33,21,7,14,93,91,2,114,2024-4
2,منطقة المدينة المنورة,الأنشطة المساعدة لأنشطة الخدمات المالية وأنشطة التأمين,15,97,87,10,16,16,0,113,2024-4
2,منطقة الحدود الشمالية,أنشطة جمع النفايات ومعالجتها وتصريفها ، واسترجاع المواد,3,42,26,16,70,70,0,112,2024-4
3,منطقة عسير,الأنشطة البيطرية,30,29,10,19,83,82,1,112,2024-7
3,منطقة القصيم,الإدارة العامة والدفاع ؛ والضمان الاجتماعي الإلزامي,22,40,22,18,72,69,3,112,2024-7
1,منطقة جازان,صُنع المنسوجات,38,10,5,5,101,100,1,111,2024-1
3,منطقة عسير,أنشطة الخدمات المالية ، فيما عدا تمويل التأمين وصناديق المعاشات,28,43,18,25,68,66,2,111,2024-7
3,منطقة الرياض,أنشطة المنظمات والهيئات غير الخاضعة للولاية القضائية الوطنية,22,54,44,10,57,56,1,111,2024-7
3,منطقة المدينة المنورة,الأنشطة المساعدة لأنشطة الخدمات المالية وأنشطة التأمين,15,98,88,10,13,13,0,111,2024-7
2,منطقة الرياض,أنشطة المنظمات والهيئات غير الخاضعة للولاية القضائية الوطنية,22,55,44,11,55,54,1,110,2024-4
1,منطقة نجران,صُنع الورق ومنتجات الورق,25,14,8,6,96,95,1,110,2024-1
1,منطقة المدينة المنورة,أنشطة خدمات المعلومات,15,71,27,44,39,37,2,110,2024-1
2,منطقة عسير,أنشطة الخدمات المالية ، فيما عدا تمويل التأمين وصناديق المعاشات,28,43,20,23,67,65,2,110,2024-4
2,منطقة عسير,صنع المنتجات الصيدلانية الأساسية والمستحضرات الصيدلانية,21,24,9,15,86,80,6,110,2024-4
3,منطقة الجوف,أنشطة المنظمات ذات العضوية,26,70,40,30,39,39,0,109,2024-7
1,منطقة الباحة,الأنشطة العقارية,34,23,16,7,86,86,0,109,2024-1
1,منطقة عسير,صنع المنتجات الصيدلانية الأساسية والمستحضرات الصيدلانية,17,27,9,18,82,75,7,109,2024-1
1,منطقة جازان,النقل المائي,16,56,34,22,53,53,0,109,2024-1
3,منطقة عسير,الاتصالات,53,22,17,5,86,85,1,108,2024-7
3,منطقة الجوف,صُنع الورق ومنتجات الورق,7,33,12,21,75,74,1,108,2024-7
3,منطقة نجران,صيد الأسماك وتربية المائيات,31,3,1,2,105,105,0,108,2024-7
1,منطقة الرياض,أنشطة المنظمات والهيئات غير الخاضعة للولاية القضائية الوطنية,22,55,44,11,53,52,1,108,2024-1
1,المنطقة الشرقية,الأنشطة الإبداعية والفنون وأنشطة الترفيه,37,41,15,26,67,62,5,108,2024-1
1,منطقة نجران,صناعة الآلات والمعدات غير المصنفة في موضع أخر,11,0,0,0,107,107,0,107,2024-1
1,منطقة عسير,الأنشطة البيطرية,35,18,5,13,88,85,3,106,2024-1
1,منطقة الحدود الشمالية,أنشطة جمع النفايات ومعالجتها وتصريفها ، واسترجاع المواد,3,44,27,17,62,62,0,106,2024-1
1,منطقة القصيم,الحراجة وقطع الأخشاب,8,36,18,18,70,70,0,106,2024-1
3,منطقة المدينة المنورة,الرعاية مع الإقامة,5,76,16,60,30,24,6,106,2024-7
2,منطقة عسير,أنشطة المكتبات والمحفوظات والمتاحف والأنشطة الثقافية الأخرى,13,34,12,22,71,71,0,105,2024-4
2,منطقة المدينة المنورة,أنشطة خدمات المعلومات,18,69,23,46,36,34,2,105,2024-4
3,منطقة نجران,صناعة الآلات والمعدات غير المصنفة في موضع أخر,10,1,1,0,103,103,0,104,2024-7
2,المنطقة الشرقية,الحراجة وقطع الأخشاب,17,36,21,15,68,68,0,104,2024-4
3,منطقة عسير,أنشطة المكتبات والمحفوظات والمتاحف والأنشطة الثقافية الأخرى,15,34,12,22,69,69,0,103,2024-7
1,منطقة الحدود الشمالية,تجميع المياه ومعالجتها وتوصيلها,26,11,6,5,92,92,0,103,2024-1
1,منطقة عسير,الاتصالات,49,23,18,5,80,77,3,103,2024-1
2,منطقة نجران,صيد الأسماك وتربية المائيات,30,1,1,0,101,101,0,102,2024-4
2,منطقة عسير,الاتصالات,48,20,16,4,82,79,3,102,2024-4
1,منطقة المدينة المنورة,الأنشطة المساعدة لأنشطة الخدمات المالية وأنشطة التأمين,16,89,78,11,12,12,0,101,2024-1
3,منطقة الحدود الشمالية,أنشطة جمع النفايات ومعالجتها وتصريفها ، واسترجاع المواد,3,36,24,12,65,65,0,101,2024-7
3,منطقة جازان,النقل المائي,18,47,29,18,54,54,0,101,2024-7
2,منطقة نجران,صناعة الآلات والمعدات غير المصنفة في موضع أخر,9,0,0,0,101,101,0,101,2024-4
1,منطقة القصيم,صنع فحم الكوك والمنتجات النفطية المكررة,9,25,21,4,76,76,0,101,2024-1
3,منطقة حائل,الطباعة واستنساخ وسائط الأعلام المسجّلة,24,27,11,16,74,74,0,101,2024-7
2,المنطقة الشرقية,الأنشطة الإبداعية والفنون وأنشطة الترفيه,35,40,13,27,61,56,5,101,2024-4
1,منطقة الباحة,صُنع المواد الكيميائية والمنتجات الكيميائية,9,25,12,13,76,76,0,101,2024-1
2,منطقة القصيم,الحراجة وقطع الأخشاب,7,30,16,14,70,70,0,100,2024-4
3,منطقة مكة المكرمة,الحراجة وقطع الأخشاب,21,13,9,4,87,85,2,100,2024-7
3,منطقة المدينة المنورة,أنشطة خدمات المعلومات,16,68,22,46,32,31,1,100,2024-7
2,منطقة عسير,صنع فحم الكوك والمنتجات النفطية المكررة,2,44,25,19,56,56,0,100,2024-4
3,منطقة الحدود الشمالية,صُنع المنسوجات,33,9,7,2,90,90,0,99,2024-7
3,منطقة تبوك,النقل الجوي,7,31,27,4,68,66,2,99,2024-7
1,منطقة القصيم,أنشطة الخدمات المالية ، فيما عدا تمويل التأمين وصناديق المعاشات,26,23,20,3,76,76,0,99,2024-1
3,منطقة تبوك,الأنشطة المهنية والعلمية والتقنية الأخرى,49,11,5,6,87,80,7,98,2024-7
3,منطقة الرياض,أنشطة المكتبات والمحفوظات والمتاحف والأنشطة الثقافية الأخرى,26,29,5,24,69,68,1,98,2024-7
3,منطقة القصيم,الحراجة وقطع الأخشاب,8,30,19,11,68,68,0,98,2024-7
1,منطقة المدينة المنورة,استخراج النفط الخام والغاز الطبيعي,1,73,73,0,25,25,0,98,2024-1
1,منطقة حائل,صُنع الورق ومنتجات الورق,9,20,3,17,77,77,0,97,2024-1
3,منطقة المدينة المنورة,صنع الحواسيب والمنتجات الإلكترونية والبصرية,18,31,25,6,66,66,0,97,2024-7
2,منطقة القصيم,أنشطة الخدمات المالية ، فيما عدا تمويل التأمين وصناديق المعاشات,23,25,22,3,71,71,0,96,2024-4
2,منطقة حائل,الطباعة واستنساخ وسائط الأعلام المسجّلة,23,19,7,12,77,77,0,96,2024-4
2,منطقة مكة المكرمة,أنشطة المكتبات والمحفوظات والمتاحف والأنشطة الثقافية الأخرى,50,13,9,4,83,81,2,96,2024-4
3,منطقة عسير,صنع فحم الكوك والمنتجات النفطية المكررة,3,41,22,19,55,55,0,96,2024-7
1,منطقة تبوك,صيد الأسماك وتربية المائيات,31,1,1,0,94,92,2,95,2024-1
3,منطقة القصيم,أنشطة الخدمات المالية ، فيما عدا تمويل التأمين وصناديق المعاشات,24,31,22,9,64,64,0,95,2024-7
2,منطقة الحدود الشمالية,تجميع المياه ومعالجتها وتوصيلها,28,8,5,3,87,87,0,95,2024-4
2,منطقة جازان,النقل المائي,15,51,32,19,44,44,0,95,2024-4
2,منطقة مكة المكرمة,الحراجة وقطع الأخشاب,17,11,6,5,83,82,1,94,2024-4
1,منطقة جازان,وكالات السفر ومشغّلو الجولات السياحية وخدمات الحجز والأنشطة المتصلة بها,37,29,9,20,65,62,3,94,2024-1
2,منطقة حائل,أنشطة النشر,24,26,8,18,68,68,0,94,2024-4
2,منطقة جازان,وكالات السفر ومشغّلو الجولات السياحية وخدمات الحجز والأنشطة المتصلة بها,35,24,9,15,70,67,3,94,2024-4
3,منطقة جازان,الاتصالات,27,18,10,8,75,74,1,93,2024-7
3,منطقة المدينة المنورة,الأنشطة البيطرية,22,26,8,18,67,61,6,93,2024-7
3,منطقة الحدود الشمالية,تجميع المياه ومعالجتها وتوصيلها,26,9,6,3,83,83,0,92,2024-7
1,منطقة تبوك,النقل المائي,16,21,10,11,70,58,12,91,2024-1
3,منطقة حائل,أنشطة النشر,24,25,7,18,66,66,0,91,2024-7
3,منطقة الباحة,الأنشطة الرياضية وأنشطة التسلية والترفيه,30,30,13,17,61,57,4,91,2024-7
3,منطقة الجوف,الطباعة واستنساخ وسائط الأعلام المسجّلة,6,31,15,16,60,56,4,91,2024-7
1,منطقة عسير,أنشطة الخدمات المالية ، فيما عدا تمويل التأمين وصناديق المعاشات,25,34,13,21,57,55,2,91,2024-1
2,منطقة تبوك,النقل الجوي,8,25,19,6,66,65,1,91,2024-4
2,منطقة جازان,الاتصالات,26,15,9,6,75,75,0,90,2024-4
1,منطقة المدينة المنورة,الرعاية مع الإقامة,5,63,10,53,27,22,5,90,2024-1
2,منطقة الباحة,صُنع المواد الكيميائية والمنتجات الكيميائية,9,18,9,9,72,72,0,90,2024-4
3,منطقة القصيم,الأنشطة البيطرية,31,27,17,10,62,59,3,89,2024-7
2,منطقة عسير,تعدين ركازات الفلزات,31,7,2,5,82,82,0,89,2024-4
1,منطقة الجوف,الأنشطة الأخرى للتعدين واستغلال المحاجر,14,18,13,5,71,71,0,89,2024-1
3,منطقة الباحة,صُنع المواد الكيميائية والمنتجات الكيميائية,9,17,8,9,72,72,0,89,2024-7
2,منطقة الباحة,الأنشطة الرياضية وأنشطة التسلية والترفيه,30,30,14,16,59,56,3,89,2024-4
1,منطقة نجران,صيد الأسماك وتربية المائيات,28,2,2,0,86,86,0,88,2024-1
2,منطقة تبوك,الأنشطة المهنية والعلمية والتقنية الأخرى,44,16,8,8,72,66,6,88,2024-4
1,منطقة مكة المكرمة,الحراجة وقطع الأخشاب,13,9,5,4,79,78,1,88,2024-1
1,منطقة تبوك,الصناعة التحويلية الأخرى,15,27,9,18,61,58,3,88,2024-1
2,منطقة الحدود الشمالية,صُنع المنسوجات,34,8,6,2,80,80,0,88,2024-4
3,منطقة عسير,أنشطة النشر,17,24,12,12,64,63,1,88,2024-7
2,منطقة المدينة المنورة,الأنشطة البيطرية,23,22,6,16,66,59,7,88,2024-4
2,منطقة تبوك,الصناعة التحويلية الأخرى,16,27,11,16,60,56,4,87,2024-4
3,منطقة جازان,وكالات السفر ومشغّلو الجولات السياحية وخدمات الحجز والأنشطة المتصلة بها,33,25,8,17,62,59,3,87,2024-7
2,منطقة المدينة المنورة,صنع الحواسيب والمنتجات الإلكترونية والبصرية,18,28,15,13,58,58,0,86,2024-4
2,منطقة المدينة المنورة,الإدارة العامة والدفاع ؛ والضمان الاجتماعي الإلزامي,28,25,20,5,61,61,0,86,2024-4
3,المنطقة الشرقية,الأنشطة الإبداعية والفنون وأنشطة الترفيه,32,33,11,22,52,47,5,85,2024-7
1,منطقة حائل,أنشطة النشر,24,18,7,11,67,67,0,85,2024-1
2,منطقة الحدود الشمالية,أبحاث الإعلان والسوق,30,10,2,8,75,75,0,85,2024-4
2,منطقة الجوف,أنشطة المنظمات ذات العضوية,26,56,33,23,29,29,0,85,2024-4
1,منطقة المدينة المنورة,الإدارة العامة والدفاع ؛ والضمان الاجتماعي الإلزامي,28,24,19,5,61,61,0,85,2024-1
3,منطقة جازان,الرعاية مع الإقامة,5,71,4,67,14,4,10,85,2024-7
2,منطقة عسير,أنشطة النشر,15,20,10,10,64,63,1,84,2024-4
1,منطقة عسير,أنشطة النشر,15,18,9,9,66,65,1,84,2024-1
1,منطقة الحدود الشمالية,صُنع المنسوجات,34,6,6,0,78,78,0,84,2024-1
1,منطقة الجوف,أنشطة المنظمات ذات العضوية,23,53,33,20,30,30,0,83,2024-1
1,منطقة جازان,الطباعة واستنساخ وسائط الأعلام المسجّلة,17,21,16,5,62,62,0,83,2024-1
1,منطقة جازان,الإدارة العامة والدفاع ؛ والضمان الاجتماعي الإلزامي,28,2,0,2,81,79,2,83,2024-1
2,منطقة تبوك,الإدارة العامة والدفاع ؛ والضمان الاجتماعي الإلزامي,13,40,14,26,42,41,1,82,2024-4
3,منطقة القصيم,توصيل الكهرباء والغاز والبخار وتكييف الهواء,17,15,9,6,67,67,0,82,2024-7
1,منطقة الباحة,الأنشطة الرياضية وأنشطة التسلية والترفيه,29,26,12,14,56,53,3,82,2024-1
2,منطقة الرياض,أنشطة المكتبات والمحفوظات والمتاحف والأنشطة الثقافية الأخرى,22,23,5,18,58,57,1,81,2024-4
2,منطقة جازان,الإدارة العامة والدفاع ؛ والضمان الاجتماعي الإلزامي,27,5,2,3,76,74,2,81,2024-4
1,منطقة المدينة المنورة,الأنشطة البيطرية,21,20,4,16,61,56,5,81,2024-1
3,منطقة مكة المكرمة,أنشطة المكتبات والمحفوظات والمتاحف والأنشطة الثقافية الأخرى,45,12,7,5,69,67,2,81,2024-7
2,منطقة القصيم,الأنشطة البيطرية,28,24,16,8,57,54,3,81,2024-4
1,منطقة الحدود الشمالية,أبحاث الإعلان والسوق,29,12,3,9,69,69,0,81,2024-1
3,منطقة جازان,الإدارة العامة والدفاع ؛ والضمان الاجتماعي الإلزامي,27,7,2,5,73,71,2,80,2024-7
1,منطقة حائل,الطباعة واستنساخ وسائط الأعلام المسجّلة,20,16,5,11,64,64,0,80,2024-1
3,منطقة المدينة المنورة,الإدارة العامة والدفاع ؛ والضمان الاجتماعي الإلزامي,26,22,19,3,58,58,0,80,2024-7
3,منطقة الحدود الشمالية,أبحاث الإعلان والسوق,29,12,5,7,68,68,0,80,2024-7
1,منطقة عسير,صنع الحواسيب والمنتجات الإلكترونية والبصرية,39,5,4,1,74,74,0,79,2024-1
2,منطقة الجوف,صُنع الورق ومنتجات الورق,6,22,8,14,57,57,0,79,2024-4
3,منطقة جازان,صنع منتجات المطاط واللدائن,26,9,6,3,70,70,0,79,2024-7
3,منطقة جازان,الطباعة واستنساخ وسائط الأعلام المسجّلة,19,17,10,7,61,61,0,78,2024-7
1,منطقة القصيم,الأنشطة البيطرية,26,24,17,7,54,52,2,78,2024-1
3,منطقة عسير,الأنشطة الإبداعية والفنون وأنشطة الترفيه,15,20,7,13,57,56,1,77,2024-7
2,منطقة القصيم,أنشطة البريد ونقل الرسائل والطرود بواسطة مندوبين,23,17,8,9,60,59,1,77,2024-4
1,منطقة تبوك,الإدارة العامة والدفاع ؛ والضمان الاجتماعي الإلزامي,11,39,14,25,38,37,1,77,2024-1
3,منطقة المدينة المنورة,صنع المنتجات الصيدلانية الأساسية والمستحضرات الصيدلانية,15,18,9,9,58,58,0,76,2024-7
1,منطقة تبوك,الأنشطة المهنية والعلمية والتقنية الأخرى,42,12,7,5,64,58,6,76,2024-1
1,منطقة الجوف,صُنع الورق ومنتجات الورق,6,18,8,10,58,58,0,76,2024-1
3,منطقة المدينة المنورة,أنشطة إنتاج الأفلام والفيديو والبرامج التليفزيونية والتسجيلات الصوتية ونشر الموسيقى,29,17,7,10,59,53,6,76,2024-7
3,منطقة الباحة,أبحاث الإعلان والسوق,29,18,6,12,57,57,0,75,2024-7
2,منطقة نجران,الأنشطة المهنية والعلمية والتقنية الأخرى,30,4,3,1,71,69,2,75,2024-4
2,المنطقة الشرقية,أنشطة المكتبات والمحفوظات والمتاحف والأنشطة الثقافية الأخرى,24,15,7,8,60,60,0,75,2024-4
1,منطقة الباحة,أبحاث الإعلان والسوق,28,13,8,5,61,61,0,74,2024-1
1,منطقة عسير,تعدين ركازات الفلزات,29,3,1,2,71,71,0,74,2024-1
1,منطقة جازان,صنع منتجات المطاط واللدائن,22,7,5,2,66,66,0,73,2024-1
2,منطقة جازان,صنع منتجات المطاط واللدائن,25,7,5,2,66,66,0,73,2024-4
3,منطقة حائل,أنشطة البرمجة الحاسوبية والخبرة الاستشارية وما يتصل بها من أنشطة,20,25,6,19,48,47,1,73,2024-7
2,منطقة حائل,أنشطة البرمجة الحاسوبية والخبرة الاستشارية وما يتصل بها من أنشطة,18,21,4,17,52,51,1,73,2024-4
1,منطقة القصيم,توصيل الكهرباء والغاز والبخار وتكييف الهواء,14,11,8,3,62,62,0,73,2024-1
1,منطقة الجوف,وكالات السفر ومشغّلو الجولات السياحية وخدمات الحجز والأنشطة المتصلة بها,24,17,11,6,55,55,0,72,2024-1
3,منطقة نجران,الأنشطة المهنية والعلمية والتقنية الأخرى,32,3,2,1,69,68,1,72,2024-7
2,منطقة عسير,صنع الحواسيب والمنتجات الإلكترونية والبصرية,36,3,3,0,69,69,0,72,2024-4
2,منطقة القصيم,توصيل الكهرباء والغاز والبخار وتكييف الهواء,14,11,8,3,61,61,0,72,2024-4
3,منطقة تبوك,الصناعة التحويلية الأخرى,15,12,4,8,60,56,4,72,2024-7
1,منطقة جازان,الاتصالات,25,21,15,6,50,50,0,71,2024-1
1,المنطقة الشرقية,أنشطة المكتبات والمحفوظات والمتاحف والأنشطة الثقافية الأخرى,25,14,8,6,57,56,1,71,2024-1
2,منطقة عسير,الأنشطة الإبداعية والفنون وأنشطة الترفيه,10,19,8,11,51,51,0,70,2024-4
1,منطقة الجوف,صناعة الآلات والمعدات غير المصنفة في موضع أخر,4,14,4,10,55,55,0,69,2024-1
3,منطقة الجوف,صناعة الآلات والمعدات غير المصنفة في موضع أخر,4,16,5,11,53,53,0,69,2024-7
2,منطقة تبوك,أنشطة البرمجة الحاسوبية والخبرة الاستشارية وما يتصل بها من أنشطة,23,17,10,7,52,52,0,69,2024-4
2,منطقة الباحة,أبحاث الإعلان والسوق,28,12,5,7,57,57,0,69,2024-4
3,منطقة حائل,أنشطة إنتاج الأفلام والفيديو والبرامج التليفزيونية والتسجيلات الصوتية ونشر الموسيقى,11,49,24,25,20,20,0,69,2024-7
2,منطقة المدينة المنورة,النقل الجوي,11,35,28,7,33,33,0,68,2024-4
1,منطقة المدينة المنورة,أنشطة إنتاج الأفلام والفيديو والبرامج التليفزيونية والتسجيلات الصوتية ونشر الموسيقى,29,15,7,8,53,48,5,68,2024-1
3,منطقة القصيم,صيد الأسماك وتربية المائيات,23,0,0,0,68,68,0,68,2024-7
3,منطقة الجوف,صُنع المواد الكيميائية والمنتجات الكيميائية,16,12,5,7,56,55,1,68,2024-7
1,منطقة مكة المكرمة,أنشطة المنظمات والهيئات غير الخاضعة للولاية القضائية الوطنية,5,65,36,29,3,3,0,68,2024-1
1,منطقة الحدود الشمالية,الأنشطة القانونية وأنشطة المحاسبة,20,51,35,16,17,17,0,68,2024-1
3,المنطقة الشرقية,أنشطة المكتبات والمحفوظات والمتاحف والأنشطة الثقافية الأخرى,23,17,8,9,51,51,0,68,2024-7
2,منطقة مكة المكرمة,أنشطة المنظمات والهيئات غير الخاضعة للولاية القضائية الوطنية,4,64,35,29,3,3,0,67,2024-4
1,منطقة جازان,صنع المعدات الكهربائية,24,1,1,0,66,65,1,67,2024-1
2,منطقة المدينة المنورة,صنع المنتجات الصيدلانية الأساسية والمستحضرات الصيدلانية,15,16,10,6,51,51,0,67,2024-4
3,منطقة تبوك,صنع فحم الكوك والمنتجات النفطية المكررة,2,18,14,4,49,49,0,67,2024-7
3,منطقة الباحة,توصيل الكهرباء والغاز والبخار وتكييف الهواء,10,10,9,1,57,57,0,67,2024-7
3,منطقة مكة المكرمة,أنشطة المنظمات والهيئات غير الخاضعة للولاية القضائية الوطنية,4,64,35,29,3,3,0,67,2024-7
2,منطقة الجوف,صناعة الآلات والمعدات غير المصنفة في موضع أخر,3,16,4,12,51,51,0,67,2024-4
1,منطقة نجران,الأنشطة المهنية والعلمية والتقنية الأخرى,28,3,2,1,64,62,2,67,2024-1
1,منطقة حائل,أنشطة البرمجة الحاسوبية والخبرة الاستشارية وما يتصل بها من أنشطة,19,20,5,15,46,45,1,66,2024-1
2,منطقة الباحة,صُنع المنسوجات,20,5,3,2,60,59,1,65,2024-4
3,منطقة عسير,أنشطة البريد ونقل الرسائل والطرود بواسطة مندوبين,21,10,3,7,55,55,0,65,2024-7
1,منطقة الباحة,صُنع المنسوجات,21,7,5,2,58,57,1,65,2024-1
1,منطقة الرياض,أنشطة المكتبات والمحفوظات والمتاحف والأنشطة الثقافية الأخرى,19,21,6,15,44,43,1,65,2024-1
2,منطقة جازان,الرعاية مع الإقامة,5,51,4,47,13,4,9,64,2024-4
1,منطقة عسير,صنع فحم الكوك والمنتجات النفطية المكررة,2,7,4,3,57,57,0,64,2024-1
2,منطقة تبوك,صنع فحم الكوك والمنتجات النفطية المكررة,2,19,15,4,45,45,0,64,2024-4
3,منطقة الباحة,صُنع المنسوجات,22,7,5,2,57,57,0,64,2024-7
3,منطقة تبوك,أنشطة جمع النفايات ومعالجتها وتصريفها ، واسترجاع المواد,13,12,6,6,52,52,0,64,2024-7
2,منطقة المدينة المنورة,أنشطة إنتاج الأفلام والفيديو والبرامج التليفزيونية والتسجيلات الصوتية ونشر الموسيقى,29,12,6,6,52,47,5,64,2024-4
2,منطقة القصيم,صيد الأسماك وتربية المائيات,22,0,0,0,64,64,0,64,2024-4
1,منطقة القصيم,صيد الأسماك وتربية المائيات,20,0,0,0,64,64,0,64,2024-1
3,منطقة تبوك,الإدارة العامة والدفاع ؛ والضمان الاجتماعي الإلزامي,9,29,15,14,34,34,0,63,2024-7
2,منطقة الجوف,وكالات السفر ومشغّلو الجولات السياحية وخدمات الحجز والأنشطة المتصلة بها,22,17,11,6,46,46,0,63,2024-4
2,منطقة عسير,الإدارة العامة والدفاع ؛ والضمان الاجتماعي الإلزامي,22,5,1,4,58,58,0,63,2024-4
2,منطقة الحدود الشمالية,الأنشطة القانونية وأنشطة المحاسبة,19,44,31,13,19,19,0,63,2024-4
2,منطقة جازان,صنع المعدات الكهربائية,25,2,1,1,61,60,1,63,2024-4
2,منطقة الباحة,صناعة المركبات ذات المحركات والمركبات المقطورة ونصف المقطورة,3,28,17,11,34,33,1,62,2024-4
1,منطقة عسير,الأنشطة الإبداعية والفنون وأنشطة الترفيه,9,19,7,12,43,43,0,62,2024-1
2,منطقة المدينة المنورة,الرعاية مع الإقامة,5,32,8,24,30,24,6,62,2024-4
3,منطقة الجوف,وكالات السفر ومشغّلو الجولات السياحية وخدمات الحجز والأنشطة المتصلة بها,22,14,10,4,48,48,0,62,2024-7
3,منطقة المدينة المنورة,النقل الجوي,11,34,25,9,28,28,0,62,2024-7
1,منطقة المدينة المنورة,صنع الحواسيب والمنتجات الإلكترونية والبصرية,18,20,15,5,41,41,0,61,2024-1
3,منطقة الحدود الشمالية,الأنشطة القانونية وأنشطة المحاسبة,19,42,28,14,19,19,0,61,2024-7
2,منطقة جازان,الطباعة واستنساخ وسائط الأعلام المسجّلة,16,11,7,4,49,49,0,60,2024-4
2,منطقة نجران,وكالات السفر ومشغّلو الجولات السياحية وخدمات الحجز والأنشطة المتصلة بها,19,11,4,7,49,48,1,60,2024-4
1,منطقة جازان,أنشطة البرمجة الحاسوبية والخبرة الاستشارية وما يتصل بها من أنشطة,27,5,4,1,55,55,0,60,2024-1
3,منطقة عسير,تعدين ركازات الفلزات,29,2,1,1,58,57,1,60,2024-7
3,منطقة نجران,وكالات السفر ومشغّلو الجولات السياحية وخدمات الحجز والأنشطة المتصلة بها,18,9,5,4,50,49,1,59,2024-7
1,منطقة المدينة المنورة,صناعة معدات النقل الأخرى,9,12,7,5,47,47,0,59,2024-1
1,منطقة حائل,أنشطة جمع النفايات ومعالجتها وتصريفها ، واسترجاع المواد,21,5,3,2,54,53,1,59,2024-1
2,منطقة حائل,أنشطة جمع النفايات ومعالجتها وتصريفها ، واسترجاع المواد,20,6,3,3,53,52,1,59,2024-4
2,منطقة تبوك,أنشطة جمع النفايات ومعالجتها وتصريفها ، واسترجاع المواد,12,8,4,4,51,51,0,59,2024-4
2,منطقة تبوك,الرعاية مع الإقامة,5,33,3,30,26,16,10,59,2024-4
1,منطقة عسير,الإدارة العامة والدفاع ؛ والضمان الاجتماعي الإلزامي,21,2,1,1,57,57,0,59,2024-1
3,منطقة جازان,صناعة الآلات والمعدات غير المصنفة في موضع أخر,18,8,3,5,50,49,1,58,2024-7
3,منطقة حائل,الأنشطة المهنية والعلمية والتقنية الأخرى,28,8,3,5,50,45,5,58,2024-7
1,منطقة جازان,صناعة الآلات والمعدات غير المصنفة في موضع أخر,20,2,1,1,56,56,0,58,2024-1
1,منطقة المدينة المنورة,صنع المنتجات الصيدلانية الأساسية والمستحضرات الصيدلانية,13,11,7,4,47,47,0,58,2024-1
3,منطقة عسير,صنع الحواسيب والمنتجات الإلكترونية والبصرية,29,3,3,0,54,54,0,57,2024-7
2,منطقة الجوف,الطباعة واستنساخ وسائط الأعلام المسجّلة,7,12,8,4,45,45,0,57,2024-4
1,منطقة تبوك,أنشطة البرمجة الحاسوبية والخبرة الاستشارية وما يتصل بها من أنشطة,21,15,9,6,42,42,0,57,2024-1
2,منطقة جازان,أنشطة البرمجة الحاسوبية والخبرة الاستشارية وما يتصل بها من أنشطة,24,6,5,1,51,51,0,57,2024-4
3,منطقة عسير,الإدارة العامة والدفاع ؛ والضمان الاجتماعي الإلزامي,22,3,1,2,54,54,0,57,2024-7
2,منطقة القصيم,صنع فحم الكوك والمنتجات النفطية المكررة,7,11,6,5,46,46,0,57,2024-4
3,منطقة حائل,الاتصالات,22,5,0,5,51,49,2,56,2024-7
1,منطقة الجوف,الطباعة واستنساخ وسائط الأعلام المسجّلة,8,12,8,4,44,44,0,56,2024-1
3,المنطقة الشرقية,أنشطة البرمجة والإذاعة,12,15,11,4,41,39,2,56,2024-7
3,منطقة حائل,أنشطة جمع النفايات ومعالجتها وتصريفها ، واسترجاع المواد,21,4,2,2,52,51,1,56,2024-7
3,منطقة جازان,صنع المعدات الكهربائية,22,1,0,1,55,55,0,56,2024-7
3,منطقة الباحة,صناعة المركبات ذات المحركات والمركبات المقطورة ونصف المقطورة,4,26,16,10,30,29,1,56,2024-7
3,منطقة نجران,أنشطة البريد ونقل الرسائل والطرود بواسطة مندوبين,10,0,0,0,55,54,1,55,2024-7
1,منطقة الباحة,صناعة المركبات ذات المحركات والمركبات المقطورة ونصف المقطورة,2,26,16,10,29,28,1,55,2024-1
1,منطقة حائل,الأنشطة المهنية والعلمية والتقنية الأخرى,25,8,2,6,47,42,5,55,2024-1
2,منطقة جازان,صناعة الآلات والمعدات غير المصنفة في موضع أخر,19,1,0,1,54,54,0,55,2024-4
1,منطقة الباحة,توصيل الكهرباء والغاز والبخار وتكييف الهواء,6,6,6,0,49,49,0,55,2024-1
1,منطقة القصيم,أنشطة البريد ونقل الرسائل والطرود بواسطة مندوبين,21,8,2,6,47,47,0,55,2024-1
2,منطقة حائل,الأنشطة المهنية والعلمية والتقنية الأخرى,27,7,1,6,47,42,5,54,2024-4
3,منطقة عسير,أنشطة المكاتب الرئيسية، والأنشطة الاستشارية في مجال الإدارة,18,21,11,10,33,33,0,54,2024-7
2,منطقة جازان,صنع الحواسيب والمنتجات الإلكترونية والبصرية,23,5,3,2,49,49,0,54,2024-4
3,منطقة القصيم,صنع فحم الكوك والمنتجات النفطية المكررة,7,12,8,4,42,42,0,54,2024-7
1,منطقة نجران,وكالات السفر ومشغّلو الجولات السياحية وخدمات الحجز والأنشطة المتصلة بها,16,11,5,6,43,42,1,54,2024-1
3,منطقة الجوف,الحراجة وقطع الأخشاب,12,6,6,0,48,46,2,54,2024-7
1,المنطقة الشرقية,تعدين الفحم والليغنيت,10,14,9,5,40,39,1,54,2024-1
3,منطقة الباحة,الطباعة واستنساخ وسائط الأعلام المسجّلة,17,8,4,4,46,46,0,54,2024-7
2,منطقة حائل,الاتصالات,18,6,1,5,47,45,2,53,2024-4
1,منطقة حائل,أنشطة المكاتب الرئيسية، والأنشطة الاستشارية في مجال الإدارة,14,23,13,10,30,28,2,53,2024-1
1,منطقة الجوف,الرعاية مع الإقامة,4,50,0,50,3,1,2,53,2024-1
3,منطقة جازان,أنشطة البرمجة الحاسوبية والخبرة الاستشارية وما يتصل بها من أنشطة,23,3,3,0,50,50,0,53,2024-7
3,منطقة تبوك,أنشطة البرمجة الحاسوبية والخبرة الاستشارية وما يتصل بها من أنشطة,24,9,6,3,44,44,0,53,2024-7
2,المنطقة الشرقية,أنشطة البرمجة والإذاعة,11,15,11,4,38,36,2,53,2024-4
1,منطقة جازان,صنع الحواسيب والمنتجات الإلكترونية والبصرية,21,4,3,1,49,49,0,53,2024-1
2,منطقة عسير,أنشطة البريد ونقل الرسائل والطرود بواسطة مندوبين,17,11,3,8,41,41,0,52,2024-4
3,منطقة نجران,أنشطة النشر,5,1,1,0,51,51,0,52,2024-7
1,منطقة الباحة,الطباعة واستنساخ وسائط الأعلام المسجّلة,15,8,3,5,44,44,0,52,2024-1
3,منطقة حائل,توصيل الكهرباء والغاز والبخار وتكييف الهواء,13,7,2,5,45,45,0,52,2024-7
2,منطقة نجران,أنشطة النشر,4,0,0,0,52,52,0,52,2024-4
2,منطقة القصيم,أنشطة خدمات المعلومات,11,13,5,8,39,39,0,52,2024-4
1,منطقة جازان,صناعة المركبات ذات المحركات والمركبات المقطورة ونصف المقطورة,10,7,0,7,45,45,0,52,2024-1
2,منطقة الباحة,توصيل الكهرباء والغاز والبخار وتكييف الهواء,6,6,6,0,46,46,0,52,2024-4
1,المنطقة الشرقية,أنشطة البرمجة والإذاعة,11,16,11,5,35,33,2,51,2024-1
1,منطقة نجران,أنشطة النشر,3,0,0,0,51,51,0,51,2024-1
3,منطقة الحدود الشمالية,صُنع المشروبات,5,8,5,3,43,43,0,51,2024-7
3,منطقة حائل,النقل الجوي,17,0,0,0,51,50,1,51,2024-7
2,منطقة حائل,صنع المعدات الكهربائية,13,5,2,3,46,46,0,51,2024-4
3,منطقة القصيم,أنشطة خدمات المعلومات,13,12,6,6,39,39,0,51,2024-7
3,منطقة حائل,أنشطة الأمن والتحقيقات,2,51,51,0,0,0,0,51,2024-7
2,منطقة الباحة,الطباعة واستنساخ وسائط الأعلام المسجّلة,15,9,2,7,42,42,0,51,2024-4
1,منطقة تبوك,النقل الجوي,6,18,14,4,32,32,0,50,2024-1
1,منطقة المدينة المنورة,صناعة المركبات ذات المحركات والمركبات المقطورة ونصف المقطورة,13,4,2,2,46,46,0,50,2024-1
3,منطقة حائل,صنع المعدات الكهربائية,13,6,2,4,44,44,0,50,2024-7
1,منطقة حائل,النقل الجوي,16,1,0,1,48,47,1,49,2024-1
2,منطقة حائل,توصيل الكهرباء والغاز والبخار وتكييف الهواء,12,8,3,5,40,40,0,48,2024-4
1,منطقة حائل,أنشطة الأمن والتحقيقات,2,48,48,0,0,0,0,48,2024-1
3,منطقة تبوك,الأنشطة البيطرية,12,16,11,5,32,30,2,48,2024-7
2,منطقة حائل,أنشطة المكاتب الرئيسية، والأنشطة الاستشارية في مجال الإدارة,12,15,10,5,33,31,2,48,2024-4
3,منطقة جازان,أنشطة الخدمات المالية ، فيما عدا تمويل التأمين وصناديق المعاشات,16,2,0,2,46,46,0,48,2024-7
2,منطقة حائل,النقل الجوي,16,1,0,1,46,45,1,47,2024-4
1,منطقة عسير,أنشطة المكاتب الرئيسية، والأنشطة الاستشارية في مجال الإدارة,17,18,8,10,29,28,1,47,2024-1
1,منطقة القصيم,أنشطة خدمات المعلومات,11,12,6,6,35,35,0,47,2024-1
1,منطقة حائل,الصناعة التحويلية الأخرى,15,10,7,3,37,37,0,47,2024-1
3,المنطقة الشرقية,تعدين الفحم والليغنيت,12,12,6,6,35,35,0,47,2024-7
1,منطقة حائل,توصيل الكهرباء والغاز والبخار وتكييف الهواء,12,7,3,4,40,40,0,47,2024-1
2,منطقة المدينة المنورة,صناعة معدات النقل الأخرى,8,9,5,4,38,38,0,47,2024-4
2,منطقة الجوف,الحراجة وقطع الأخشاب,10,5,5,0,42,42,0,47,2024-4
1,منطقة تبوك,صناعة المركبات ذات المحركات والمركبات المقطورة ونصف المقطورة,6,8,5,3,39,39,0,47,2024-1
2,منطقة تبوك,الأنشطة البيطرية,10,12,7,5,34,33,1,46,2024-4
1,منطقة حائل,الاتصالات,14,6,1,5,40,38,2,46,2024-1
1,منطقة المدينة المنورة,أنشطة المكتبات والمحفوظات والمتاحف والأنشطة الثقافية الأخرى,22,9,5,4,37,36,1,46,2024-1
2,منطقة عسير,النقل المائي,17,4,3,1,42,42,0,46,2024-4
1,منطقة نجران,صنع المعدات الكهربائية,8,6,2,4,40,40,0,46,2024-1
1,منطقة حائل,أنشطة الخدمات المالية ، فيما عدا تمويل التأمين وصناديق المعاشات,16,4,3,1,41,41,0,45,2024-1
3,منطقة جازان,صنع الحواسيب والمنتجات الإلكترونية والبصرية,19,2,1,1,43,43,0,45,2024-7
3,منطقة المدينة المنورة,استخراج النفط الخام والغاز الطبيعي,2,37,37,0,8,8,0,45,2024-7
3,منطقة حائل,الصناعة التحويلية الأخرى,13,9,7,2,36,35,1,45,2024-7
3,منطقة نجران,صنع المعدات الكهربائية,7,7,2,5,38,38,0,45,2024-7
2,المنطقة الشرقية,تعدين الفحم والليغنيت,11,13,7,6,32,32,0,45,2024-4
2,منطقة نجران,صنع المعدات الكهربائية,8,4,1,3,40,40,0,44,2024-4
2,منطقة القصيم,أنشطة خدمات دعم التعدين,8,4,3,1,40,40,0,44,2024-4
3,منطقة حائل,الرعاية مع الإقامة,4,38,12,26,5,4,1,43,2024-7
3,منطقة حائل,صناعة الآلات والمعدات غير المصنفة في موضع أخر,14,1,1,0,42,42,0,43,2024-7
2,منطقة الجوف,صُنع المواد الكيميائية والمنتجات الكيميائية,11,5,1,4,38,38,0,43,2024-4
3,منطقة نجران,الصناعة التحويلية الأخرى,11,10,6,4,33,31,2,43,2024-7
2,منطقة عسير,أنشطة المكاتب الرئيسية، والأنشطة الاستشارية في مجال الإدارة,19,14,6,8,29,29,0,43,2024-4
2,منطقة جازان,صنع المنتجات الصيدلانية الأساسية والمستحضرات الصيدلانية,14,5,3,2,38,36,2,43,2024-4
2,منطقة الباحة,أنشطة المنظمات ذات العضوية,17,34,21,13,8,8,0,42,2024-4
2,منطقة حائل,الصناعة التحويلية الأخرى,14,8,7,1,34,34,0,42,2024-4
1,منطقة القصيم,أنشطة خدمات دعم التعدين,8,2,2,0,40,40,0,42,2024-1
2,منطقة المدينة المنورة,أنشطة النشر,17,9,4,5,33,33,0,42,2024-4
2,منطقة الحدود الشمالية,أنشطة البريد ونقل الرسائل والطرود بواسطة مندوبين,3,12,5,7,30,30,0,42,2024-4
2,منطقة حائل,أنشطة الخدمات المالية ، فيما عدا تمويل التأمين وصناديق المعاشات,16,1,1,0,41,41,0,42,2024-4
2,منطقة حائل,أنشطة الأمن والتحقيقات,2,42,42,0,0,0,0,42,2024-4
1,منطقة حائل,أنشطة إنتاج الأفلام والفيديو والبرامج التليفزيونية والتسجيلات الصوتية ونشر الموسيقى,11,21,10,11,20,20,0,41,2024-1
2,منطقة جازان,أنشطة المنظمات والهيئات غير الخاضعة للولاية القضائية الوطنية,15,1,0,1,40,40,0,41,2024-4
1,منطقة المدينة المنورة,أنشطة النشر,17,9,4,5,32,32,0,41,2024-1
2,منطقة نجران,الصناعة التحويلية الأخرى,10,8,5,3,33,32,1,41,2024-4
1,منطقة نجران,الصناعة التحويلية الأخرى,9,11,8,3,30,27,3,41,2024-1
3,منطقة حائل,الأنشطة البيطرية,16,7,4,3,33,32,1,40,2024-7
2,منطقة تبوك,صناعة المركبات ذات المحركات والمركبات المقطورة ونصف المقطورة,7,8,5,3,32,32,0,40,2024-4
2,منطقة حائل,أنشطة إنتاج الأفلام والفيديو والبرامج التليفزيونية والتسجيلات الصوتية ونشر الموسيقى,11,21,9,12,19,19,0,40,2024-4
1,منطقة جازان,صنع المنتجات الصيدلانية الأساسية والمستحضرات الصيدلانية,12,3,3,0,37,35,2,40,2024-1
1,منطقة عسير,أنشطة البريد ونقل الرسائل والطرود بواسطة مندوبين,17,8,4,4,32,32,0,40,2024-1
3,منطقة عسير,النقل الجوي,13,7,6,1,33,33,0,40,2024-7
1,منطقة الجوف,الاتصالات,20,7,3,4,33,33,0,40,2024-1
3,منطقة نجران,الإدارة العامة والدفاع ؛ والضمان الاجتماعي الإلزامي,17,4,4,0,36,36,0,40,2024-7
3,منطقة حائل,الأنشطة الأخرى للتعدين واستغلال المحاجر,15,8,3,5,32,32,0,40,2024-7
3,منطقة الحدود الشمالية,النقل الجوي,2,14,10,4,25,25,0,39,2024-7
3,منطقة عسير,النقل المائي,18,1,1,0,38,38,0,39,2024-7
2,منطقة تبوك,صنع المعدات الكهربائية,13,6,0,6,33,33,0,39,2024-4
1,منطقة جازان,أنشطة المنظمات والهيئات غير الخاضعة للولاية القضائية الوطنية,15,0,0,0,39,39,0,39,2024-1
3,منطقة تبوك,صنع المعدات الكهربائية,13,7,1,6,32,32,0,39,2024-7
1,منطقة الباحة,أنشطة جمع النفايات ومعالجتها وتصريفها ، واسترجاع المواد,3,10,2,8,29,29,0,39,2024-1
2,منطقة المدينة المنورة,أنشطة المكتبات والمحفوظات والمتاحف والأنشطة الثقافية الأخرى,20,5,3,2,34,33,1,39,2024-4
3,منطقة الباحة,أنشطة الاستخدام,23,6,5,1,33,30,3,39,2024-7
3,منطقة جازان,صنع المنتجات الصيدلانية الأساسية والمستحضرات الصيدلانية,13,3,3,0,36,34,2,39,2024-7
1,منطقة تبوك,الأنشطة البيطرية,11,7,1,6,31,30,1,38,2024-1
3,منطقة حائل,أنشطة المكاتب الرئيسية، والأنشطة الاستشارية في مجال الإدارة,10,14,8,6,24,22,2,38,2024-7
2,منطقة جازان,الأنشطة البيطرية,10,10,2,8,28,26,2,38,2024-4
3,منطقة تبوك,أنشطة النشر,6,11,8,3,27,27,0,38,2024-7
1,منطقة جازان,أنشطة الخدمات المالية ، فيما عدا تمويل التأمين وصناديق المعاشات,16,5,2,3,33,33,0,38,2024-1
3,منطقة حائل,أنشطة الخدمات المالية ، فيما عدا تمويل التأمين وصناديق المعاشات,14,1,1,0,37,36,1,38,2024-7
3,منطقة الباحة,الأنشطة القانونية وأنشطة المحاسبة,12,26,16,10,11,11,0,37,2024-7
1,منطقة الحدود الشمالية,النقل الجوي,2,13,10,3,24,24,0,37,2024-1
1,منطقة حائل,الأنشطة البيطرية,13,7,4,3,30,29,1,37,2024-1
2,منطقة الحدود الشمالية,النقل الجوي,2,13,10,3,24,24,0,37,2024-4
2,منطقة جازان,أنشطة الخدمات المالية ، فيما عدا تمويل التأمين وصناديق المعاشات,16,2,0,2,35,35,0,37,2024-4
1,منطقة الجوف,صُنع المواد الكيميائية والمنتجات الكيميائية,10,5,1,4,32,32,0,37,2024-1
3,منطقة جازان,أنشطة المنظمات والهيئات غير الخاضعة للولاية القضائية الوطنية,15,0,0,0,37,37,0,37,2024-7
3,منطقة القصيم,النقل الجوي,12,4,1,3,33,33,0,37,2024-7
3,منطقة الجوف,الاتصالات,18,9,6,3,28,27,1,37,2024-7
3,منطقة جازان,النقل الجوي,14,3,2,1,34,34,0,37,2024-7
1,منطقة الحدود الشمالية,أنشطة الخدمات المالية ، فيما عدا تمويل التأمين وصناديق المعاشات,5,0,0,0,37,37,0,37,2024-1
3,منطقة تبوك,صناعة المركبات ذات المحركات والمركبات المقطورة ونصف المقطورة,7,6,5,1,31,31,0,37,2024-7
1,منطقة الجوف,صنع الفلزات القاعدية,14,4,3,1,33,33,0,37,2024-1
3,منطقة المدينة المنورة,أنشطة النشر,16,8,3,5,29,29,0,37,2024-7
1,منطقة عسير,النقل المائي,15,2,2,0,34,34,0,36,2024-1
3,منطقة الباحة,أنشطة المنظمات ذات العضوية,17,28,20,8,8,8,0,36,2024-7
3,منطقة جازان,الأنشطة البيطرية,8,9,2,7,27,25,2,36,2024-7
3,منطقة القصيم,أنشطة النشر,11,3,1,2,33,33,0,36,2024-7
1,منطقة عسير,أنشطة إنتاج الأفلام والفيديو والبرامج التليفزيونية والتسجيلات الصوتية ونشر الموسيقى,13,8,6,2,28,28,0,36,2024-1
2,منطقة تبوك,الاتصالات,19,4,3,1,32,32,0,36,2024-4
1,منطقة عسير,النقل الجوي,12,4,3,1,32,32,0,36,2024-1
2,منطقة نجران,الإدارة العامة والدفاع ؛ والضمان الاجتماعي الإلزامي,17,3,3,0,33,33,0,36,2024-4
3,منطقة تبوك,الاتصالات,16,3,1,2,33,33,0,36,2024-7
1,منطقة الحدود الشمالية,الاتصالات,16,8,6,2,28,27,1,36,2024-1
2,منطقة الباحة,الأنشطة القانونية وأنشطة المحاسبة,12,23,15,8,12,12,0,35,2024-4
1,منطقة الباحة,أنشطة المنظمات ذات العضوية,14,27,15,12,8,8,0,35,2024-1
2,منطقة نجران,أنشطة البريد ونقل الرسائل والطرود بواسطة مندوبين,6,0,0,0,35,34,1,35,2024-4
3,منطقة القصيم,أنشطة خدمات دعم التعدين,9,2,2,0,33,33,0,35,2024-7
1,منطقة تبوك,أنشطة جمع النفايات ومعالجتها وتصريفها ، واسترجاع المواد,10,4,3,1,31,31,0,35,2024-1
1,منطقة الجوف,الحراجة وقطع الأخشاب,7,5,5,0,30,30,0,35,2024-1
2,منطقة الحدود الشمالية,أنشطة الخدمات المالية ، فيما عدا تمويل التأمين وصناديق المعاشات,5,0,0,0,35,35,0,35,2024-4
1,منطقة جازان,تعدين ركازات الفلزات,8,15,11,4,20,20,0,35,2024-1
3,منطقة الباحة,أنشطة جمع النفايات ومعالجتها وتصريفها ، واسترجاع المواد,4,5,2,3,30,30,0,35,2024-7
2,منطقة الجوف,صنع الفلزات القاعدية,14,3,2,1,32,32,0,35,2024-4
1,منطقة الحدود الشمالية,الطباعة واستنساخ وسائط الأعلام المسجّلة,8,4,2,2,31,31,0,35,2024-1
2,منطقة الجوف,الاتصالات,19,5,3,2,30,30,0,35,2024-4
2,منطقة الحدود الشمالية,صُنع الورق ومنتجات الورق,4,6,3,3,29,29,0,35,2024-4
3,منطقة تبوك,توصيل الكهرباء والغاز والبخار وتكييف الهواء,14,3,0,3,32,32,0,35,2024-7
3,منطقة حائل,أنشطة البريد ونقل الرسائل والطرود بواسطة مندوبين,7,0,0,0,35,35,0,35,2024-7
2,منطقة الحدود الشمالية,الاتصالات,16,6,4,2,29,28,1,35,2024-4
3,منطقة تبوك,أنشطة إنتاج الأفلام والفيديو والبرامج التليفزيونية والتسجيلات الصوتية ونشر الموسيقى,12,17,12,5,18,18,0,35,2024-7
1,منطقة جازان,الأنشطة البيطرية,7,9,1,8,25,24,1,34,2024-1
3,منطقة الجوف,الصرف الصحي,13,2,2,0,32,32,0,34,2024-7
3,منطقة المدينة المنورة,أنشطة المكتبات والمحفوظات والمتاحف والأنشطة الثقافية الأخرى,18,4,2,2,30,29,1,34,2024-7
2,منطقة عسير,أنشطة إنتاج الأفلام والفيديو والبرامج التليفزيونية والتسجيلات الصوتية ونشر الموسيقى,12,5,4,1,29,29,0,34,2024-4
3,منطقة الحدود الشمالية,الاتصالات,15,3,2,1,31,30,1,34,2024-7
2,منطقة عسير,النقل الجوي,12,3,2,1,31,31,0,34,2024-4
2,منطقة القصيم,أنشطة النشر,9,3,1,2,31,31,0,34,2024-4
2,منطقة حائل,الأنشطة البيطرية,13,3,0,3,31,30,1,34,2024-4
1,منطقة الحدود الشمالية,صُنع الورق ومنتجات الورق,4,5,3,2,29,29,0,34,2024-1
3,منطقة الباحة,الصناعة التحويلية الأخرى,11,6,5,1,28,27,1,34,2024-7
1,منطقة تبوك,أنشطة إنتاج الأفلام والفيديو والبرامج التليفزيونية والتسجيلات الصوتية ونشر الموسيقى,11,19,13,6,15,15,0,34,2024-1
1,منطقة الباحة,الأنشطة القانونية وأنشطة المحاسبة,13,23,15,8,11,11,0,34,2024-1
2,منطقة الحدود الشمالية,الطباعة واستنساخ وسائط الأعلام المسجّلة,9,3,1,2,31,31,0,34,2024-4
2,منطقة الباحة,أنشطة جمع النفايات ومعالجتها وتصريفها ، واسترجاع المواد,3,7,3,4,27,27,0,34,2024-4
3,منطقة المدينة المنورة,صناعة المركبات ذات المحركات والمركبات المقطورة ونصف المقطورة,12,4,1,3,30,30,0,34,2024-7
1,منطقة تبوك,صنع فحم الكوك والمنتجات النفطية المكررة,2,19,15,4,15,15,0,34,2024-1
3,منطقة عسير,أنشطة إنتاج الأفلام والفيديو والبرامج التليفزيونية والتسجيلات الصوتية ونشر الموسيقى,13,3,2,1,31,31,0,34,2024-7
2,منطقة الباحة,أنشطة الاستخدام,21,7,5,2,27,26,1,34,2024-4
2,منطقة المدينة المنورة,صناعة المركبات ذات المحركات والمركبات المقطورة ونصف المقطورة,10,2,1,1,32,32,0,34,2024-4
2,منطقة تبوك,أنشطة إنتاج الأفلام والفيديو والبرامج التليفزيونية والتسجيلات الصوتية ونشر الموسيقى,12,18,12,6,16,16,0,34,2024-4
1,منطقة القصيم,أنشطة النشر,10,3,1,2,30,30,0,33,2024-1
3,منطقة الحدود الشمالية,صُنع الورق ومنتجات الورق,4,5,2,3,28,28,0,33,2024-7
2,منطقة الباحة,الصناعة التحويلية الأخرى,11,4,4,0,29,27,2,33,2024-4
3,منطقة تبوك,أنشطة خدمات دعم التعدين,10,5,3,2,28,28,0,33,2024-7
2,منطقة حائل,الرعاية مع الإقامة,3,32,9,23,1,0,1,33,2024-4
1,منطقة نجران,الطباعة واستنساخ وسائط الأعلام المسجّلة,10,6,1,5,27,27,0,33,2024-1
2,منطقة حائل,الأنشطة الأخرى للتعدين واستغلال المحاجر,12,7,3,4,26,26,0,33,2024-4
1,منطقة عسير,صُنع المنتجات الجلدية والمنتجات ذات الصلة,10,1,0,1,32,32,0,33,2024-1
2,منطقة جازان,تعدين ركازات الفلزات,8,13,10,3,20,20,0,33,2024-4
1,منطقة حائل,الرعاية مع الإقامة,3,32,11,21,1,0,1,33,2024-1
1,منطقة الباحة,الصناعة التحويلية الأخرى,11,5,5,0,27,26,1,32,2024-1
2,منطقة جازان,أنشطة خدمات دعم التعدين,5,1,1,0,31,31,0,32,2024-4
1,منطقة المدينة المنورة,صُنع المنتجات الجلدية والمنتجات ذات الصلة,9,3,2,1,29,29,0,32,2024-1
1,منطقة جازان,أنشطة خدمات دعم التعدين,5,1,1,0,31,31,0,32,2024-1
1,منطقة حائل,صناعة الآلات والمعدات غير المصنفة في موضع أخر,13,2,2,0,30,30,0,32,2024-1
3,منطقة نجران,الطباعة واستنساخ وسائط الأعلام المسجّلة,13,3,1,2,29,29,0,32,2024-7
1,منطقة تبوك,الاتصالات,19,5,4,1,27,27,0,32,2024-1
1,منطقة نجران,الإدارة العامة والدفاع ؛ والضمان الاجتماعي الإلزامي,14,1,1,0,30,30,0,31,2024-1
2,منطقة الحدود الشمالية,صُنع المشروبات,4,6,4,2,25,25,0,31,2024-4
3,منطقة عسير,البحث والتطوير في المجال العلمي,5,27,0,27,4,4,0,31,2024-7
3,منطقة تبوك,تعدين الفحم والليغنيت,3,2,1,1,29,29,0,31,2024-7
1,منطقة القصيم,النقل الجوي,12,3,1,2,28,28,0,31,2024-1
2,منطقة جازان,النقل الجوي,12,2,1,1,29,29,0,31,2024-4
1,منطقة الحدود الشمالية,صُنع المشروبات,4,4,3,1,27,27,0,31,2024-1
3,منطقة الحدود الشمالية,أنشطة الخدمات المالية ، فيما عدا تمويل التأمين وصناديق المعاشات,5,0,0,0,31,31,0,31,2024-7
2,منطقة تبوك,توصيل الكهرباء والغاز والبخار وتكييف الهواء,12,3,1,2,28,28,0,31,2024-4
2,منطقة الحدود الشمالية,صنع الحواسيب والمنتجات الإلكترونية والبصرية,4,4,3,1,26,26,0,30,2024-4
2,منطقة الجوف,أنشطة البرمجة الحاسوبية والخبرة الاستشارية وما يتصل بها من أنشطة,10,9,2,7,21,21,0,30,2024-4
1,منطقة نجران,استخراج النفط الخام والغاز الطبيعي,5,7,6,1,23,23,0,30,2024-1
3,منطقة الجوف,صنع الفلزات القاعدية,11,3,2,1,27,27,0,30,2024-7
2,منطقة القصيم,الأنشطة المساعدة لأنشطة الخدمات المالية وأنشطة التأمين,6,17,11,6,13,13,0,30,2024-4
3,منطقة تبوك,صنع المنتجات الصيدلانية الأساسية والمستحضرات الصيدلانية,7,4,1,3,26,25,1,30,2024-7
1,منطقة الباحة,أنشطة الاستخدام,21,6,4,2,24,23,1,30,2024-1
2,منطقة المدينة المنورة,صُنع المنتجات الجلدية والمنتجات ذات الصلة,7,4,2,2,25,25,0,29,2024-4
1,منطقة تبوك,صنع المعدات الكهربائية,9,4,0,4,25,25,0,29,2024-1
1,منطقة الجوف,صنع المعدات الكهربائية,12,2,2,0,27,27,0,29,2024-1
1,منطقة الجوف,الصناعة التحويلية الأخرى,10,3,3,0,26,26,0,29,2024-1
2,منطقة عسير,صُنع المنتجات الجلدية والمنتجات ذات الصلة,9,0,0,0,29,29,0,29,2024-4
2,منطقة نجران,الطباعة واستنساخ وسائط الأعلام المسجّلة,11,4,1,3,25,25,0,29,2024-4
3,منطقة عسير,صُنع المنتجات الجلدية والمنتجات ذات الصلة,10,0,0,0,29,29,0,29,2024-7
3,منطقة الجوف,توصيل الكهرباء والغاز والبخار وتكييف الهواء,8,2,2,0,26,26,0,28,2024-7
3,منطقة الحدود الشمالية,الطباعة واستنساخ وسائط الأعلام المسجّلة,8,3,0,3,25,25,0,28,2024-7
3,منطقة جازان,تعدين ركازات الفلزات,8,7,5,2,21,21,0,28,2024-7
3,منطقة الحدود الشمالية,صنع الفلزات القاعدية,8,3,3,0,25,25,0,28,2024-7
2,منطقة القصيم,النقل الجوي,10,2,0,2,26,26,0,28,2024-4
1,منطقة الباحة,وكالات السفر ومشغّلو الجولات السياحية وخدمات الحجز والأنشطة المتصلة بها,10,4,4,0,24,24,0,28,2024-1
1,منطقة القصيم,الأنشطة المساعدة لأنشطة الخدمات المالية وأنشطة التأمين,6,13,7,6,15,15,0,28,2024-1
3,منطقة المدينة المنورة,البحث والتطوير في المجال العلمي,14,12,7,5,16,15,1,28,2024-7
1,منطقة الباحة,الأنشطة المهنية والعلمية والتقنية الأخرى,13,1,1,0,26,25,1,27,2024-1
1,منطقة المدينة المنورة,الأنشطة الإبداعية والفنون وأنشطة الترفيه,14,3,3,0,24,24,0,27,2024-1
2,منطقة حائل,صناعة الآلات والمعدات غير المصنفة في موضع أخر,11,0,0,0,27,27,0,27,2024-4
2,منطقة الجوف,توصيل الكهرباء والغاز والبخار وتكييف الهواء,7,2,2,0,25,25,0,27,2024-4
2,منطقة الجوف,الصناعة التحويلية الأخرى,9,3,3,0,24,24,0,27,2024-4
2,منطقة حائل,صنع الحواسيب والمنتجات الإلكترونية والبصرية,12,1,1,0,26,26,0,27,2024-4
1,منطقة الجوف,أنشطة البرمجة الحاسوبية والخبرة الاستشارية وما يتصل بها من أنشطة,9,7,2,5,20,20,0,27,2024-1
1,منطقة الحدود الشمالية,صنع المعدات الكهربائية,14,0,0,0,27,27,0,27,2024-1
3,منطقة نجران,صنع الحواسيب والمنتجات الإلكترونية والبصرية,8,3,0,3,24,24,0,27,2024-7
1,منطقة الجوف,الأنشطة المهنية والعلمية والتقنية الأخرى,13,1,0,1,26,23,3,27,2024-1
3,منطقة الباحة,وكالات السفر ومشغّلو الجولات السياحية وخدمات الحجز والأنشطة المتصلة بها,10,4,4,0,23,23,0,27,2024-7
2,منطقة عسير,أنشطة خدمات دعم التعدين,13,3,1,2,24,24,0,27,2024-4
1,منطقة نجران,الأنشطة المساعدة لأنشطة الخدمات المالية وأنشطة التأمين,4,18,17,1,9,9,0,27,2024-1
3,منطقة الجوف,الصناعة التحويلية الأخرى,9,3,3,0,24,24,0,27,2024-7
3,منطقة نجران,الاتصالات,12,1,1,0,26,26,0,27,2024-7
1,منطقة جازان,النقل الجوي,11,1,1,0,26,26,0,27,2024-1
3,منطقة القصيم,الأنشطة المساعدة لأنشطة الخدمات المالية وأنشطة التأمين,5,15,9,6,12,12,0,27,2024-7
2,منطقة نجران,صنع المنتجات الصيدلانية الأساسية والمستحضرات الصيدلانية,9,2,0,2,25,25,0,27,2024-4
2,منطقة نجران,صنع الحواسيب والمنتجات الإلكترونية والبصرية,8,4,0,4,23,23,0,27,2024-4
1,منطقة نجران,أنشطة البرمجة الحاسوبية والخبرة الاستشارية وما يتصل بها من أنشطة,11,1,0,1,26,25,1,27,2024-1
1,منطقة الجوف,صناعة المركبات ذات المحركات والمركبات المقطورة ونصف المقطورة,9,3,3,0,24,24,0,27,2024-1
3,منطقة جازان,أنشطة المكاتب الرئيسية، والأنشطة الاستشارية في مجال الإدارة,10,10,8,2,16,14,2,26,2024-7
1,المنطقة الشرقية,أنشطة الاسر المعيشية التي تستخدم أفراداً للعمل المنزلي,7,4,1,3,22,21,1,26,2024-1
2,منطقة الجوف,صنع المعدات الكهربائية,11,1,1,0,25,25,0,26,2024-4
3,منطقة المدينة المنورة,صُنع المنتجات الجلدية والمنتجات ذات الصلة,7,2,1,1,24,24,0,26,2024-7
1,منطقة القصيم,صُنع المنتجات الجلدية والمنتجات ذات الصلة,8,1,0,1,25,25,0,26,2024-1
1,منطقة القصيم,أنشطة إنتاج الأفلام والفيديو والبرامج التليفزيونية والتسجيلات الصوتية ونشر الموسيقى,11,7,1,6,19,19,0,26,2024-1
2,منطقة تبوك,أنشطة البريد ونقل الرسائل والطرود بواسطة مندوبين,10,2,0,2,24,23,1,26,2024-4
1,منطقة تبوك,أنشطة البريد ونقل الرسائل والطرود بواسطة مندوبين,9,2,1,1,24,23,1,26,2024-1
2,منطقة عسير,البحث والتطوير في المجال العلمي,4,23,0,23,3,3,0,26,2024-4
1,منطقة جازان,أنشطة المكتبات والمحفوظات والمتاحف والأنشطة الثقافية الأخرى,11,1,1,0,25,25,0,26,2024-1
3,منطقة نجران,صنع المنتجات الصيدلانية الأساسية والمستحضرات الصيدلانية,9,1,0,1,25,25,0,26,2024-7
2,منطقة القصيم,النقل المائي,6,5,0,5,20,20,0,25,2024-4
2,منطقة الجوف,الأنشطة المهنية والعلمية والتقنية الأخرى,13,1,0,1,24,21,3,25,2024-4
3,منطقة الحدود الشمالية,صنع المعدات الكهربائية,10,0,0,0,25,25,0,25,2024-7
2,منطقة الحدود الشمالية,صنع المعدات الكهربائية,12,0,0,0,25,25,0,25,2024-4
2,منطقة الحدود الشمالية,أنشطة البرمجة الحاسوبية والخبرة الاستشارية وما يتصل بها من أنشطة,10,4,1,3,21,21,0,25,2024-4
3,منطقة الحدود الشمالية,أنشطة البرمجة الحاسوبية والخبرة الاستشارية وما يتصل بها من أنشطة,7,5,0,5,20,20,0,25,2024-7
2,منطقة الباحة,الأنشطة المهنية والعلمية والتقنية الأخرى,12,0,0,0,25,25,0,25,2024-4
3,منطقة نجران,النقل المائي,8,1,1,0,24,24,0,25,2024-7
3,منطقة الجوف,الأنشطة المهنية والعلمية والتقنية الأخرى,12,2,1,1,23,20,3,25,2024-7
1,منطقة عسير,أنشطة خدمات دعم التعدين,12,1,0,1,24,24,0,25,2024-1
3,منطقة الجوف,أنشطة البرمجة الحاسوبية والخبرة الاستشارية وما يتصل بها من أنشطة,9,4,2,2,21,21,0,25,2024-7
2,منطقة الباحة,وكالات السفر ومشغّلو الجولات السياحية وخدمات الحجز والأنشطة المتصلة بها,10,3,3,0,22,22,0,25,2024-4
1,منطقة القصيم,النقل المائي,6,6,0,6,19,19,0,25,2024-1
2,منطقة جازان,أنشطة المكتبات والمحفوظات والمتاحف والأنشطة الثقافية الأخرى,10,1,1,0,23,23,0,24,2024-4
2,منطقة الحدود الشمالية,الأنشطة المهنية والعلمية والتقنية الأخرى,10,8,0,8,16,12,4,24,2024-4
3,منطقة الباحة,الأنشطة المهنية والعلمية والتقنية الأخرى,12,1,0,1,23,23,0,24,2024-7
3,منطقة نجران,استخراج النفط الخام والغاز الطبيعي,4,6,5,1,18,18,0,24,2024-7
3,منطقة جازان,أنشطة إنتاج الأفلام والفيديو والبرامج التليفزيونية والتسجيلات الصوتية ونشر الموسيقى,7,10,4,6,14,14,0,24,2024-7
3,منطقة القصيم,أنشطة الاسر المعيشية التي تستخدم أفراداً للعمل المنزلي,6,1,0,1,23,23,0,24,2024-7
2,منطقة نجران,أنشطة البرمجة الحاسوبية والخبرة الاستشارية وما يتصل بها من أنشطة,11,1,0,1,23,22,1,24,2024-4
2,منطقة الجوف,الصرف الصحي,12,3,2,1,21,21,0,24,2024-4
1,منطقة حائل,صنع الحواسيب والمنتجات الإلكترونية والبصرية,11,1,1,0,23,23,0,24,2024-1
3,منطقة الحدود الشمالية,الأنشطة المهنية والعلمية والتقنية الأخرى,10,7,0,7,17,13,4,24,2024-7
1,منطقة القصيم,صنع الحواسيب والمنتجات الإلكترونية والبصرية,8,0,0,0,24,19,5,24,2024-1
1,منطقة الحدود الشمالية,صنع الفلزات القاعدية,8,3,3,0,21,21,0,24,2024-1
1,منطقة الباحة,أنشطة النشر,6,6,4,2,18,18,0,24,2024-1
1,منطقة عسير,البحث والتطوير في المجال العلمي,4,21,0,21,3,3,0,24,2024-1
2,منطقة نجران,استخراج النفط الخام والغاز الطبيعي,4,6,5,1,18,18,0,24,2024-4
3,منطقة تبوك,أنشطة البريد ونقل الرسائل والطرود بواسطة مندوبين,8,1,0,1,23,22,1,24,2024-7
2,منطقة جازان,أنشطة المكاتب الرئيسية، والأنشطة الاستشارية في مجال الإدارة,10,8,4,4,15,13,2,23,2024-4
3,منطقة القصيم,أنشطة إنتاج الأفلام والفيديو والبرامج التليفزيونية والتسجيلات الصوتية ونشر الموسيقى,8,6,1,5,17,17,0,23,2024-7
2,منطقة نجران,الأنشطة المساعدة لأنشطة الخدمات المالية وأنشطة التأمين,3,18,17,1,5,5,0,23,2024-4
3,منطقة تبوك,أنشطة الخدمات المالية ، فيما عدا تمويل التأمين وصناديق المعاشات,10,7,1,6,16,16,0,23,2024-7
3,منطقة نجران,أنشطة البرمجة الحاسوبية والخبرة الاستشارية وما يتصل بها من أنشطة,10,2,0,2,21,20,1,23,2024-7
2,منطقة تبوك,أنشطة خدمات دعم التعدين,7,5,4,1,18,18,0,23,2024-4
1,منطقة الحدود الشمالية,الأنشطة المهنية والعلمية والتقنية الأخرى,10,6,0,6,17,14,3,23,2024-1
2,منطقة القصيم,صنع الحواسيب والمنتجات الإلكترونية والبصرية,9,1,1,0,22,19,3,23,2024-4
1,منطقة نجران,الاتصالات,10,0,0,0,23,23,0,23,2024-1
3,منطقة جازان,أنشطة المكتبات والمحفوظات والمتاحف والأنشطة الثقافية الأخرى,9,1,1,0,22,22,0,23,2024-7
2,منطقة الحدود الشمالية,صنع الفلزات القاعدية,7,2,2,0,21,21,0,23,2024-4
1,منطقة حائل,أنشطة البريد ونقل الرسائل والطرود بواسطة مندوبين,7,1,0,1,22,22,0,23,2024-1
3,منطقة المدينة المنورة,الأنشطة الإبداعية والفنون وأنشطة الترفيه,13,3,0,3,20,20,0,23,2024-7
2,منطقة القصيم,أنشطة إنتاج الأفلام والفيديو والبرامج التليفزيونية والتسجيلات الصوتية ونشر الموسيقى,10,6,1,5,17,17,0,23,2024-4
3,منطقة القصيم,النقل المائي,6,5,0,5,18,18,0,23,2024-7
2,منطقة تبوك,صناعة الآلات والمعدات غير المصنفة في موضع أخر,8,2,2,0,21,21,0,23,2024-4
1,منطقة تبوك,توصيل الكهرباء والغاز والبخار وتكييف الهواء,11,3,0,3,20,20,0,23,2024-1
2,منطقة القصيم,صُنع المنتجات الجلدية والمنتجات ذات الصلة,8,1,0,1,22,22,0,23,2024-4
3,منطقة الباحة,الصرف الصحي,6,3,1,2,20,20,0,23,2024-7
1,منطقة جازان,أنشطة البريد ونقل الرسائل والطرود بواسطة مندوبين,9,2,1,1,20,17,3,22,2024-1
3,منطقة القصيم,صُنع المنتجات الجلدية والمنتجات ذات الصلة,7,1,0,1,21,21,0,22,2024-7
3,منطقة الجوف,صناعة المركبات ذات المحركات والمركبات المقطورة ونصف المقطورة,8,3,3,0,19,19,0,22,2024-7
3,منطقة الجوف,الرعاية مع الإقامة,3,19,0,19,3,1,2,22,2024-7
1,منطقة نجران,صنع الحواسيب والمنتجات الإلكترونية والبصرية,7,2,0,2,20,20,0,22,2024-1
1,منطقة المدينة المنورة,البحث والتطوير في المجال العلمي,11,8,5,3,14,14,0,22,2024-1
2,منطقة نجران,النقل المائي,8,0,0,0,22,22,0,22,2024-4
3,منطقة تبوك,صناعة الآلات والمعدات غير المصنفة في موضع أخر,9,0,0,0,22,22,0,22,2024-7
1,منطقة نجران,النقل المائي,8,0,0,0,22,22,0,22,2024-1
3,منطقة تبوك,صنع الحواسيب والمنتجات الإلكترونية والبصرية,11,3,1,2,19,19,0,22,2024-7
1,منطقة جازان,أنشطة إنتاج الأفلام والفيديو والبرامج التليفزيونية والتسجيلات الصوتية ونشر الموسيقى,7,8,4,4,14,14,0,22,2024-1
1,منطقة حائل,الأنشطة الأخرى للتعدين واستغلال المحاجر,8,5,2,3,17,17,0,22,2024-1
3,منطقة الحدود الشمالية,صنع منتجات المطاط واللدائن,5,3,1,2,19,19,0,22,2024-7
3,منطقة عسير,أنشطة خدمات دعم التعدين,11,1,0,1,21,21,0,22,2024-7
2,منطقة المدينة المنورة,الأنشطة الإبداعية والفنون وأنشطة الترفيه,13,2,0,2,20,20,0,22,2024-4
1,منطقة عسير,أنشطة المكتبات والمحفوظات والمتاحف والأنشطة الثقافية الأخرى,12,3,2,1,18,18,0,21,2024-1
3,منطقة نجران,الأنشطة المساعدة لأنشطة الخدمات المالية وأنشطة التأمين,2,16,15,1,5,5,0,21,2024-7
1,منطقة الجوف,الصرف الصحي,11,2,2,0,19,19,0,21,2024-1
3,منطقة جازان,صناعة المركبات ذات المحركات والمركبات المقطورة ونصف المقطورة,8,0,0,0,21,21,0,21,2024-7
2,منطقة الجوف,صناعة المركبات ذات المحركات والمركبات المقطورة ونصف المقطورة,8,2,2,0,19,19,0,21,2024-4
2,منطقة المدينة المنورة,البحث والتطوير في المجال العلمي,12,6,3,3,15,15,0,21,2024-4
3,منطقة الجوف,صنع المعدات الكهربائية,9,2,2,0,19,19,0,21,2024-7
2,المنطقة الشرقية,أنشطة الاسر المعيشية التي تستخدم أفراداً للعمل المنزلي,5,4,0,4,17,17,0,21,2024-4
1,منطقة نجران,الأنشطة البيطرية,10,3,1,2,18,18,0,21,2024-1
3,منطقة القصيم,صنع الحواسيب والمنتجات الإلكترونية والبصرية,8,2,2,0,19,18,1,21,2024-7
1,منطقة نجران,أنشطة الخدمات المالية ، فيما عدا تمويل التأمين وصناديق المعاشات,8,3,0,3,18,18,0,21,2024-1
2,منطقة جازان,صناعة المركبات ذات المحركات والمركبات المقطورة ونصف المقطورة,8,0,0,0,21,21,0,21,2024-4
2,منطقة حائل,أنشطة البريد ونقل الرسائل والطرود بواسطة مندوبين,6,1,0,1,20,20,0,21,2024-4
1,منطقة عسير,صناعة المركبات ذات المحركات والمركبات المقطورة ونصف المقطورة,9,1,1,0,20,20,0,21,2024-1
2,منطقة جازان,أنشطة إنتاج الأفلام والفيديو والبرامج التليفزيونية والتسجيلات الصوتية ونشر الموسيقى,7,8,3,5,13,13,0,21,2024-4
2,منطقة تبوك,صنع المنتجات الصيدلانية الأساسية والمستحضرات الصيدلانية,6,1,0,1,20,19,1,21,2024-4
2,منطقة جازان,الحراجة وقطع الأخشاب,6,4,2,2,16,16,0,20,2024-4
3,منطقة الباحة,أنشطة البرمجة الحاسوبية والخبرة الاستشارية وما يتصل بها من أنشطة,6,3,1,2,17,17,0,20,2024-7
2,منطقة جازان,أنشطة البريد ونقل الرسائل والطرود بواسطة مندوبين,8,1,1,0,19,19,0,20,2024-4
3,منطقة جازان,أنشطة البريد ونقل الرسائل والطرود بواسطة مندوبين,8,0,0,0,20,20,0,20,2024-7
1,منطقة الحدود الشمالية,صنع منتجات المطاط واللدائن,4,4,2,2,16,16,0,20,2024-1
2,منطقة الجوف,صنع المنتجات الصيدلانية الأساسية والمستحضرات الصيدلانية,9,1,0,1,19,18,1,20,2024-4
3,منطقة حائل,صنع الحواسيب والمنتجات الإلكترونية والبصرية,11,1,1,0,19,19,0,20,2024-7
2,منطقة عسير,صناعة المركبات ذات المحركات والمركبات المقطورة ونصف المقطورة,6,6,3,3,14,14,0,20,2024-4
3,المنطقة الشرقية,أنشطة الاسر المعيشية التي تستخدم أفراداً للعمل المنزلي,4,4,0,4,16,16,0,20,2024-7
1,منطقة تبوك,أنشطة الخدمات المالية ، فيما عدا تمويل التأمين وصناديق المعاشات,11,1,1,0,19,19,0,20,2024-1
3,منطقة الجوف,صنع فحم الكوك والمنتجات النفطية المكررة,2,3,2,1,17,17,0,20,2024-7
3,منطقة نجران,الأنشطة البيطرية,11,4,0,4,15,15,0,19,2024-7
3,منطقة الجوف,صنع المنتجات الصيدلانية الأساسية والمستحضرات الصيدلانية,9,1,0,1,18,17,1,19,2024-7
1,منطقة حائل,صُنع المنتجات الجلدية والمنتجات ذات الصلة,6,0,0,0,19,19,0,19,2024-1
3,منطقة الباحة,الإدارة العامة والدفاع ؛ والضمان الاجتماعي الإلزامي,8,1,1,0,18,18,0,19,2024-7
1,منطقة تبوك,صناعة الآلات والمعدات غير المصنفة في موضع أخر,7,2,2,0,17,17,0,19,2024-1
1,منطقة القصيم,أنشطة المكتبات والمحفوظات والمتاحف والأنشطة الثقافية الأخرى,4,6,5,1,13,13,0,19,2024-1
2,منطقة الحدود الشمالية,صنع منتجات المطاط واللدائن,4,3,2,1,16,16,0,19,2024-4
3,منطقة حائل,الإدارة العامة والدفاع ؛ والضمان الاجتماعي الإلزامي,8,9,5,4,10,10,0,19,2024-7
1,منطقة الباحة,الإدارة العامة والدفاع ؛ والضمان الاجتماعي الإلزامي,8,1,1,0,18,18,0,19,2024-1
1,منطقة الباحة,الصرف الصحي,5,1,1,0,18,18,0,19,2024-1
1,منطقة الحدود الشمالية,صنع الحواسيب والمنتجات الإلكترونية والبصرية,5,8,4,4,11,11,0,19,2024-1
2,منطقة الباحة,أنشطة النشر,6,5,4,1,14,14,0,19,2024-4
3,منطقة جازان,أنشطة النشر,6,7,4,3,12,12,0,19,2024-7
1,منطقة الجوف,صنع المنتجات الصيدلانية الأساسية والمستحضرات الصيدلانية,9,0,0,0,19,18,1,19,2024-1
2,منطقة القصيم,أنشطة المكتبات والمحفوظات والمتاحف والأنشطة الثقافية الأخرى,4,6,5,1,13,13,0,19,2024-4
1,منطقة تبوك,صنع المنتجات الصيدلانية الأساسية والمستحضرات الصيدلانية,6,1,0,1,18,17,1,19,2024-1
1,منطقة الحدود الشمالية,أنشطة البرمجة الحاسوبية والخبرة الاستشارية وما يتصل بها من أنشطة,8,6,3,3,13,13,0,19,2024-1
2,منطقة نجران,الاتصالات,8,0,0,0,18,18,0,18,2024-4
2,منطقة تبوك,صنع الحواسيب والمنتجات الإلكترونية والبصرية,10,0,0,0,18,18,0,18,2024-4
3,منطقة حائل,أنشطة خدمات المعلومات,4,5,2,3,13,12,1,18,2024-7
3,منطقة جازان,الحراجة وقطع الأخشاب,6,1,1,0,17,17,0,18,2024-7
2,منطقة حائل,أنشطة خدمات المعلومات,4,4,2,2,14,13,1,18,2024-4
3,منطقة القصيم,أنشطة المكتبات والمحفوظات والمتاحف والأنشطة الثقافية الأخرى,3,5,4,1,13,13,0,18,2024-7
2,منطقة الباحة,الإدارة العامة والدفاع ؛ والضمان الاجتماعي الإلزامي,8,0,0,0,18,18,0,18,2024-4
1,منطقة جازان,أنشطة المكاتب الرئيسية، والأنشطة الاستشارية في مجال الإدارة,8,7,3,4,11,9,2,18,2024-1
2,منطقة الحدود الشمالية,توصيل الكهرباء والغاز والبخار وتكييف الهواء,4,2,1,1,16,16,0,18,2024-4
1,منطقة حائل,الإدارة العامة والدفاع ؛ والضمان الاجتماعي الإلزامي,7,6,5,1,12,12,0,18,2024-1
1,منطقة تبوك,صنع الحواسيب والمنتجات الإلكترونية والبصرية,10,0,0,0,17,17,0,17,2024-1
1,منطقة نجران,صنع المنتجات الصيدلانية الأساسية والمستحضرات الصيدلانية,6,0,0,0,17,17,0,17,2024-1
3,منطقة عسير,الحراجة وقطع الأخشاب,6,2,1,1,15,15,0,17,2024-7
1,منطقة حائل,أنشطة خدمات المعلومات,4,2,0,2,15,14,1,17,2024-1
2,منطقة عسير,صناعة معدات النقل الأخرى,5,0,0,0,17,17,0,17,2024-4
1,منطقة حائل,صناعة المركبات ذات المحركات والمركبات المقطورة ونصف المقطورة,6,1,1,0,16,16,0,17,2024-1
2,منطقة عسير,أنشطة البرمجة والإذاعة,7,2,2,0,15,15,0,17,2024-4
1,منطقة تبوك,أنشطة خدمات دعم التعدين,5,6,5,1,11,11,0,17,2024-1
1,منطقة الحدود الشمالية,أنشطة المكاتب الرئيسية، والأنشطة الاستشارية في مجال الإدارة,5,0,0,0,17,16,1,17,2024-1
1,منطقة عسير,أنشطة خدمات المعلومات,7,3,1,2,14,13,1,17,2024-1
1,منطقة تبوك,أنشطة خدمات المعلومات,8,4,1,3,13,13,0,17,2024-1
2,منطقة تبوك,الأنشطة المساعدة لأنشطة الخدمات المالية وأنشطة التأمين,4,10,8,2,7,7,0,17,2024-4
1,منطقة الحدود الشمالية,أنشطة البريد ونقل الرسائل والطرود بواسطة مندوبين,3,0,0,0,17,17,0,17,2024-1
2,منطقة تبوك,صناعة معدات النقل الأخرى,3,3,2,1,14,14,0,17,2024-4
3,منطقة تبوك,الأنشطة المساعدة لأنشطة الخدمات المالية وأنشطة التأمين,4,11,9,2,6,6,0,17,2024-7
2,منطقة تبوك,أنشطة الخدمات المالية ، فيما عدا تمويل التأمين وصناديق المعاشات,9,0,0,0,17,17,0,17,2024-4
2,منطقة الجوف,الرعاية مع الإقامة,3,14,0,14,3,1,2,17,2024-4
1,منطقة الجوف,النقل الجوي,7,0,0,0,17,17,0,17,2024-1
2,منطقة تبوك,أنشطة النشر,6,3,3,0,14,14,0,17,2024-4
3,منطقة نجران,أنشطة المكتبات والمحفوظات والمتاحف والأنشطة الثقافية الأخرى,6,1,1,0,15,15,0,16,2024-7
2,منطقة حائل,صُنع المنتجات الجلدية والمنتجات ذات الصلة,5,0,0,0,16,16,0,16,2024-4
2,منطقة حائل,صناعة المركبات ذات المحركات والمركبات المقطورة ونصف المقطورة,6,1,1,0,15,15,0,16,2024-4
1,منطقة عسير,صناعة معدات النقل الأخرى,5,1,0,1,15,15,0,16,2024-1
3,منطقة عسير,صناعة المركبات ذات المحركات والمركبات المقطورة ونصف المقطورة,6,1,0,1,15,15,0,16,2024-7
2,منطقة الباحة,الصرف الصحي,5,1,1,0,15,15,0,16,2024-4
2,منطقة الحدود الشمالية,أنشطة المكاتب الرئيسية، والأنشطة الاستشارية في مجال الإدارة,5,0,0,0,16,15,1,16,2024-4
1,منطقة الحدود الشمالية,صُنع المنتجات الجلدية والمنتجات ذات الصلة,6,1,0,1,15,15,0,16,2024-1
2,منطقة الباحة,صيد الأسماك وتربية المائيات,5,0,0,0,16,16,0,16,2024-4
3,منطقة نجران,أنشطة الخدمات المالية ، فيما عدا تمويل التأمين وصناديق المعاشات,7,2,0,2,14,14,0,16,2024-7
2,منطقة نجران,الأنشطة البيطرية,10,2,0,2,14,14,0,16,2024-4
2,منطقة جازان,أنشطة النشر,6,4,1,3,12,12,0,16,2024-4
1,منطقة عسير,أنشطة البرمجة والإذاعة,7,2,2,0,14,14,0,16,2024-1
2,منطقة الجوف,النقل الجوي,6,0,0,0,16,16,0,16,2024-4
2,منطقة نجران,أنشطة المكتبات والمحفوظات والمتاحف والأنشطة الثقافية الأخرى,7,0,0,0,16,16,0,16,2024-4
2,منطقة نجران,أنشطة الخدمات المالية ، فيما عدا تمويل التأمين وصناديق المعاشات,7,3,1,2,13,13,0,16,2024-4
3,منطقة الحدود الشمالية,توصيل الكهرباء والغاز والبخار وتكييف الهواء,4,2,1,1,13,13,0,15,2024-7
3,منطقة تبوك,صناعة معدات النقل الأخرى,3,2,2,0,13,13,0,15,2024-7
3,منطقة الجوف,النقل الجوي,6,0,0,0,15,15,0,15,2024-7
3,منطقة الباحة,صيد الأسماك وتربية المائيات,6,0,0,0,15,15,0,15,2024-7
3,منطقة الباحة,أنشطة النشر,5,3,3,0,12,12,0,15,2024-7
2,منطقة نجران,صناعة المركبات ذات المحركات والمركبات المقطورة ونصف المقطورة,7,1,0,1,14,14,0,15,2024-4
3,منطقة الجوف,صنع الحواسيب والمنتجات الإلكترونية والبصرية,5,1,0,1,14,14,0,15,2024-7
3,منطقة الحدود الشمالية,أنشطة المكاتب الرئيسية، والأنشطة الاستشارية في مجال الإدارة,5,0,0,0,15,14,1,15,2024-7
3,منطقة الحدود الشمالية,أنشطة المنظمات ذات العضوية,5,6,5,1,9,9,0,15,2024-7
3,منطقة الباحة,الاتصالات,6,7,3,4,8,8,0,15,2024-7
2,منطقة الحدود الشمالية,أنشطة المنظمات ذات العضوية,5,5,4,1,10,10,0,15,2024-4
2,منطقة الحدود الشمالية,صُنع المنتجات الجلدية والمنتجات ذات الصلة,6,0,0,0,15,15,0,15,2024-4
1,منطقة نجران,أنشطة المكتبات والمحفوظات والمتاحف والأنشطة الثقافية الأخرى,6,0,0,0,15,15,0,15,2024-1
2,منطقة عسير,الحراجة وقطع الأخشاب,5,2,1,1,13,13,0,15,2024-4
3,منطقة الحدود الشمالية,الحراجة وقطع الأخشاب,2,1,0,1,14,14,0,15,2024-7
3,منطقة الحدود الشمالية,صُنع المنتجات الجلدية والمنتجات ذات الصلة,6,1,0,1,14,14,0,15,2024-7
1,منطقة الباحة,صيد الأسماك وتربية المائيات,5,0,0,0,15,15,0,15,2024-1
1,منطقة نجران,صناعة المركبات ذات المحركات والمركبات المقطورة ونصف المقطورة,7,1,0,1,13,13,0,14,2024-1
3,منطقة نجران,صناعة المركبات ذات المحركات والمركبات المقطورة ونصف المقطورة,6,1,0,1,13,13,0,14,2024-7
2,منطقة حائل,الإدارة العامة والدفاع ؛ والضمان الاجتماعي الإلزامي,6,6,5,1,8,8,0,14,2024-4
1,منطقة القصيم,أنشطة الاسر المعيشية التي تستخدم أفراداً للعمل المنزلي,5,0,0,0,14,14,0,14,2024-1
3,منطقة الجوف,أنشطة الخدمات المالية ، فيما عدا تمويل التأمين وصناديق المعاشات,9,8,6,2,6,6,0,14,2024-7
2,منطقة المدينة المنورة,الحراجة وقطع الأخشاب,5,3,3,0,11,11,0,14,2024-4
2,منطقة الباحة,صنع الفلزات القاعدية,8,1,0,1,13,13,0,14,2024-4
1,منطقة تبوك,الأنشطة المساعدة لأنشطة الخدمات المالية وأنشطة التأمين,4,9,7,2,5,5,0,14,2024-1
3,منطقة الجوف,الإدارة العامة والدفاع ؛ والضمان الاجتماعي الإلزامي,7,1,1,0,13,13,0,14,2024-7
2,منطقة الجوف,صنع الحواسيب والمنتجات الإلكترونية والبصرية,5,1,0,1,13,13,0,14,2024-4
1,منطقة جازان,صناعة معدات النقل الأخرى,4,0,0,0,14,14,0,14,2024-1
2,منطقة الحدود الشمالية,الأنشطة البيطرية,7,3,1,2,11,11,0,14,2024-4
2,منطقة عسير,أنشطة خدمات المعلومات,7,0,0,0,14,13,1,14,2024-4
1,منطقة الباحة,صنع الفلزات القاعدية,7,0,0,0,14,14,0,14,2024-1
2,منطقة الحدود الشمالية,الحراجة وقطع الأخشاب,2,2,1,1,11,11,0,13,2024-4
3,منطقة جازان,صناعة معدات النقل الأخرى,3,1,0,1,12,12,0,13,2024-7
1,منطقة الجوف,أنشطة خدمات المعلومات,5,1,0,1,12,12,0,13,2024-1
3,منطقة الحدود الشمالية,الأنشطة البيطرية,7,3,1,2,10,10,0,13,2024-7
3,منطقة عسير,أنشطة خدمات المعلومات,8,2,0,2,11,10,1,13,2024-7
3,منطقة تبوك,أنشطة خدمات المعلومات,7,3,1,2,10,10,0,13,2024-7
1,منطقة الحدود الشمالية,الأنشطة البيطرية,6,4,2,2,9,9,0,13,2024-1
2,منطقة الباحة,الاتصالات,4,6,2,4,7,7,0,13,2024-4
2,منطقة تبوك,أنشطة خدمات المعلومات,7,3,1,2,10,10,0,13,2024-4
2,منطقة الجوف,استخراج النفط الخام والغاز الطبيعي,6,1,1,0,12,12,0,13,2024-4
3,منطقة نجران,أنشطة المكاتب الرئيسية، والأنشطة الاستشارية في مجال الإدارة,5,0,0,0,13,13,0,13,2024-7
1,منطقة الجوف,صنع الحواسيب والمنتجات الإلكترونية والبصرية,5,0,0,0,13,13,0,13,2024-1
3,منطقة حائل,صناعة المركبات ذات المحركات والمركبات المقطورة ونصف المقطورة,6,1,1,0,12,12,0,13,2024-7
1,منطقة الجوف,توصيل الكهرباء والغاز والبخار وتكييف الهواء,6,0,0,0,13,13,0,13,2024-1
3,منطقة المدينة المنورة,الحراجة وقطع الأخشاب,5,1,1,0,12,12,0,13,2024-7
3,منطقة الجوف,أنشطة المكاتب الرئيسية، والأنشطة الاستشارية في مجال الإدارة,5,3,2,1,10,9,1,13,2024-7
3,منطقة عسير,صناعة معدات النقل الأخرى,5,0,0,0,13,13,0,13,2024-7
3,منطقة نجران,النقل الجوي,4,2,2,0,11,11,0,13,2024-7
2,منطقة جازان,صناعة معدات النقل الأخرى,3,0,0,0,12,12,0,12,2024-4
3,منطقة الباحة,صنع الفلزات القاعدية,8,0,0,0,12,12,0,12,2024-7
1,منطقة الجوف,استخراج النفط الخام والغاز الطبيعي,6,0,0,0,12,12,0,12,2024-1
2,منطقة القصيم,أنشطة الاسر المعيشية التي تستخدم أفراداً للعمل المنزلي,4,0,0,0,12,12,0,12,2024-4
2,منطقة الجوف,أنشطة الخدمات المالية ، فيما عدا تمويل التأمين وصناديق المعاشات,8,6,6,0,6,6,0,12,2024-4
1,منطقة جازان,الحراجة وقطع الأخشاب,5,1,1,0,11,11,0,12,2024-1
1,منطقة الجوف,أنشطة المكاتب الرئيسية، والأنشطة الاستشارية في مجال الإدارة,4,7,5,2,5,4,1,12,2024-1
1,منطقة الجوف,أنشطة الخدمات المالية ، فيما عدا تمويل التأمين وصناديق المعاشات,8,6,6,0,6,6,0,12,2024-1
2,منطقة الجوف,الإدارة العامة والدفاع ؛ والضمان الاجتماعي الإلزامي,6,0,0,0,12,12,0,12,2024-4
1,منطقة تبوك,أنشطة النشر,5,3,3,0,9,9,0,12,2024-1
3,منطقة الجوف,استخراج النفط الخام والغاز الطبيعي,6,0,0,0,12,12,0,12,2024-7
3,منطقة الحدود الشمالية,صنع الحواسيب والمنتجات الإلكترونية والبصرية,4,3,1,2,9,9,0,12,2024-7
3,منطقة مكة المكرمة,صُنع منتجات التبغ,2,7,7,0,5,5,0,12,2024-7
1,منطقة نجران,أنشطة المكاتب الرئيسية، والأنشطة الاستشارية في مجال الإدارة,4,0,0,0,11,11,0,11,2024-1
2,منطقة الجوف,أنشطة خدمات المعلومات,4,0,0,0,11,11,0,11,2024-4
1,منطقة جازان,أنشطة خدمات المعلومات,5,2,1,1,9,9,0,11,2024-1
3,منطقة عسير,أنشطة البرمجة والإذاعة,5,0,0,0,11,11,0,11,2024-7
1,منطقة تبوك,أنشطة الأمن والتحقيقات,6,4,3,1,7,7,0,11,2024-1
1,منطقة جازان,الأنشطة المساعدة لأنشطة الخدمات المالية وأنشطة التأمين,1,3,3,0,8,8,0,11,2024-1
1,منطقة المدينة المنورة,الحراجة وقطع الأخشاب,4,1,1,0,10,9,1,11,2024-1
2,منطقة الحدود الشمالية,صيد الأسماك وتربية المائيات,3,0,0,0,11,11,0,11,2024-4
1,منطقة المدينة المنورة,تعدين ركازات الفلزات,6,1,1,0,10,10,0,11,2024-1
3,منطقة الجوف,أنشطة خدمات المعلومات,3,2,1,1,9,9,0,11,2024-7
2,منطقة جازان,الأنشطة المساعدة لأنشطة الخدمات المالية وأنشطة التأمين,1,3,3,0,8,8,0,11,2024-4
2,منطقة نجران,أنشطة المكاتب الرئيسية، والأنشطة الاستشارية في مجال الإدارة,4,0,0,0,11,11,0,11,2024-4
3,منطقة الباحة,صناعة الآلات والمعدات غير المصنفة في موضع أخر,4,1,1,0,10,10,0,11,2024-7
3,منطقة جازان,الأنشطة المساعدة لأنشطة الخدمات المالية وأنشطة التأمين,1,3,3,0,8,8,0,11,2024-7
1,منطقة القصيم,الأنشطة الإبداعية والفنون وأنشطة الترفيه,5,2,0,2,9,9,0,11,2024-1
1,منطقة الجوف,الإدارة العامة والدفاع ؛ والضمان الاجتماعي الإلزامي,5,0,0,0,11,11,0,11,2024-1
2,منطقة القصيم,الأنشطة الإبداعية والفنون وأنشطة الترفيه,5,2,0,2,9,9,0,11,2024-4
1,منطقة الحدود الشمالية,صنع المنتجات الصيدلانية الأساسية والمستحضرات الصيدلانية,3,2,0,2,9,9,0,11,2024-1
2,منطقة الحدود الشمالية,صنع المنتجات الصيدلانية الأساسية والمستحضرات الصيدلانية,3,2,0,2,9,9,0,11,2024-4
1,منطقة القصيم,تعدين الفحم والليغنيت,3,1,0,1,10,10,0,11,2024-1
1,منطقة الباحة,صناعة الآلات والمعدات غير المصنفة في موضع أخر,4,2,1,1,9,9,0,11,2024-1
1,منطقة الحدود الشمالية,صناعة الآلات والمعدات غير المصنفة في موضع أخر,4,0,0,0,11,11,0,11,2024-1
1,منطقة الباحة,صنع الحواسيب والمنتجات الإلكترونية والبصرية,6,2,2,0,9,9,0,11,2024-1
1,منطقة الرياض,أنشطة انتاج الأفلام والبرامج التلفزيونية والتسجيلات الصوتية والموسيقية,5,4,2,2,7,7,0,11,2024-1
2,منطقة الباحة,صنع الحواسيب والمنتجات الإلكترونية والبصرية,6,2,2,0,8,8,0,10,2024-4
2,منطقة الباحة,صنع منتجات المطاط واللدائن,5,0,0,0,10,10,0,10,2024-4
3,منطقة الحدود الشمالية,صنع المنتجات الصيدلانية الأساسية والمستحضرات الصيدلانية,3,1,0,1,9,9,0,10,2024-7
3,منطقة نجران,الرعاية مع الإقامة,1,10,0,10,0,0,0,10,2024-7
2,منطقة الجوف,أنشطة المكاتب الرئيسية، والأنشطة الاستشارية في مجال الإدارة,4,4,3,1,6,5,1,10,2024-4
3,منطقة حائل,صنع فحم الكوك والمنتجات النفطية المكررة,2,2,1,1,8,8,0,10,2024-7
3,منطقة جازان,أنشطة خدمات المعلومات,5,1,0,1,9,9,0,10,2024-7
3,منطقة حائل,تعدين ركازات الفلزات,3,2,2,0,8,8,0,10,2024-7
2,منطقة القصيم,تعدين الفحم والليغنيت,3,1,0,1,9,9,0,10,2024-4
2,منطقة الباحة,صناعة الآلات والمعدات غير المصنفة في موضع أخر,4,1,1,0,9,9,0,10,2024-4
3,منطقة حائل,صُنع المنتجات الجلدية والمنتجات ذات الصلة,4,0,0,0,10,10,0,10,2024-7
3,منطقة القصيم,الأنشطة الإبداعية والفنون وأنشطة الترفيه,4,2,0,2,8,8,0,10,2024-7
1,منطقة الباحة,أنشطة الأمن والتحقيقات,1,10,5,5,0,0,0,10,2024-1
3,منطقة الحدود الشمالية,أنشطة إنتاج الأفلام والفيديو والبرامج التليفزيونية والتسجيلات الصوتية ونشر الموسيقى,3,3,0,3,7,7,0,10,2024-7
2,منطقة الباحة,الأنشطة البيطرية,5,1,0,1,9,9,0,10,2024-4
2,منطقة جازان,أنشطة خدمات المعلومات,5,1,0,1,9,9,0,10,2024-4
1,منطقة الباحة,الاتصالات,4,4,2,2,6,6,0,10,2024-1
3,منطقة الباحة,الأنشطة البيطرية,5,1,0,1,9,9,0,10,2024-7
2,منطقة الباحة,أنشطة البرمجة الحاسوبية والخبرة الاستشارية وما يتصل بها من أنشطة,5,2,0,2,8,8,0,10,2024-4
3,منطقة القصيم,تعدين الفحم والليغنيت,3,2,1,1,8,8,0,10,2024-7
1,منطقة نجران,تعدين ركازات الفلزات,5,1,0,1,8,8,0,9,2024-1
2,منطقة حائل,تعدين ركازات الفلزات,2,0,0,0,9,9,0,9,2024-4
1,منطقة نجران,صناعة معدات النقل الأخرى,3,0,0,0,9,9,0,9,2024-1
1,منطقة الحدود الشمالية,أنشطة المنظمات ذات العضوية,4,6,4,2,3,3,0,9,2024-1
3,منطقة المدينة المنورة,تعدين ركازات الفلزات,5,0,0,0,9,9,0,9,2024-7
1,منطقة الحدود الشمالية,الحراجة وقطع الأخشاب,2,2,1,1,7,7,0,9,2024-1
2,منطقة جازان,البحث والتطوير في المجال العلمي,1,8,6,2,1,1,0,9,2024-4
1,منطقة جازان,أنشطة النشر,5,0,0,0,9,9,0,9,2024-1
2,منطقة نجران,صناعة معدات النقل الأخرى,3,0,0,0,9,9,0,9,2024-4
1,منطقة الرياض,أنشطة الاسر المعيشية التي تستخدم أفراداً للعمل المنزلي,7,1,1,0,8,8,0,9,2024-1
1,منطقة حائل,تعدين ركازات الفلزات,2,0,0,0,9,9,0,9,2024-1
2,منطقة الحدود الشمالية,الصناعة التحويلية الأخرى,4,0,0,0,9,9,0,9,2024-4
1,منطقة الحدود الشمالية,أنشطة إنتاج الأفلام والفيديو والبرامج التليفزيونية والتسجيلات الصوتية ونشر الموسيقى,3,2,0,2,7,7,0,9,2024-1
3,منطقة الحدود الشمالية,صناعة الآلات والمعدات غير المصنفة في موضع أخر,3,1,0,1,8,8,0,9,2024-7
2,منطقة الحدود الشمالية,أنشطة إنتاج الأفلام والفيديو والبرامج التليفزيونية والتسجيلات الصوتية ونشر الموسيقى,3,2,0,2,7,7,0,9,2024-4
3,منطقة جازان,البحث والتطوير في المجال العلمي,1,8,5,3,1,1,0,9,2024-7
3,منطقة جازان,أنشطة خدمات دعم التعدين,4,1,0,1,8,8,0,9,2024-7
2,منطقة تبوك,أنشطة المكاتب الرئيسية، والأنشطة الاستشارية في مجال الإدارة,4,3,2,1,5,5,0,8,2024-4
2,منطقة تبوك,الحراجة وقطع الأخشاب,2,1,0,1,7,7,0,8,2024-4
1,منطقة الحدود الشمالية,الصناعة التحويلية الأخرى,5,0,0,0,8,8,0,8,2024-1
3,منطقة تبوك,الحراجة وقطع الأخشاب,2,0,0,0,8,8,0,8,2024-7
2,منطقة الجوف,أنشطة خدمات دعم التعدين,5,1,0,1,7,7,0,8,2024-4
1,منطقة حائل,أنشطة خدمات دعم التعدين,4,0,0,0,8,8,0,8,2024-1
1,منطقة عسير,الحراجة وقطع الأخشاب,4,1,1,0,7,7,0,8,2024-1
3,منطقة الباحة,صنع الحواسيب والمنتجات الإلكترونية والبصرية,4,1,1,0,7,7,0,8,2024-7
2,منطقة الباحة,صنع المنتجات الصيدلانية الأساسية والمستحضرات الصيدلانية,2,2,2,0,6,6,0,8,2024-4
2,منطقة الباحة,أنشطة الأمن والتحقيقات,1,8,4,4,0,0,0,8,2024-4
3,منطقة تبوك,الأنشطة الإبداعية والفنون وأنشطة الترفيه,4,0,0,0,8,8,0,8,2024-7
3,منطقة القصيم,أنشطة المنظمات والهيئات غير الخاضعة للولاية القضائية الوطنية,1,0,0,0,8,8,0,8,2024-7
2,منطقة المدينة المنورة,تعدين ركازات الفلزات,4,0,0,0,8,8,0,8,2024-4
2,منطقة حائل,أنشطة خدمات دعم التعدين,4,0,0,0,8,8,0,8,2024-4
3,منطقة المدينة المنورة,أنشطة البرمجة والإذاعة,4,2,1,1,6,6,0,8,2024-7
1,منطقة تبوك,أنشطة المكتبات والمحفوظات والمتاحف والأنشطة الثقافية الأخرى,4,2,1,1,6,6,0,8,2024-1
3,منطقة عسير,الأنشطة المساعدة لأنشطة الخدمات المالية وأنشطة التأمين,4,1,1,0,7,7,0,8,2024-7
1,منطقة الحدود الشمالية,الإدارة العامة والدفاع ؛ والضمان الاجتماعي الإلزامي,2,2,2,0,6,6,0,8,2024-1
3,منطقة الباحة,أنشطة الأمن والتحقيقات,1,8,5,3,0,0,0,8,2024-7
1,منطقة الجوف,أنشطة خدمات دعم التعدين,5,0,0,0,8,8,0,8,2024-1
3,منطقة نجران,صناعة معدات النقل الأخرى,3,0,0,0,8,8,0,8,2024-7
1,منطقة جازان,البحث والتطوير في المجال العلمي,1,7,5,2,1,1,0,8,2024-1
2,منطقة تبوك,تعدين ركازات الفلزات,2,0,0,0,7,7,0,7,2024-4
3,منطقة تبوك,أنشطة المكتبات والمحفوظات والمتاحف والأنشطة الثقافية الأخرى,4,1,1,0,6,6,0,7,2024-7
1,منطقة الباحة,أنشطة البرمجة الحاسوبية والخبرة الاستشارية وما يتصل بها من أنشطة,4,3,1,2,4,4,0,7,2024-1
2,منطقة نجران,النقل الجوي,3,0,0,0,7,7,0,7,2024-4
3,منطقة الجوف,الأنشطة البيطرية,2,1,1,0,6,6,0,7,2024-7
1,منطقة مكة المكرمة,أنشطة انتاج الأفلام والبرامج التلفزيونية والتسجيلات الصوتية والموسيقية,2,2,0,2,5,4,1,7,2024-1
2,منطقة الرياض,أنشطة الاسر المعيشية التي تستخدم أفراداً للعمل المنزلي,6,1,1,0,6,6,0,7,2024-4
1,منطقة الباحة,أنشطة الخدمات المالية ، فيما عدا تمويل التأمين وصناديق المعاشات,4,1,1,0,6,6,0,7,2024-1
3,منطقة الباحة,صنع منتجات المطاط واللدائن,3,0,0,0,7,7,0,7,2024-7
1,منطقة نجران,النقل الجوي,3,0,0,0,7,7,0,7,2024-1
3,منطقة الجوف,أنشطة خدمات دعم التعدين,4,1,0,1,6,6,0,7,2024-7
1,منطقة الحدود الشمالية,توصيل الكهرباء والغاز والبخار وتكييف الهواء,3,1,1,0,6,6,0,7,2024-1
2,منطقة القصيم,أنشطة المنظمات والهيئات غير الخاضعة للولاية القضائية الوطنية,1,0,0,0,7,7,0,7,2024-4
1,منطقة تبوك,أنشطة المكاتب الرئيسية، والأنشطة الاستشارية في مجال الإدارة,4,4,2,2,3,3,0,7,2024-1
3,منطقة الحدود الشمالية,الصناعة التحويلية الأخرى,3,0,0,0,7,7,0,7,2024-7
1,منطقة الباحة,صنع المنتجات الصيدلانية الأساسية والمستحضرات الصيدلانية,2,1,1,0,6,6,0,7,2024-1
2,منطقة الحدود الشمالية,صناعة الآلات والمعدات غير المصنفة في موضع أخر,3,0,0,0,7,7,0,7,2024-4
2,منطقة حائل,صناعة معدات النقل الأخرى,2,0,0,0,7,7,0,7,2024-4
3,منطقة عسير,تعدين الفحم والليغنيت,2,1,0,1,6,6,0,7,2024-7
1,منطقة عسير,الأنشطة المساعدة لأنشطة الخدمات المالية وأنشطة التأمين,4,0,0,0,7,7,0,7,2024-1
3,منطقة تبوك,البحث والتطوير في المجال العلمي,2,2,0,2,5,5,0,7,2024-7
3,منطقة تبوك,تعدين ركازات الفلزات,2,0,0,0,7,7,0,7,2024-7
3,منطقة حائل,تعدين الفحم والليغنيت,2,0,0,0,7,7,0,7,2024-7
3,منطقة حائل,صناعة معدات النقل الأخرى,2,0,0,0,7,7,0,7,2024-7
3,منطقة الجوف,أنشطة النشر,4,0,0,0,6,6,0,6,2024-7
2,منطقة حائل,الحراجة وقطع الأخشاب,2,1,1,0,5,5,0,6,2024-4
1,منطقة الباحة,صنع منتجات المطاط واللدائن,5,0,0,0,6,6,0,6,2024-1
3,منطقة الحدود الشمالية,أنشطة البريد ونقل الرسائل والطرود بواسطة مندوبين,2,0,0,0,6,6,0,6,2024-7
2,منطقة عسير,تعدين الفحم والليغنيت,2,0,0,0,6,6,0,6,2024-4
2,منطقة حائل,تعدين الفحم والليغنيت,2,0,0,0,6,6,0,6,2024-4
2,منطقة الحدود الشمالية,الإدارة العامة والدفاع ؛ والضمان الاجتماعي الإلزامي,2,1,1,0,5,5,0,6,2024-4
2,منطقة الباحة,أنشطة المكتبات والمحفوظات والمتاحف والأنشطة الثقافية الأخرى,3,1,0,1,5,5,0,6,2024-4
2,منطقة عسير,الأنشطة المساعدة لأنشطة الخدمات المالية وأنشطة التأمين,4,1,1,0,5,5,0,6,2024-4
3,منطقة نجران,صُنع المنتجات الجلدية والمنتجات ذات الصلة,3,0,0,0,6,6,0,6,2024-7
1,منطقة المدينة المنورة,تمويل التأمين وإعادة التأمين وصناديق المعاشات التقاعدية باستثناء الضمان الاجتماعي الإلزامي,3,0,0,0,6,5,1,6,2024-1
1,منطقة حائل,النقل المائي,3,0,0,0,6,6,0,6,2024-1
3,منطقة حائل,أنشطة خدمات دعم التعدين,4,1,0,1,5,5,0,6,2024-7
2,منطقة تبوك,الأنشطة الإبداعية والفنون وأنشطة الترفيه,4,0,0,0,6,6,0,6,2024-4
3,منطقة الرياض,أنشطة الاسر المعيشية التي تستخدم أفراداً للعمل المنزلي,6,1,1,0,5,5,0,6,2024-7
3,منطقة الباحة,أنشطة المكاتب الرئيسية، والأنشطة الاستشارية في مجال الإدارة,2,1,0,1,5,4,1,6,2024-7
1,منطقة حائل,صناعة معدات النقل الأخرى,2,0,0,0,6,6,0,6,2024-1
1,منطقة الجوف,صُنع المنتجات الجلدية والمنتجات ذات الصلة,2,1,1,0,5,5,0,6,2024-1
1,منطقة حائل,صنع فحم الكوك والمنتجات النفطية المكررة,2,0,0,0,6,6,0,6,2024-1
1,منطقة الحدود الشمالية,أنشطة خدمات دعم التعدين,2,0,0,0,6,6,0,6,2024-1
3,منطقة حائل,الحراجة وقطع الأخشاب,2,1,1,0,5,5,0,6,2024-7
2,منطقة الجوف,الأنشطة البيطرية,1,1,1,0,5,5,0,6,2024-4
2,منطقة حائل,النقل المائي,3,0,0,0,6,6,0,6,2024-4
2,منطقة تبوك,أنشطة المكتبات والمحفوظات والمتاحف والأنشطة الثقافية الأخرى,3,1,1,0,5,5,0,6,2024-4
1,منطقة القصيم,أنشطة المنظمات والهيئات غير الخاضعة للولاية القضائية الوطنية,1,0,0,0,6,6,0,6,2024-1
3,منطقة الباحة,صنع المنتجات الصيدلانية الأساسية والمستحضرات الصيدلانية,2,1,1,0,5,5,0,6,2024-7
3,منطقة تبوك,أنشطة المكاتب الرئيسية، والأنشطة الاستشارية في مجال الإدارة,3,3,2,1,3,3,0,6,2024-7
1,منطقة الجوف,أنشطة النشر,3,0,0,0,5,5,0,5,2024-1
1,منطقة نجران,تعدين الفحم والليغنيت,2,1,1,0,4,4,0,5,2024-1
3,منطقة الباحة,أنشطة المكتبات والمحفوظات والمتاحف والأنشطة الثقافية الأخرى,3,1,0,1,4,4,0,5,2024-7
1,منطقة نجران,الأنشطة الإبداعية والفنون وأنشطة الترفيه,2,0,0,0,5,5,0,5,2024-1
2,منطقة مكة المكرمة,صُنع منتجات التبغ,1,0,0,0,5,5,0,5,2024-4
1,منطقة مكة المكرمة,صُنع منتجات التبغ,1,0,0,0,5,5,0,5,2024-1
1,منطقة تبوك,الأنشطة الإبداعية والفنون وأنشطة الترفيه,3,0,0,0,5,5,0,5,2024-1
1,منطقة نجران,الرعاية مع الإقامة,1,5,1,4,0,0,0,5,2024-1
3,منطقة الحدود الشمالية,صيد الأسماك وتربية المائيات,2,0,0,0,5,5,0,5,2024-7
1,منطقة تبوك,تعدين ركازات الفلزات,1,0,0,0,5,5,0,5,2024-1
1,منطقة الجوف,الأنشطة البيطرية,1,1,1,0,4,4,0,5,2024-1
3,منطقة نجران,الأنشطة الإبداعية والفنون وأنشطة الترفيه,2,0,0,0,5,5,0,5,2024-7
3,منطقة الباحة,صنع المعدات الكهربائية,3,0,0,0,5,5,0,5,2024-7
1,منطقة حائل,الأنشطة الإبداعية والفنون وأنشطة الترفيه,2,0,0,0,5,5,0,5,2024-1
2,منطقة حائل,صنع فحم الكوك والمنتجات النفطية المكررة,2,0,0,0,5,5,0,5,2024-4
1,منطقة الباحة,أنشطة المكتبات والمحفوظات والمتاحف والأنشطة الثقافية الأخرى,2,1,0,1,4,4,0,5,2024-1
3,منطقة الجوف,الأنشطة الإبداعية والفنون وأنشطة الترفيه,1,1,0,1,4,4,0,5,2024-7
2,منطقة نجران,الأنشطة الإبداعية والفنون وأنشطة الترفيه,2,0,0,0,5,5,0,5,2024-4
3,منطقة نجران,تعدين الفحم والليغنيت,2,1,1,0,4,4,0,5,2024-7
2,منطقة نجران,صُنع المنتجات الجلدية والمنتجات ذات الصلة,2,0,0,0,5,5,0,5,2024-4
3,منطقة الحدود الشمالية,تعدين ركازات الفلزات,3,1,1,0,4,4,0,5,2024-7
2,منطقة نجران,تعدين الفحم والليغنيت,2,1,1,0,4,4,0,5,2024-4
3,منطقة الجوف,تعدين ركازات الفلزات,2,0,0,0,5,5,0,5,2024-7
3,منطقة القصيم,صناعة معدات النقل الأخرى,2,0,0,0,5,5,0,5,2024-7
1,منطقة نجران,صُنع المنتجات الجلدية والمنتجات ذات الصلة,2,0,0,0,5,5,0,5,2024-1
3,منطقة الجوف,صُنع المنتجات الجلدية والمنتجات ذات الصلة,2,0,0,0,5,5,0,5,2024-7
3,منطقة حائل,النقل المائي,2,0,0,0,5,5,0,5,2024-7
2,منطقة الجوف,صُنع المنتجات الجلدية والمنتجات ذات الصلة,2,0,0,0,5,5,0,5,2024-4
3,منطقة حائل,أنشطة المكتبات والمحفوظات والمتاحف والأنشطة الثقافية الأخرى,5,1,1,0,4,4,0,5,2024-7
3,منطقة المدينة المنورة,تمويل التأمين وإعادة التأمين وصناديق المعاشات التقاعدية باستثناء الضمان الاجتماعي الإلزامي,2,1,1,0,4,3,1,5,2024-7
2,منطقة الباحة,صنع المعدات الكهربائية,3,0,0,0,5,5,0,5,2024-4
2,منطقة تبوك,البحث والتطوير في المجال العلمي,2,0,0,0,5,5,0,5,2024-4
2,منطقة الجوف,أنشطة النشر,3,0,0,0,5,5,0,5,2024-4
2,منطقة جازان,تعدين الفحم والليغنيت,1,1,1,0,4,4,0,5,2024-4
1,منطقة الباحة,صنع المعدات الكهربائية,3,0,0,0,5,5,0,5,2024-1
2,منطقة الجوف,الأنشطة الإبداعية والفنون وأنشطة الترفيه,1,1,0,1,4,4,0,5,2024-4
1,منطقة القصيم,صناعة معدات النقل الأخرى,2,0,0,0,5,5,0,5,2024-1
2,منطقة القصيم,صناعة معدات النقل الأخرى,2,0,0,0,5,5,0,5,2024-4
2,منطقة الجوف,تعدين ركازات الفلزات,2,0,0,0,5,5,0,5,2024-4
3,منطقة عسير,أنشطة المعالجة وخدمات إدارة النفايات الأخرى,1,0,0,0,4,4,0,4,2024-7
1,منطقة نجران,أنشطة البرمجة والإذاعة,1,1,1,0,3,3,0,4,2024-1
1,منطقة المدينة المنورة,أنشطة البرمجة والإذاعة,3,0,0,0,4,4,0,4,2024-1
2,منطقة نجران,أنشطة البرمجة والإذاعة,1,1,1,0,3,3,0,4,2024-4
2,منطقة نجران,أنشطة المعالجة وخدمات إدارة النفايات الأخرى,2,1,0,1,3,3,0,4,2024-4
3,منطقة نجران,الحراجة وقطع الأخشاب,2,0,0,0,4,4,0,4,2024-7
1,منطقة الحدود الشمالية,تعدين ركازات الفلزات,2,0,0,0,4,4,0,4,2024-1
3,منطقة جازان,الأنشطة الإبداعية والفنون وأنشطة الترفيه,4,0,0,0,4,2,2,4,2024-7
1,منطقة جازان,أنشطة البرمجة والإذاعة,1,1,0,1,3,3,0,4,2024-1
1,منطقة الجوف,تعدين ركازات الفلزات,1,0,0,0,4,4,0,4,2024-1
1,منطقة الجوف,أنشطة البريد ونقل الرسائل والطرود بواسطة مندوبين,2,1,0,1,3,3,0,4,2024-1
2,منطقة نجران,الحراجة وقطع الأخشاب,2,0,0,0,4,4,0,4,2024-4
3,منطقة نجران,أنشطة إنتاج الأفلام والفيديو والبرامج التليفزيونية والتسجيلات الصوتية ونشر الموسيقى,2,0,0,0,4,4,0,4,2024-7
2,منطقة المدينة المنورة,أنشطة البرمجة والإذاعة,3,0,0,0,4,4,0,4,2024-4
1,منطقة الجوف,صنع فحم الكوك والمنتجات النفطية المكررة,1,0,0,0,4,4,0,4,2024-1
2,منطقة نجران,تمويل التأمين وإعادة التأمين وصناديق المعاشات التقاعدية باستثناء الضمان الاجتماعي الإلزامي,1,0,0,0,4,4,0,4,2024-4
3,منطقة الباحة,أنشطة خدمات دعم التعدين,3,0,0,0,4,4,0,4,2024-7
2,منطقة الجوف,أنشطة البريد ونقل الرسائل والطرود بواسطة مندوبين,2,1,0,1,3,3,0,4,2024-4
3,منطقة نجران,أنشطة البرمجة والإذاعة,1,1,1,0,3,3,0,4,2024-7
1,منطقة نجران,أنشطة المعالجة وخدمات إدارة النفايات الأخرى,2,1,0,1,3,3,0,4,2024-1
3,منطقة جازان,أنشطة البرمجة والإذاعة,1,1,1,0,3,3,0,4,2024-7
1,منطقة عسير,استخراج النفط الخام والغاز الطبيعي,3,0,0,0,4,4,0,4,2024-1
2,منطقة المدينة المنورة,تمويل التأمين وإعادة التأمين وصناديق المعاشات التقاعدية باستثناء الضمان الاجتماعي الإلزامي,2,0,0,0,4,3,1,4,2024-4
1,منطقة الحدود الشمالية,أنشطة المكتبات والمحفوظات والمتاحف والأنشطة الثقافية الأخرى,2,0,0,0,4,4,0,4,2024-1
1,منطقة عسير,أنشطة الاسر المعيشية التي تستخدم أفراداً للعمل المنزلي,1,0,0,0,4,4,0,4,2024-1
3,منطقة نجران,أنشطة خدمات دعم التعدين,2,0,0,0,4,4,0,4,2024-7
3,منطقة حائل,الأنشطة الإبداعية والفنون وأنشطة الترفيه,1,0,0,0,4,4,0,4,2024-7
3,منطقة الجوف,صيد الأسماك وتربية المائيات,3,1,1,0,3,3,0,4,2024-7
3,منطقة نجران,تمويل التأمين وإعادة التأمين وصناديق المعاشات التقاعدية باستثناء الضمان الاجتماعي الإلزامي,1,0,0,0,4,4,0,4,2024-7
2,منطقة الحدود الشمالية,الأنشطة الإبداعية والفنون وأنشطة الترفيه,1,0,0,0,4,4,0,4,2024-4
3,منطقة الحدود الشمالية,أنشطة المكتبات والمحفوظات والمتاحف والأنشطة الثقافية الأخرى,2,0,0,0,4,4,0,4,2024-7
2,منطقة الباحة,أنشطة خدمات دعم التعدين,3,0,0,0,4,4,0,4,2024-4
1,منطقة الباحة,أنشطة المكاتب الرئيسية، والأنشطة الاستشارية في مجال الإدارة,2,1,0,1,3,2,1,4,2024-1
3,منطقة الحدود الشمالية,الأنشطة الإبداعية والفنون وأنشطة الترفيه,1,0,0,0,4,4,0,4,2024-7
2,منطقة عسير,استخراج النفط الخام والغاز الطبيعي,3,0,0,0,4,4,0,4,2024-4
2,منطقة الباحة,أنشطة الخدمات المالية ، فيما عدا تمويل التأمين وصناديق المعاشات,3,1,1,0,3,3,0,4,2024-4
3,منطقة الحدود الشمالية,الإدارة العامة والدفاع ؛ والضمان الاجتماعي الإلزامي,1,1,1,0,3,3,0,4,2024-7
3,منطقة الحدود الشمالية,أنشطة المعالجة وخدمات إدارة النفايات الأخرى,1,0,0,0,4,4,0,4,2024-7
2,منطقة عسير,أنشطة المعالجة وخدمات إدارة النفايات الأخرى,1,0,0,0,4,4,0,4,2024-4
2,منطقة الحدود الشمالية,أنشطة المكتبات والمحفوظات والمتاحف والأنشطة الثقافية الأخرى,2,0,0,0,4,4,0,4,2024-4
1,منطقة نجران,تمويل التأمين وإعادة التأمين وصناديق المعاشات التقاعدية باستثناء الضمان الاجتماعي الإلزامي,1,0,0,0,4,4,0,4,2024-1
1,منطقة الحدود الشمالية,صيد الأسماك وتربية المائيات,1,0,0,0,4,4,0,4,2024-1
2,منطقة الباحة,أنشطة المكاتب الرئيسية، والأنشطة الاستشارية في مجال الإدارة,2,1,0,1,3,2,1,4,2024-4
3,منطقة القصيم,البحث والتطوير في المجال العلمي,3,1,1,0,3,3,0,4,2024-7
2,منطقة الحدود الشمالية,أنشطة المعالجة وخدمات إدارة النفايات الأخرى,1,0,0,0,4,4,0,4,2024-4
2,منطقة حائل,أنشطة المكتبات والمحفوظات والمتاحف والأنشطة الثقافية الأخرى,4,0,0,0,4,4,0,4,2024-4
2,منطقة حائل,الأنشطة الإبداعية والفنون وأنشطة الترفيه,1,0,0,0,4,4,0,4,2024-4
1,منطقة حائل,أنشطة المكتبات والمحفوظات والمتاحف والأنشطة الثقافية الأخرى,4,0,0,0,4,4,0,4,2024-1
2,منطقة الحدود الشمالية,تعدين ركازات الفلزات,3,0,0,0,4,4,0,4,2024-4
1,منطقة الباحة,أنشطة خدمات دعم التعدين,3,0,0,0,4,4,0,4,2024-1
3,منطقة جازان,تعدين الفحم والليغنيت,1,0,0,0,3,3,0,3,2024-7
1,منطقة حائل,الحراجة وقطع الأخشاب,1,0,0,0,3,3,0,3,2024-1
2,منطقة الجوف,أنشطة إنتاج الأفلام والفيديو والبرامج التليفزيونية والتسجيلات الصوتية ونشر الموسيقى,2,0,0,0,3,3,0,3,2024-4
1,منطقة القصيم,أنشطة البرمجة والإذاعة,1,0,0,0,3,3,0,3,2024-1
3,منطقة الباحة,تعدين ركازات الفلزات,3,0,0,0,3,3,0,3,2024-7
1,منطقة الباحة,تعدين ركازات الفلزات,3,0,0,0,3,3,0,3,2024-1
1,منطقة القصيم,البحث والتطوير في المجال العلمي,2,0,0,0,3,3,0,3,2024-1
1,منطقة الحدود الشمالية,الأنشطة الإبداعية والفنون وأنشطة الترفيه,1,0,0,0,3,3,0,3,2024-1
1,منطقة حائل,تعدين الفحم والليغنيت,1,0,0,0,3,3,0,3,2024-1
1,منطقة جازان,تعدين الفحم والليغنيت,1,1,1,0,2,2,0,3,2024-1
1,منطقة الباحة,تمويل التأمين وإعادة التأمين وصناديق المعاشات التقاعدية باستثناء الضمان الاجتماعي الإلزامي,1,0,0,0,3,3,0,3,2024-1
1,منطقة الحدود الشمالية,أنشطة المعالجة وخدمات إدارة النفايات الأخرى,1,0,0,0,3,3,0,3,2024-1
3,منطقة المدينة المنورة,أنشطة الاسر المعيشية التي تستخدم أفراداً للعمل المنزلي,1,0,0,0,3,3,0,3,2024-7
2,منطقة المدينة المنورة,أنشطة الاسر المعيشية التي تستخدم أفراداً للعمل المنزلي,1,0,0,0,3,3,0,3,2024-4
1,منطقة الباحة,الأنشطة البيطرية,3,1,0,1,2,2,0,3,2024-1
1,منطقة الجوف,أنشطة إنتاج الأفلام والفيديو والبرامج التليفزيونية والتسجيلات الصوتية ونشر الموسيقى,2,0,0,0,3,3,0,3,2024-1
1,منطقة الباحة,أنشطة البريد ونقل الرسائل والطرود بواسطة مندوبين,2,1,1,0,2,2,0,3,2024-1
3,منطقة القصيم,أنشطة البرمجة والإذاعة,1,0,0,0,3,3,0,3,2024-7
2,منطقة نجران,أنشطة إنتاج الأفلام والفيديو والبرامج التليفزيونية والتسجيلات الصوتية ونشر الموسيقى,2,0,0,0,3,3,0,3,2024-4
3,منطقة الجوف,أنشطة إنتاج الأفلام والفيديو والبرامج التليفزيونية والتسجيلات الصوتية ونشر الموسيقى,2,0,0,0,3,3,0,3,2024-7
3,منطقة الجوف,أنشطة البريد ونقل الرسائل والطرود بواسطة مندوبين,1,0,0,0,3,3,0,3,2024-7
1,منطقة نجران,أنشطة إنتاج الأفلام والفيديو والبرامج التليفزيونية والتسجيلات الصوتية ونشر الموسيقى,2,0,0,0,3,3,0,3,2024-1
1,منطقة جازان,الأنشطة الإبداعية والفنون وأنشطة الترفيه,3,0,0,0,3,2,1,3,2024-1
3,منطقة الباحة,أنشطة الخدمات المالية ، فيما عدا تمويل التأمين وصناديق المعاشات,2,0,0,0,3,3,0,3,2024-7
2,منطقة الباحة,تعدين ركازات الفلزات,3,0,0,0,3,3,0,3,2024-4
2,منطقة الباحة,تمويل التأمين وإعادة التأمين وصناديق المعاشات التقاعدية باستثناء الضمان الاجتماعي الإلزامي,1,0,0,0,3,3,0,3,2024-4
3,منطقة حائل,الأنشطة المساعدة لأنشطة الخدمات المالية وأنشطة التأمين,1,2,2,0,1,1,0,3,2024-7
3,منطقة عسير,استخراج النفط الخام والغاز الطبيعي,3,0,0,0,3,3,0,3,2024-7
1,منطقة الجوف,أنشطة البرمجة والإذاعة,1,0,0,0,3,3,0,3,2024-1
1,منطقة المدينة المنورة,أنشطة الاسر المعيشية التي تستخدم أفراداً للعمل المنزلي,1,0,0,0,3,3,0,3,2024-1
1,منطقة عسير,تعدين الفحم والليغنيت,1,0,0,0,3,3,0,3,2024-1
2,منطقة تبوك,تعدين الفحم والليغنيت,2,0,0,0,3,3,0,3,2024-4
2,منطقة القصيم,أنشطة البرمجة والإذاعة,1,0,0,0,3,3,0,3,2024-4
2,منطقة جازان,أنشطة البرمجة والإذاعة,1,0,0,0,3,3,0,3,2024-4
2,منطقة جازان,الأنشطة الإبداعية والفنون وأنشطة الترفيه,3,0,0,0,3,2,1,3,2024-4
2,منطقة القصيم,البحث والتطوير في المجال العلمي,2,0,0,0,3,3,0,3,2024-4
3,منطقة الحدود الشمالية,صناعة المركبات ذات المحركات والمركبات المقطورة ونصف المقطورة,1,0,0,0,2,2,0,2,2024-7
2,منطقة الجوف,صيد الأسماك وتربية المائيات,1,0,0,0,2,2,0,2,2024-4
2,منطقة الحدود الشمالية,صناعة المركبات ذات المحركات والمركبات المقطورة ونصف المقطورة,1,0,0,0,2,2,0,2,2024-4
2,منطقة الجوف,صنع فحم الكوك والمنتجات النفطية المكررة,1,0,0,0,2,2,0,2,2024-4
3,منطقة حائل,أنشطة الاسر المعيشية التي تستخدم أفراداً للعمل المنزلي,2,0,0,0,2,2,0,2,2024-7
1,منطقة الجوف,صيد الأسماك وتربية المائيات,1,0,0,0,2,2,0,2,2024-1
1,منطقة الباحة,البحث والتطوير في المجال العلمي,1,0,0,0,2,2,0,2,2024-1
1,منطقة حائل,الأنشطة المساعدة لأنشطة الخدمات المالية وأنشطة التأمين,1,0,0,0,2,2,0,2,2024-1
3,منطقة جازان,أنشطة الاسر المعيشية التي تستخدم أفراداً للعمل المنزلي,1,1,0,1,1,0,1,2,2024-7
1,منطقة حائل,أنشطة الاسر المعيشية التي تستخدم أفراداً للعمل المنزلي,2,0,0,0,2,2,0,2,2024-1
1,منطقة المدينة المنورة,تعدين الفحم والليغنيت,1,0,0,0,2,2,0,2,2024-1
3,منطقة المدينة المنورة,أنشطة المعالجة وخدمات إدارة النفايات الأخرى,1,0,0,0,2,2,0,2,2024-7
2,منطقة المدينة المنورة,تعدين الفحم والليغنيت,1,0,0,0,2,2,0,2,2024-4
2,منطقة جازان,أنشطة الاسر المعيشية التي تستخدم أفراداً للعمل المنزلي,1,1,0,1,1,0,1,2,2024-4
3,منطقة المدينة المنورة,تعدين الفحم والليغنيت,1,0,0,0,2,2,0,2,2024-7
2,منطقة تبوك,تمويل التأمين وإعادة التأمين وصناديق المعاشات التقاعدية باستثناء الضمان الاجتماعي الإلزامي,1,0,0,0,2,2,0,2,2024-4
1,منطقة الباحة,النقل المائي,1,0,0,0,2,2,0,2,2024-1
2,منطقة مكة المكرمة,أنشطة الاسر المعيشية التي تستخدم أفراداً للعمل المنزلي,2,0,0,0,2,2,0,2,2024-4
1,منطقة جازان,أنشطة الاسر المعيشية التي تستخدم أفراداً للعمل المنزلي,1,1,0,1,1,0,1,2,2024-1
2,منطقة نجران,الرعاية مع الإقامة,1,2,0,2,0,0,0,2,2024-4
1,منطقة جازان,أنشطة المعالجة وخدمات إدارة النفايات الأخرى,1,0,0,0,2,2,0,2,2024-1
3,منطقة مكة المكرمة,أنشطة الاسر المعيشية التي تستخدم أفراداً للعمل المنزلي,2,0,0,0,2,2,0,2,2024-7
2,منطقة جازان,أنشطة المعالجة وخدمات إدارة النفايات الأخرى,1,0,0,0,2,2,0,2,2024-4
2,منطقة الباحة,النقل المائي,1,0,0,0,2,2,0,2,2024-4
1,منطقة الجوف,الأنشطة الإبداعية والفنون وأنشطة الترفيه,1,0,0,0,2,2,0,2,2024-1
2,منطقة الباحة,أنشطة إنتاج الأفلام والفيديو والبرامج التليفزيونية والتسجيلات الصوتية ونشر الموسيقى,2,1,0,1,1,1,0,2,2024-4
3,منطقة تبوك,تمويل التأمين وإعادة التأمين وصناديق المعاشات التقاعدية باستثناء الضمان الاجتماعي الإلزامي,1,0,0,0,2,2,0,2,2024-7
1,منطقة عسير,أنشطة المعالجة وخدمات إدارة النفايات الأخرى,1,0,0,0,2,2,0,2,2024-1
2,منطقة حائل,أنشطة الاسر المعيشية التي تستخدم أفراداً للعمل المنزلي,2,0,0,0,2,2,0,2,2024-4
1,منطقة الحدود الشمالية,صناعة المركبات ذات المحركات والمركبات المقطورة ونصف المقطورة,1,0,0,0,2,2,0,2,2024-1
1,منطقة الحدود الشمالية,أنشطة النشر,1,0,0,0,2,2,0,2,2024-1
1,منطقة الحدود الشمالية,صناعة معدات النقل الأخرى,1,0,0,0,2,2,0,2,2024-1
2,منطقة حائل,الأنشطة المساعدة لأنشطة الخدمات المالية وأنشطة التأمين,1,0,0,0,2,2,0,2,2024-4
3,منطقة تبوك,صُنع المنتجات الجلدية والمنتجات ذات الصلة,1,0,0,0,2,2,0,2,2024-7
3,منطقة الباحة,أنشطة البريد ونقل الرسائل والطرود بواسطة مندوبين,2,1,1,0,1,1,0,2,2024-7
2,منطقة الباحة,أنشطة البريد ونقل الرسائل والطرود بواسطة مندوبين,2,1,1,0,1,1,0,2,2024-4
1,منطقة نجران,الحراجة وقطع الأخشاب,1,0,0,0,1,1,0,1,2024-1
1,منطقة الباحة,أنشطة إنتاج الأفلام والفيديو والبرامج التليفزيونية والتسجيلات الصوتية ونشر الموسيقى,1,0,0,0,1,1,0,1,2024-1
2,منطقة الباحة,الأنشطة الإبداعية والفنون وأنشطة الترفيه,1,0,0,0,1,1,0,1,2024-4
2,منطقة الحدود الشمالية,أنشطة النشر,1,0,0,0,1,1,0,1,2024-4
3,منطقة الحدود الشمالية,أنشطة النشر,1,0,0,0,1,1,0,1,2024-7
2,منطقة الحدود الشمالية,أنشطة خدمات المعلومات,1,1,1,0,0,0,0,1,2024-4
3,منطقة الحدود الشمالية,أنشطة خدمات دعم التعدين,1,0,0,0,1,1,0,1,2024-7
3,منطقة الحدود الشمالية,أنشطة خدمات المعلومات,1,1,1,0,0,0,0,1,2024-7
3,منطقة الحدود الشمالية,البحث والتطوير في المجال العلمي,1,1,1,0,0,0,0,1,2024-7
2,منطقة الحدود الشمالية,البحث والتطوير في المجال العلمي,1,1,1,0,0,0,0,1,2024-4
1,منطقة جازان,تمويل التأمين وإعادة التأمين وصناديق المعاشات التقاعدية باستثناء الضمان الاجتماعي الإلزامي,1,0,0,0,1,1,0,1,2024-1
2,منطقة الحدود الشمالية,أنشطة خدمات دعم التعدين,1,0,0,0,1,1,0,1,2024-4
1,منطقة الباحة,صناعة معدات النقل الأخرى,1,0,0,0,1,1,0,1,2024-1
1,منطقة تبوك,أنشطة البرمجة والإذاعة,1,0,0,0,1,1,0,1,2024-1
3,منطقة الجوف,صناعة معدات النقل الأخرى,1,0,0,0,1,1,0,1,2024-7
2,منطقة الباحة,البحث والتطوير في المجال العلمي,1,0,0,0,1,1,0,1,2024-4
3,منطقة نجران,أنشطة المعالجة وخدمات إدارة النفايات الأخرى,1,0,0,0,1,1,0,1,2024-7
2,منطقة الباحة,الحراجة وقطع الأخشاب,1,0,0,0,1,1,0,1,2024-4
1,منطقة مكة المكرمة,أنشطة الاسر المعيشية التي تستخدم أفراداً للعمل المنزلي,1,0,0,0,1,1,0,1,2024-1
3,منطقة الباحة,أنشطة إنتاج الأفلام والفيديو والبرامج التليفزيونية والتسجيلات الصوتية ونشر الموسيقى,1,0,0,0,1,1,0,1,2024-7
3,منطقة نجران,أنشطة الاسر المعيشية التي تستخدم أفراداً للعمل المنزلي,1,0,0,0,1,1,0,1,2024-7
1,منطقة الحدود الشمالية,أنشطة خدمات المعلومات,1,1,1,0,0,0,0,1,2024-1
2,منطقة المدينة المنورة,أنشطة المعالجة وخدمات إدارة النفايات الأخرى,1,0,0,0,1,1,0,1,2024-4
3,منطقة الباحة,الأنشطة الإبداعية والفنون وأنشطة الترفيه,1,0,0,0,1,1,0,1,2024-7
2,منطقة تبوك,أنشطة البرمجة والإذاعة,1,0,0,0,1,1,0,1,2024-4
1,منطقة الباحة,الحراجة وقطع الأخشاب,1,0,0,0,1,1,0,1,2024-1
3,منطقة جازان,أنشطة المعالجة وخدمات إدارة النفايات الأخرى,1,0,0,0,1,1,0,1,2024-7
3,منطقة الباحة,البحث والتطوير في المجال العلمي,1,0,0,0,1,1,0,1,2024-7
2,منطقة الجوف,صناعة معدات النقل الأخرى,1,0,0,0,1,1,0,1,2024-4
2,منطقة الباحة,صناعة معدات النقل الأخرى,1,0,0,0,1,1,0,1,2024-4
2,منطقة تبوك,صُنع المنتجات الجلدية والمنتجات ذات الصلة,1,0,0,0,1,1,0,1,2024-4
3,منطقة الباحة,صناعة معدات النقل الأخرى,1,0,0,0,1,1,0,1,2024-7
1,منطقة تبوك,صُنع المنتجات الجلدية والمنتجات ذات الصلة,1,0,0,0,1,1,0,1,2024-1
1,منطقة الباحة,الأنشطة الإبداعية والفنون وأنشطة الترفيه,1,0,0,0,1,1,0,1,2024-1
1,منطقة تبوك,صناعة معدات النقل الأخرى,1,0,0,0,1,1,0,1,2024-1
1,منطقة تبوك,تعدين الفحم والليغنيت,1,0,0,0,1,1,0,1,2024-1
1,منطقة نجران,أنشطة الاسر المعيشية التي تستخدم أفراداً للعمل المنزلي,1,0,0,0,1,1,0,1,2024-1
2,منطقة نجران,أنشطة الاسر المعيشية التي تستخدم أفراداً للعمل المنزلي,1,0,0,0,1,1,0,1,2024-4
1,منطقة الجوف,صناعة معدات النقل الأخرى,1,0,0,0,1,1,0,1,2024-1
1,منطقة المدينة المنورة,أنشطة المعالجة وخدمات إدارة النفايات الأخرى,1,0,0,0,1,1,0,1,2024-1
1,منطقة المدينة المنورة,أنشطة انتاج الأفلام والبرامج التلفزيونية والتسجيلات الصوتية والموسيقية,1,0,0,0,1,1,0,1,2024-1
3,منطقة تبوك,أنشطة البرمجة والإذاعة,1,0,0,0,1,1,0,1,2024-7
