Q,Economic_Activity,Number_Of_Establishments,Number_Of_Saudis,Number_Of_Male_Saudis,Number_Of_Female_Saudis,Number_Of_Nonsaudis,Number_Of_Male_Nonaudis,Number_Of_Female_Nonaudis,total_employees,Qseries
1,تشييد المباني,3462,2910,1847,1063,21143,21056,87,24053,2022-1
2,تشييد المباني,3499,2881,1779,1102,20860,20772,88,23741,2022-4
3,تشييد المباني,3209,2526,1434,1092,17937,17890,47,20463,2022-7
4,تشييد المباني,3219,2423,1330,1093,17705,17656,49,20128,2022-10
2,أنشطة تقديم الخدمات للمباني وتجميل المواقع,264,2147,1472,675,10430,10332,98,12577,2022-4
1,أنشطة تقديم الخدمات للمباني وتجميل المواقع,262,2208,1542,666,10287,10184,103,12495,2022-1
3,أنشطة تقديم الخدمات للمباني وتجميل المواقع,242,1869,1213,656,9691,9622,69,11560,2022-7
2,تجارة التجزئة، باستثناء المركبات ذات المحركات والدراجات النارية,2771,1928,989,939,9558,9490,68,11486,2022-4
1,تجارة التجزئة، باستثناء المركبات ذات المحركات والدراجات النارية,2552,1841,935,906,9234,9157,77,11075,2022-1
4,تجارة التجزئة، باستثناء المركبات ذات المحركات والدراجات النارية,2989,1832,914,918,8950,8896,54,10782,2022-10
3,تجارة التجزئة، باستثناء المركبات ذات المحركات والدراجات النارية,2967,1863,965,898,8866,8812,54,10729,2022-7
4,أنشطة تقديم الخدمات للمباني وتجميل المواقع,238,1784,1058,726,8832,8765,67,10616,2022-10
2,أنشطة خدمات الأطعمة والمشروبات,1745,1265,613,652,7517,7485,32,8782,2022-4
3,أنشطة خدمات الأطعمة والمشروبات,1862,1192,545,647,7457,7430,27,8649,2022-7
4,أنشطة خدمات الأطعمة والمشروبات,1887,1132,484,648,7359,7329,30,8491,2022-10
1,أنشطة خدمات الأطعمة والمشروبات,1574,1219,610,609,6908,6882,26,8127,2022-1
4,أنشطة التشييد المتخصصة,1215,769,479,290,6837,6827,10,7606,2022-10
4,غير معرف,3001,217,106,111,6751,6720,31,6968,2022-10
1,أنشطة التشييد المتخصصة,1293,833,515,318,6100,6067,33,6933,2022-1
3,أنشطة التشييد المتخصصة,1227,711,428,283,6174,6165,9,6885,2022-7
2,أنشطة التشييد المتخصصة,1321,777,478,299,6066,6039,27,6843,2022-4
3,غير معرف,2979,211,101,110,6621,6589,32,6832,2022-7
4,صيد الأسماك وتربية المائيات,1893,175,95,80,5356,5346,10,5531,2022-10
4,الهندسة المدنية,99,989,672,317,4403,4399,4,5392,2022-10
1,الإدارة العامة والدفاع ؛ والضمان الاجتماعي الإلزامي,60,2788,2382,406,2566,1971,595,5354,2022-1
2,الإدارة العامة والدفاع ؛ والضمان الاجتماعي الإلزامي,58,2783,2376,407,2565,1968,597,5348,2022-4
2,الهندسة المدنية,89,1019,744,275,4304,4301,3,5323,2022-4
3,الهندسة المدنية,99,993,692,301,4185,4182,3,5178,2022-7
2,غير معرف,2178,156,73,83,4788,4770,18,4944,2022-4
1,الهندسة المدنية,86,974,732,242,3797,3794,3,4771,2022-1
4,النقل البري و النقل عبر الأنابيب,1107,418,237,181,4002,3996,6,4420,2022-10
3,النقل البري و النقل عبر الأنابيب,1110,423,239,184,3892,3882,10,4315,2022-7
2,النقل البري و النقل عبر الأنابيب,1120,390,215,175,3855,3849,6,4245,2022-4
2,الصحة البشرية,110,2030,1548,482,2074,1226,848,4104,2022-4
4,صنع منتجات المعادن اللافلزية الأخرى,143,883,624,259,3044,3038,6,3927,2022-10
1,الصحة البشرية,110,2048,1532,516,1853,1053,800,3901,2022-1
2,تجارة الجملة والتجزئة ، وإصلاح المركبات ذات المحركات والدراجات النارية,970,476,315,161,3420,3409,11,3896,2022-4
1,النقل البري و النقل عبر الأنابيب,1061,376,206,170,3481,3475,6,3857,2022-1
3,صنع منتجات المعادن اللافلزية الأخرى,134,885,642,243,2959,2955,4,3844,2022-7
4,تجارة الجملة والتجزئة ، وإصلاح المركبات ذات المحركات والدراجات النارية,1022,473,282,191,3365,3358,7,3838,2022-10
3,تجارة الجملة والتجزئة ، وإصلاح المركبات ذات المحركات والدراجات النارية,1022,498,295,203,3309,3304,5,3807,2022-7
2,الأنشطة الإيجارية,1362,155,83,72,3639,3613,26,3794,2022-4
1,تجارة الجملة والتجزئة ، وإصلاح المركبات ذات المحركات والدراجات النارية,907,518,325,193,3241,3230,11,3759,2022-1
3,صيد الأسماك وتربية المائيات,1379,142,74,68,3614,3606,8,3756,2022-7
1,الأنشطة الإيجارية,1375,142,70,72,3607,3582,25,3749,2022-1
1,إصلاح أجهزة الحاسوب والسلع الشخصية والمنزلية,263,52,23,29,3671,3666,5,3723,2022-1
3,الأنشطة الإيجارية,1335,141,76,65,3479,3460,19,3620,2022-7
1,غير معرف,1900,108,52,56,3481,3466,15,3589,2022-1
2,تجارة الجملة ، باستثناء المركبات ذات المحركات والدراجات النارية,704,718,430,288,2869,2855,14,3587,2022-4
1,تجارة الجملة ، باستثناء المركبات ذات المحركات والدراجات النارية,693,713,411,302,2831,2817,14,3544,2022-1
4,الأنشطة الإيجارية,1311,118,68,50,3420,3402,18,3538,2022-10
3,تجارة الجملة ، باستثناء المركبات ذات المحركات والدراجات النارية,737,710,407,303,2696,2673,23,3406,2022-7
4,تجارة الجملة ، باستثناء المركبات ذات المحركات والدراجات النارية,737,686,393,293,2715,2694,21,3401,2022-10
2,صنع منتجات المعادن اللافلزية الأخرى,130,782,608,174,2588,2570,18,3370,2022-4
2,إصلاح أجهزة الحاسوب والسلع الشخصية والمنزلية,275,54,19,35,3294,3292,2,3348,2022-4
1,صنع منتجات المعادن اللافلزية الأخرى,117,791,612,179,2153,2131,22,2944,2022-1
4,الصحة البشرية,109,826,405,421,1978,1184,794,2804,2022-10
3,الصحة البشرية,108,815,413,402,1987,1201,786,2802,2022-7
3,إصلاح أجهزة الحاسوب والسلع الشخصية والمنزلية,288,40,12,28,2571,2568,3,2611,2022-7
4,أنشطة الخدمات الشخصية الأخرى,940,142,47,95,2133,1954,179,2275,2022-10
2,التخزين وأنشطة الدعم للنقل,568,115,61,54,2104,2101,3,2219,2022-4
3,التخزين وأنشطة الدعم للنقل,568,109,60,49,2076,2071,5,2185,2022-7
2,أنشطة الخدمات الشخصية الأخرى,818,161,68,93,2022,1864,158,2183,2022-4
3,أنشطة الخدمات الشخصية الأخرى,897,165,57,108,2003,1834,169,2168,2022-7
4,التخزين وأنشطة الدعم للنقل,567,106,56,50,1986,1981,5,2092,2022-10
4,إصلاح أجهزة الحاسوب والسلع الشخصية والمنزلية,275,44,15,29,2039,2036,3,2083,2022-10
1,أنشطة الخدمات الشخصية الأخرى,746,149,57,92,1857,1719,138,2006,2022-1
3,أنشطة زراعة المحاصيل والإنتاج الحيواني والصيد والخدمات المتصلة,797,58,31,27,1688,1683,5,1746,2022-7
1,التخزين وأنشطة الدعم للنقل,460,120,70,50,1593,1589,4,1713,2022-1
4,أنشطة زراعة المحاصيل والإنتاج الحيواني والصيد والخدمات المتصلة,764,55,32,23,1612,1607,5,1667,2022-10
2,صيد الأسماك وتربية المائيات,702,87,48,39,1502,1498,4,1589,2022-4
2,صُنع الملبوسات,435,101,38,63,1165,1086,79,1266,2022-4
1,أنشطة زراعة المحاصيل والإنتاج الحيواني والصيد والخدمات المتصلة,558,40,28,12,1225,1222,3,1265,2022-1
1,صُنع الملبوسات,401,82,31,51,1149,1067,82,1231,2022-1
2,أنشطة زراعة المحاصيل والإنتاج الحيواني والصيد والخدمات المتصلة,515,48,36,12,1154,1151,3,1202,2022-4
4,صُنع الملبوسات,438,80,21,59,1114,1045,69,1194,2022-10
3,صُنع الملبوسات,434,72,18,54,1105,1030,75,1177,2022-7
3,صنع منتجات المعادن المشكلة ( باستثناء الآلات والمعدات ),361,97,49,48,999,998,1,1096,2022-7
4,صنع منتجات المعادن المشكلة ( باستثناء الآلات والمعدات ),364,68,32,36,1000,999,1,1068,2022-10
2,صنع منتجات المعادن المشكلة ( باستثناء الآلات والمعدات ),313,79,42,37,973,972,1,1052,2022-4
4,التعليم,107,602,232,370,424,410,14,1026,2022-10
1,صنع منتجات المعادن المشكلة ( باستثناء الآلات والمعدات ),300,59,28,31,954,952,2,1013,2022-1
3,التعليم,106,525,216,309,428,415,13,953,2022-7
1,التعليم,92,476,217,259,470,457,13,946,2022-1
1,الإقامة,113,253,107,146,666,661,5,919,2022-1
4,صنع الأثاث,131,117,36,81,798,798,0,915,2022-10
2,الإقامة,118,237,96,141,672,666,6,909,2022-4
3,صنع الأثاث,135,96,26,70,805,805,0,901,2022-7
2,التعليم,94,440,198,242,448,438,10,888,2022-4
3,صنع الفلزات القاعدية,48,242,224,18,577,576,1,819,2022-7
2,صنع الفلزات القاعدية,61,230,213,17,588,587,1,818,2022-4
4,صنع الفلزات القاعدية,45,245,226,19,552,552,0,797,2022-10
1,صنع الفلزات القاعدية,57,215,200,15,542,542,0,757,2022-1
2,صنع الأثاث,133,58,24,34,664,664,0,722,2022-4
3,الإقامة,131,178,79,99,523,516,7,701,2022-7
4,صُنع المنتجات الغذائية,193,74,36,38,601,598,3,675,2022-10
3,صُنع المنتجات الغذائية,189,71,32,39,586,584,2,657,2022-7
2,صُنع المنتجات الغذائية,176,74,38,36,571,569,2,645,2022-4
4,الإقامة,128,155,65,90,480,473,7,635,2022-10
1,صنع الأثاث,128,58,21,37,560,560,0,618,2022-1
1,صُنع المنتجات الغذائية,158,67,31,36,540,538,2,607,2022-1
4,أنشطة المعمارية والهندسية ، والاختبارات الفنية والتحليل,170,101,65,36,506,504,2,607,2022-10
3,أنشطة المعمارية والهندسية ، والاختبارات الفنية والتحليل,165,109,79,30,494,493,1,603,2022-7
2,أنشطة المعمارية والهندسية ، والاختبارات الفنية والتحليل,153,107,81,26,465,465,0,572,2022-4
1,أنشطة المعمارية والهندسية ، والاختبارات الفنية والتحليل,142,118,85,33,419,419,0,537,2022-1
3,تجميع المياه ومعالجتها وتوصيلها,32,146,119,27,376,373,3,522,2022-7
2,تجميع المياه ومعالجتها وتوصيلها,32,161,132,29,360,357,3,521,2022-4
4,تجميع المياه ومعالجتها وتوصيلها,32,139,106,33,359,356,3,498,2022-10
3,صنع منتجات المطاط واللدائن,16,83,34,49,342,342,0,425,2022-7
4,صنع منتجات المطاط واللدائن,16,75,32,43,339,339,0,414,2022-10
1,تجميع المياه ومعالجتها وتوصيلها,28,75,67,8,319,316,3,394,2022-1
1,أنشطة الأمن والتحقيقات,3,347,312,35,3,3,0,350,2022-1
4,صُنع المواد الكيميائية والمنتجات الكيميائية,19,62,31,31,285,285,0,347,2022-10
1,صيد الأسماك وتربية المائيات,177,18,5,13,319,318,1,337,2022-1
3,صُنع المواد الكيميائية والمنتجات الكيميائية,18,59,30,29,272,272,0,331,2022-7
2,صنع منتجات المطاط واللدائن,14,83,35,48,234,234,0,317,2022-4
4,صُنع المشروبات,9,109,75,34,207,207,0,316,2022-10
3,صُنع المشروبات,9,105,72,33,206,206,0,311,2022-7
2,أنشطة الأمن والتحقيقات,3,305,276,29,3,3,0,308,2022-4
3,أنشطة الأمن والتحقيقات,2,303,274,29,2,2,0,305,2022-7
2,صُنع المشروبات,10,111,76,35,194,193,1,305,2022-4
4,الأنشطة الرياضية وأنشطة التسلية والترفيه,55,88,48,40,215,203,12,303,2022-10
2,أبحاث الإعلان والسوق,44,52,24,28,233,233,0,285,2022-4
3,الأنشطة الرياضية وأنشطة التسلية والترفيه,51,92,47,45,191,181,10,283,2022-7
2,الأنشطة الرياضية وأنشطة التسلية والترفيه,44,92,51,41,190,179,11,282,2022-4
1,أبحاث الإعلان والسوق,43,56,27,29,221,221,0,277,2022-1
1,صُنع المشروبات,10,95,71,24,173,172,1,268,2022-1
4,أنشطة الأمن والتحقيقات,3,260,231,29,4,4,0,264,2022-10
3,أبحاث الإعلان والسوق,49,46,17,29,215,215,0,261,2022-7
1,الأنشطة الرياضية وأنشطة التسلية والترفيه,39,62,36,26,181,170,11,243,2022-1
4,أبحاث الإعلان والسوق,51,39,14,25,201,199,2,240,2022-10
4,أنشطة العمل الاجتماعي، دون إقامة,44,127,60,67,113,110,3,240,2022-10
4,الأنشطة الإدارية للمكاتب ، وأنشطة الدعم للمكاتب وغير ذلك من أنشطة الدعم للأعمال,105,37,16,21,197,196,1,234,2022-10
3,أنشطة العمل الاجتماعي، دون إقامة,43,118,61,57,111,110,1,229,2022-7
4,صُنع الخشب ومنتجات الخشب والفلين ، باستثناء الأثاث ، صُنع أصناف من القش ومواد الضفر,87,11,4,7,218,218,0,229,2022-10
2,صُنع الخشب ومنتجات الخشب والفلين ، باستثناء الأثاث ، صُنع أصناف من القش ومواد الضفر,85,13,6,7,213,213,0,226,2022-4
3,صُنع الخشب ومنتجات الخشب والفلين ، باستثناء الأثاث ، صُنع أصناف من القش ومواد الضفر,86,15,8,7,210,210,0,225,2022-7
4,الأنشطة العقارية,71,39,19,20,180,180,0,219,2022-10
1,الأنشطة الأخرى للتعدين واستغلال المحاجر,21,39,28,11,179,179,0,218,2022-1
3,الأنشطة الإدارية للمكاتب ، وأنشطة الدعم للمكاتب وغير ذلك من أنشطة الدعم للأعمال,96,34,16,18,183,182,1,217,2022-7
1,صنع منتجات المطاط واللدائن,14,65,31,34,151,151,0,216,2022-1
2,أنشطة العمل الاجتماعي، دون إقامة,41,93,55,38,118,118,0,211,2022-4
3,الأنشطة العقارية,68,33,17,16,178,178,0,211,2022-7
2,الأنشطة الأخرى للتعدين واستغلال المحاجر,20,50,27,23,159,159,0,209,2022-4
1,صُنع الخشب ومنتجات الخشب والفلين ، باستثناء الأثاث ، صُنع أصناف من القش ومواد الضفر,76,17,12,5,192,192,0,209,2022-1
1,أنشطة العمل الاجتماعي، دون إقامة,40,89,50,39,117,116,1,206,2022-1
2,الأنشطة الإدارية للمكاتب ، وأنشطة الدعم للمكاتب وغير ذلك من أنشطة الدعم للأعمال,90,29,16,13,175,172,3,204,2022-4
2,أنشطة الاستخدام,54,55,22,33,148,117,31,203,2022-4
1,صُنع المنسوجات,51,12,7,5,190,184,6,202,2022-1
4,إصلاح وتركيب الآلات والمعدات,58,14,6,8,186,186,0,200,2022-10
3,الصناعة التحويلية الأخرى,8,46,39,7,152,145,7,198,2022-7
2,صُنع المنسوجات,53,12,8,4,183,175,8,195,2022-4
4,الصناعة التحويلية الأخرى,8,49,41,8,146,141,5,195,2022-10
1,أنشطة الاستخدام,49,43,19,24,150,110,40,193,2022-1
3,أنشطة الاستخدام,62,46,22,24,140,115,25,186,2022-7
3,إصلاح وتركيب الآلات والمعدات,54,19,10,9,166,166,0,185,2022-7
2,صُنع المواد الكيميائية والمنتجات الكيميائية,19,36,17,19,147,147,0,183,2022-4
4,أنشطة الاستخدام,59,45,21,24,137,116,21,182,2022-10
1,أنشطة النشر,5,1,1,0,181,180,1,182,2022-1
1,الأنشطة العقارية,55,37,20,17,142,142,0,179,2022-1
4,الأنشطة الأخرى للتعدين واستغلال المحاجر,22,42,22,20,135,134,1,177,2022-10
3,الأنشطة الأخرى للتعدين واستغلال المحاجر,23,42,22,20,133,133,0,175,2022-7
3,صناعة الآلات والمعدات غير المصنفة في موضع أخر,11,1,1,0,173,173,0,174,2022-7
1,الأنشطة الإدارية للمكاتب ، وأنشطة الدعم للمكاتب وغير ذلك من أنشطة الدعم للأعمال,73,27,13,14,143,139,4,170,2022-1
4,صناعة الآلات والمعدات غير المصنفة في موضع أخر,12,2,1,1,166,166,0,168,2022-10
1,الصناعة التحويلية الأخرى,5,35,34,1,131,131,0,166,2022-1
2,الصناعة التحويلية الأخرى,5,36,35,1,128,128,0,164,2022-4
2,الأنشطة العقارية,56,31,18,13,131,131,0,162,2022-4
3,صُنع المنسوجات,55,10,5,5,150,143,7,160,2022-7
4,صُنع المنسوجات,55,10,5,5,148,140,8,158,2022-10
2,إصلاح وتركيب الآلات والمعدات,47,14,6,8,139,139,0,153,2022-4
2,أنشطة النشر,5,1,1,0,147,147,0,148,2022-4
2,صناعة الآلات والمعدات غير المصنفة في موضع أخر,11,1,1,0,145,145,0,146,2022-4
1,إصلاح وتركيب الآلات والمعدات,41,9,3,6,126,126,0,135,2022-1
1,صُنع المواد الكيميائية والمنتجات الكيميائية,19,22,16,6,110,110,0,132,2022-1
2,أنشطة المنظمات ذات العضوية,35,66,56,10,59,58,1,125,2022-4
4,الأنشطة القانونية وأنشطة المحاسبة,41,22,16,6,101,99,2,123,2022-10
4,أنشطة المنظمات ذات العضوية,33,74,61,13,46,45,1,120,2022-10
3,الأنشطة القانونية وأنشطة المحاسبة,43,19,15,4,99,98,1,118,2022-7
3,أنشطة المنظمات ذات العضوية,34,67,59,8,47,46,1,114,2022-7
1,أنشطة المنظمات ذات العضوية,32,58,51,7,55,53,2,113,2022-1
4,صُنع الورق ومنتجات الورق,23,8,4,4,98,98,0,106,2022-10
3,صُنع الورق ومنتجات الورق,25,9,3,6,92,92,0,101,2022-7
2,الأنشطة القانونية وأنشطة المحاسبة,35,15,12,3,81,80,1,96,2022-4
3,أنشطة النشر,4,2,2,0,88,88,0,90,2022-7
1,الاتصالات,21,3,0,3,82,80,2,85,2022-1
1,الأنشطة القانونية وأنشطة المحاسبة,30,14,11,3,69,69,0,83,2022-1
1,صناعة الآلات والمعدات غير المصنفة في موضع أخر,10,1,0,1,79,79,0,80,2022-1
2,صُنع الورق ومنتجات الورق,25,4,3,1,74,74,0,78,2022-4
2,الاتصالات,23,7,4,3,71,69,2,78,2022-4
4,أنشطة النشر,5,2,1,1,75,75,0,77,2022-10
4,وكالات السفر ومشغّلو الجولات السياحية وخدمات الحجز والأنشطة المتصلة بها,16,18,7,11,54,54,0,72,2022-10
1,وكالات السفر ومشغّلو الجولات السياحية وخدمات الحجز والأنشطة المتصلة بها,11,16,7,9,49,49,0,65,2022-1
3,وكالات السفر ومشغّلو الجولات السياحية وخدمات الحجز والأنشطة المتصلة بها,13,16,8,8,49,49,0,65,2022-7
1,صُنع الورق ومنتجات الورق,21,5,2,3,60,60,0,65,2022-1
4,الأنشطة المهنية والعلمية والتقنية الأخرى,31,1,0,1,63,59,4,64,2022-10
3,الأنشطة المهنية والعلمية والتقنية الأخرى,31,2,1,1,61,57,4,63,2022-7
2,وكالات السفر ومشغّلو الجولات السياحية وخدمات الحجز والأنشطة المتصلة بها,13,9,6,3,54,54,0,63,2022-4
1,الأنشطة المهنية والعلمية والتقنية الأخرى,26,2,2,0,61,58,3,63,2022-1
2,أنشطة جمع النفايات ومعالجتها وتصريفها ، واسترجاع المواد,13,7,4,3,53,53,0,60,2022-4
2,الأنشطة المهنية والعلمية والتقنية الأخرى,27,1,1,0,59,56,3,60,2022-4
2,صنع المعدات الكهربائية,10,9,5,4,50,50,0,59,2022-4
3,صنع المعدات الكهربائية,10,13,7,6,44,44,0,57,2022-7
1,توصيل الكهرباء والغاز والبخار وتكييف الهواء,7,16,11,5,40,32,8,56,2022-1
3,الاتصالات,14,4,1,3,48,48,0,52,2022-7
2,توصيل الكهرباء والغاز والبخار وتكييف الهواء,8,12,7,5,40,32,8,52,2022-4
4,صنع المعدات الكهربائية,9,8,4,4,42,42,0,50,2022-10
1,أنشطة جمع النفايات ومعالجتها وتصريفها ، واسترجاع المواد,12,5,3,2,42,42,0,47,2022-1
2,الطباعة واستنساخ وسائط الأعلام المسجّلة,8,8,3,5,39,38,1,47,2022-4
4,الطباعة واستنساخ وسائط الأعلام المسجّلة,10,11,5,6,36,36,0,47,2022-10
3,الطباعة واستنساخ وسائط الأعلام المسجّلة,10,8,3,5,37,37,0,45,2022-7
2,أنشطة الخدمات المالية ، فيما عدا تمويل التأمين وصناديق المعاشات,16,5,2,3,40,40,0,45,2022-4
1,أنشطة الخدمات المالية ، فيما عدا تمويل التأمين وصناديق المعاشات,16,5,2,3,40,40,0,45,2022-1
1,الطباعة واستنساخ وسائط الأعلام المسجّلة,7,9,3,6,36,35,1,45,2022-1
4,أنشطة جمع النفايات ومعالجتها وتصريفها ، واسترجاع المواد,12,6,2,4,38,38,0,44,2022-10
1,صنع المعدات الكهربائية,9,6,4,2,38,38,0,44,2022-1
3,أنشطة جمع النفايات ومعالجتها وتصريفها ، واسترجاع المواد,12,4,1,3,39,39,0,43,2022-7
1,أنشطة خدمات المعلومات,2,7,7,0,36,36,0,43,2022-1
4,الاتصالات,13,1,1,0,39,39,0,40,2022-10
1,الأنشطة المساعدة لأنشطة الخدمات المالية وأنشطة التأمين,3,24,22,2,15,15,0,39,2022-1
1,صناعة المركبات ذات المحركات والمركبات المقطورة ونصف المقطورة,9,0,0,0,35,35,0,35,2022-1
4,أنشطة البرمجة الحاسوبية والخبرة الاستشارية وما يتصل بها من أنشطة,12,10,0,10,25,25,0,35,2022-10
3,استخراج النفط الخام والغاز الطبيعي,8,8,7,1,27,26,1,35,2022-7
2,الأنشطة المساعدة لأنشطة الخدمات المالية وأنشطة التأمين,3,21,20,1,14,14,0,35,2022-4
4,الإدارة العامة والدفاع ؛ والضمان الاجتماعي الإلزامي,14,5,5,0,29,29,0,34,2022-10
3,الإدارة العامة والدفاع ؛ والضمان الاجتماعي الإلزامي,16,5,5,0,29,29,0,34,2022-7
2,استخراج النفط الخام والغاز الطبيعي,9,6,6,0,27,26,1,33,2022-4
3,الأنشطة المساعدة لأنشطة الخدمات المالية وأنشطة التأمين,4,19,18,1,14,14,0,33,2022-7
2,صناعة المركبات ذات المحركات والمركبات المقطورة ونصف المقطورة,11,1,0,1,32,32,0,33,2022-4
4,استخراج النفط الخام والغاز الطبيعي,8,5,5,0,27,26,1,32,2022-10
4,أنشطة الخدمات المالية ، فيما عدا تمويل التأمين وصناديق المعاشات,12,5,3,2,27,27,0,32,2022-10
3,أنشطة الخدمات المالية ، فيما عدا تمويل التأمين وصناديق المعاشات,13,3,1,2,29,29,0,32,2022-7
4,الأنشطة المساعدة لأنشطة الخدمات المالية وأنشطة التأمين,3,20,19,1,11,11,0,31,2022-10
2,تعدين ركازات الفلزات,9,0,0,0,29,29,0,29,2022-4
2,صناعة معدات النقل الأخرى,7,1,0,1,28,26,2,29,2022-4
3,أنشطة البرمجة الحاسوبية والخبرة الاستشارية وما يتصل بها من أنشطة,11,2,2,0,26,26,0,28,2022-7
2,أنشطة البرمجة الحاسوبية والخبرة الاستشارية وما يتصل بها من أنشطة,13,2,2,0,25,25,0,27,2022-4
4,صنع المنتجات الصيدلانية الأساسية والمستحضرات الصيدلانية,3,2,0,2,25,25,0,27,2022-10
3,صناعة معدات النقل الأخرى,5,1,0,1,25,25,0,26,2022-7
3,تعدين ركازات الفلزات,7,0,0,0,26,26,0,26,2022-7
1,صناعة معدات النقل الأخرى,6,3,0,3,23,21,2,26,2022-1
1,صنع الحواسيب والمنتجات الإلكترونية والبصرية,11,1,0,1,25,25,0,26,2022-1
2,الأنشطة البيطرية,10,0,0,0,26,26,0,26,2022-4
4,توصيل الكهرباء والغاز والبخار وتكييف الهواء,9,4,3,1,22,22,0,26,2022-10
1,أنشطة البرمجة الحاسوبية والخبرة الاستشارية وما يتصل بها من أنشطة,10,1,0,1,22,22,0,23,2022-1
2,صنع الحواسيب والمنتجات الإلكترونية والبصرية,9,2,0,2,21,21,0,23,2022-4
3,توصيل الكهرباء والغاز والبخار وتكييف الهواء,8,3,3,0,20,20,0,23,2022-7
1,أنشطة المعالجة وخدمات إدارة النفايات الأخرى,1,2,1,1,20,20,0,22,2022-1
1,الأنشطة البيطرية,8,0,0,0,21,21,0,21,2022-1
3,الأنشطة البيطرية,9,2,2,0,19,19,0,21,2022-7
1,أنشطة المكتبات والمحفوظات والمتاحف والأنشطة الثقافية الأخرى,7,1,1,0,20,20,0,21,2022-1
1,النقل المائي,8,1,0,1,20,20,0,21,2022-1
1,تعدين ركازات الفلزات,8,0,0,0,21,21,0,21,2022-1
4,تعدين ركازات الفلزات,5,0,0,0,20,20,0,20,2022-10
3,النقل المائي,7,0,0,0,20,20,0,20,2022-7
4,صناعة معدات النقل الأخرى,5,1,0,1,19,19,0,20,2022-10
1,استخراج النفط الخام والغاز الطبيعي,5,2,1,1,18,17,1,20,2022-1
2,أنشطة المعالجة وخدمات إدارة النفايات الأخرى,1,1,0,1,18,18,0,19,2022-4
3,صنع المنتجات الصيدلانية الأساسية والمستحضرات الصيدلانية,3,2,0,2,17,17,0,19,2022-7
2,أنشطة المكتبات والمحفوظات والمتاحف والأنشطة الثقافية الأخرى,6,0,0,0,18,18,0,18,2022-4
3,صناعة المركبات ذات المحركات والمركبات المقطورة ونصف المقطورة,8,1,0,1,17,17,0,18,2022-7
4,النقل المائي,7,0,0,0,18,18,0,18,2022-10
4,الأنشطة البيطرية,10,1,1,0,17,17,0,18,2022-10
2,النقل المائي,8,0,0,0,18,18,0,18,2022-4
3,صنع الحواسيب والمنتجات الإلكترونية والبصرية,7,1,0,1,16,16,0,17,2022-7
2,أنشطة المكاتب الرئيسية، والأنشطة الاستشارية في مجال الإدارة,4,2,0,2,15,15,0,17,2022-4
1,أنشطة المكاتب الرئيسية، والأنشطة الاستشارية في مجال الإدارة,4,0,0,0,16,16,0,16,2022-1
4,الرعاية مع الإقامة,1,11,4,7,4,0,4,15,2022-10
4,صنع الحواسيب والمنتجات الإلكترونية والبصرية,6,1,0,1,14,14,0,15,2022-10
4,صناعة المركبات ذات المحركات والمركبات المقطورة ونصف المقطورة,8,1,0,1,13,13,0,14,2022-10
3,أنشطة المكتبات والمحفوظات والمتاحف والأنشطة الثقافية الأخرى,6,1,1,0,13,13,0,14,2022-7
4,أنشطة المكتبات والمحفوظات والمتاحف والأنشطة الثقافية الأخرى,6,0,0,0,13,13,0,13,2022-10
1,الرعاية مع الإقامة,1,8,0,8,4,0,4,12,2022-1
4,أنشطة المكاتب الرئيسية، والأنشطة الاستشارية في مجال الإدارة,4,0,0,0,12,12,0,12,2022-10
3,أنشطة المكاتب الرئيسية، والأنشطة الاستشارية في مجال الإدارة,4,0,0,0,11,11,0,11,2022-7
2,الرعاية مع الإقامة,1,6,0,6,4,0,4,10,2022-4
3,الرعاية مع الإقامة,1,6,0,6,4,0,4,10,2022-7
2,النقل الجوي,2,0,0,0,10,10,0,10,2022-4
3,النقل الجوي,2,1,1,0,8,8,0,9,2022-7
2,تمويل التأمين وإعادة التأمين وصناديق المعاشات التقاعدية باستثناء الضمان الاجتماعي الإلزامي,2,1,1,0,7,7,0,8,2022-4
2,صُنع المنتجات الجلدية والمنتجات ذات الصلة,4,3,0,3,5,5,0,8,2022-4
1,النقل الجوي,2,0,0,0,8,8,0,8,2022-1
1,تمويل التأمين وإعادة التأمين وصناديق المعاشات التقاعدية باستثناء الضمان الاجتماعي الإلزامي,2,0,0,0,8,8,0,8,2022-1
2,صنع المنتجات الصيدلانية الأساسية والمستحضرات الصيدلانية,1,0,0,0,8,8,0,8,2022-4
1,صُنع المنتجات الجلدية والمنتجات ذات الصلة,3,1,0,1,6,6,0,7,2022-1
3,أنشطة البرمجة والإذاعة,2,2,1,1,5,5,0,7,2022-7
4,صُنع المنتجات الجلدية والمنتجات ذات الصلة,3,1,0,1,5,5,0,6,2022-10
4,النقل الجوي,2,0,0,0,6,6,0,6,2022-10
1,الأنشطة الإبداعية والفنون وأنشطة الترفيه,2,0,0,0,5,5,0,5,2022-1
4,تمويل التأمين وإعادة التأمين وصناديق المعاشات التقاعدية باستثناء الضمان الاجتماعي الإلزامي,2,0,0,0,5,5,0,5,2022-10
2,الصرف الصحي,2,0,0,0,5,5,0,5,2022-4
1,أنشطة البرمجة والإذاعة,1,1,1,0,4,4,0,5,2022-1
2,أنشطة البرمجة والإذاعة,2,2,1,1,3,3,0,5,2022-4
4,أنشطة البرمجة والإذاعة,2,2,1,1,3,3,0,5,2022-10
4,أنشطة البريد ونقل الرسائل والطرود بواسطة مندوبين,3,0,0,0,5,5,0,5,2022-10
1,الصرف الصحي,2,0,0,0,5,5,0,5,2022-1
4,الأنشطة الإبداعية والفنون وأنشطة الترفيه,2,0,0,0,5,5,0,5,2022-10
3,أنشطة البريد ونقل الرسائل والطرود بواسطة مندوبين,3,0,0,0,5,5,0,5,2022-7
2,الأنشطة الإبداعية والفنون وأنشطة الترفيه,3,1,1,0,4,4,0,5,2022-4
4,تعدين الفحم والليغنيت,1,0,0,0,4,4,0,4,2022-10
3,تمويل التأمين وإعادة التأمين وصناديق المعاشات التقاعدية باستثناء الضمان الاجتماعي الإلزامي,2,0,0,0,4,4,0,4,2022-7
3,تعدين الفحم والليغنيت,1,0,0,0,4,4,0,4,2022-7
2,تعدين الفحم والليغنيت,1,0,0,0,4,4,0,4,2022-4
3,الصرف الصحي,3,0,0,0,4,4,0,4,2022-7
4,الصرف الصحي,3,0,0,0,4,4,0,4,2022-10
3,صُنع المنتجات الجلدية والمنتجات ذات الصلة,3,0,0,0,4,4,0,4,2022-7
1,تعدين الفحم والليغنيت,1,0,0,0,4,4,0,4,2022-1
3,الأنشطة الإبداعية والفنون وأنشطة الترفيه,2,0,0,0,3,3,0,3,2022-7
1,صنع المنتجات الصيدلانية الأساسية والمستحضرات الصيدلانية,1,0,0,0,2,2,0,2,2022-1
4,أنشطة المعالجة وخدمات إدارة النفايات الأخرى,1,1,0,1,1,1,0,2,2022-10
2,أنشطة البريد ونقل الرسائل والطرود بواسطة مندوبين,2,0,0,0,2,2,0,2,2022-4
4,أنشطة الاسر المعيشية التي تستخدم أفراداً للعمل المنزلي,1,0,0,0,1,1,0,1,2022-10
1,أنشطة خدمات دعم التعدين,1,1,1,0,0,0,0,1,2022-1
2,أنشطة الاسر المعيشية التي تستخدم أفراداً للعمل المنزلي,1,0,0,0,1,1,0,1,2022-4
3,أنشطة المعالجة وخدمات إدارة النفايات الأخرى,1,1,0,1,0,0,0,1,2022-7
1,أنشطة البريد ونقل الرسائل والطرود بواسطة مندوبين,1,0,0,0,1,1,0,1,2022-1
3,أنشطة الاسر المعيشية التي تستخدم أفراداً للعمل المنزلي,1,0,0,0,1,1,0,1,2022-7
2,أنشطة خدمات المعلومات,1,0,0,0,1,1,0,1,2022-4
3,أنشطة خدمات دعم التعدين,1,1,1,0,0,0,0,1,2022-7
3,أنشطة خدمات المعلومات,1,0,0,0,1,1,0,1,2022-7
1,أنشطة الاسر المعيشية التي تستخدم أفراداً للعمل المنزلي,1,0,0,0,1,1,0,1,2022-1
4,أنشطة خدمات المعلومات,1,0,0,0,1,1,0,1,2022-10
2,أنشطة خدمات دعم التعدين,1,1,1,0,0,0,0,1,2022-4
4,أنشطة خدمات دعم التعدين,1,1,1,0,0,0,0,1,2022-10
4,تشييد المباني,3252,2510,1176,1334,17467,17399,68,19977,2023-10
1,تشييد المباني,3153,2453,1315,1138,17475,17424,51,19928,2023-1
3,تشييد المباني,3097,2492,1186,1306,16960,16898,62,19452,2023-7
2,تشييد المباني,3096,2375,1122,1253,16828,16774,54,19203,2023-4
4,غير معرف,5907,511,255,256,15096,15003,93,15607,2023-10
3,غير معرف,5870,496,241,255,14636,14559,77,15132,2023-7
1,أنشطة تقديم الخدمات للمباني وتجميل المواقع,231,1724,948,776,9068,8994,74,10792,2023-1
4,تجارة التجزئة، باستثناء المركبات ذات المحركات والدراجات النارية,3142,1579,725,854,9058,8984,74,10637,2023-10
1,تجارة التجزئة، باستثناء المركبات ذات المحركات والدراجات النارية,2995,1710,772,938,8917,8854,63,10627,2023-1
2,تجارة التجزئة، باستثناء المركبات ذات المحركات والدراجات النارية,2990,1680,790,890,8816,8732,84,10496,2023-4
3,تجارة التجزئة، باستثناء المركبات ذات المحركات والدراجات النارية,3042,1583,745,838,8628,8554,74,10211,2023-7
2,أنشطة تقديم الخدمات للمباني وتجميل المواقع,228,1428,839,589,8746,8682,64,10174,2023-4
3,أنشطة تقديم الخدمات للمباني وتجميل المواقع,220,1479,863,616,8236,8171,65,9715,2023-7
4,أنشطة تقديم الخدمات للمباني وتجميل المواقع,218,1514,895,619,8179,8110,69,9693,2023-10
4,أنشطة التشييد المتخصصة,1165,809,515,294,8482,8462,20,9291,2023-10
3,أنشطة التشييد المتخصصة,1164,776,513,263,8122,8101,21,8898,2023-7
2,أنشطة التشييد المتخصصة,1175,783,516,267,7591,7574,17,8374,2023-4
1,أنشطة التشييد المتخصصة,1193,781,513,268,7453,7440,13,8234,2023-1
1,أنشطة خدمات الأطعمة والمشروبات,1849,1042,404,638,7118,7079,39,8160,2023-1
2,غير معرف,3496,292,138,154,7712,7656,56,8004,2023-4
2,أنشطة خدمات الأطعمة والمشروبات,1828,964,358,606,6808,6772,36,7772,2023-4
1,غير معرف,3352,298,154,144,7324,7281,43,7622,2023-1
3,أنشطة خدمات الأطعمة والمشروبات,1817,985,382,603,6568,6533,35,7553,2023-7
4,أنشطة خدمات الأطعمة والمشروبات,1847,876,344,532,6611,6568,43,7487,2023-10
2,صيد الأسماك وتربية المائيات,2274,153,72,81,6665,6655,10,6818,2023-4
1,صيد الأسماك وتربية المائيات,2217,152,71,81,6505,6491,14,6657,2023-1
2,الهندسة المدنية,102,1226,862,364,4809,4805,4,6035,2023-4
1,الهندسة المدنية,97,1081,722,359,4552,4549,3,5633,2023-1
3,الهندسة المدنية,92,1147,820,327,4445,4442,3,5592,2023-7
4,النقل البري و النقل عبر الأنابيب,1255,426,237,189,4573,4565,8,4999,2023-10
3,النقل البري و النقل عبر الأنابيب,1155,435,246,189,4272,4265,7,4707,2023-7
2,النقل البري و النقل عبر الأنابيب,1113,415,229,186,4107,4101,6,4522,2023-4
1,النقل البري و النقل عبر الأنابيب,1103,388,198,190,4102,4095,7,4490,2023-1
1,صنع منتجات المعادن اللافلزية الأخرى,138,972,663,309,2937,2931,6,3909,2023-1
2,صنع منتجات المعادن اللافلزية الأخرى,134,981,648,333,2766,2758,8,3747,2023-4
1,تجارة الجملة والتجزئة ، وإصلاح المركبات ذات المحركات والدراجات النارية,1014,403,235,168,3287,3279,8,3690,2023-1
3,صنع منتجات المعادن اللافلزية الأخرى,135,1002,677,325,2670,2662,8,3672,2023-7
3,تجارة الجملة والتجزئة ، وإصلاح المركبات ذات المحركات والدراجات النارية,1025,432,253,179,3198,3189,9,3630,2023-7
2,تجارة الجملة والتجزئة ، وإصلاح المركبات ذات المحركات والدراجات النارية,1017,390,230,160,3201,3193,8,3591,2023-4
4,تجارة الجملة والتجزئة ، وإصلاح المركبات ذات المحركات والدراجات النارية,1058,364,226,138,3154,3141,13,3518,2023-10
4,صنع منتجات المعادن اللافلزية الأخرى,136,972,670,302,2492,2490,2,3464,2023-10
1,الأنشطة الإيجارية,1274,102,54,48,3334,3318,16,3436,2023-1
2,الأنشطة الإيجارية,1260,90,46,44,3273,3258,15,3363,2023-4
1,تجارة الجملة ، باستثناء المركبات ذات المحركات والدراجات النارية,739,661,372,289,2697,2676,21,3358,2023-1
3,تجارة الجملة ، باستثناء المركبات ذات المحركات والدراجات النارية,746,677,334,343,2648,2623,25,3325,2023-7
2,تجارة الجملة ، باستثناء المركبات ذات المحركات والدراجات النارية,737,715,370,345,2608,2584,24,3323,2023-4
3,الأنشطة الإيجارية,1227,93,44,49,3153,3140,13,3246,2023-7
4,تجارة الجملة ، باستثناء المركبات ذات المحركات والدراجات النارية,775,620,312,308,2610,2584,26,3230,2023-10
4,الأنشطة الإيجارية,1192,90,41,49,3068,3054,14,3158,2023-10
4,الهندسة المدنية,97,559,334,225,2362,2358,4,2921,2023-10
1,الصحة البشرية,109,822,399,423,1912,1118,794,2734,2023-1
4,الصحة البشرية,106,828,396,432,1832,1026,806,2660,2023-10
2,الصحة البشرية,101,802,395,407,1813,1040,773,2615,2023-4
3,الصحة البشرية,104,797,392,405,1814,1024,790,2611,2023-7
4,الصرف الصحي,9,457,334,123,2036,2036,0,2493,2023-10
4,أنشطة الخدمات الشخصية الأخرى,1006,136,37,99,2290,2100,190,2426,2023-10
2,أنشطة الخدمات الشخصية الأخرى,972,157,42,115,2239,2045,194,2396,2023-4
3,أنشطة الخدمات الشخصية الأخرى,972,139,35,104,2234,2044,190,2373,2023-7
1,أنشطة الخدمات الشخصية الأخرى,958,123,34,89,2221,2037,184,2344,2023-1
1,التخزين وأنشطة الدعم للنقل,553,99,46,53,1796,1791,5,1895,2023-1
2,التخزين وأنشطة الدعم للنقل,541,99,48,51,1653,1648,5,1752,2023-4
1,إصلاح أجهزة الحاسوب والسلع الشخصية والمنزلية,261,27,10,17,1698,1695,3,1725,2023-1
4,التخزين وأنشطة الدعم للنقل,598,98,52,46,1626,1619,7,1724,2023-10
3,التخزين وأنشطة الدعم للنقل,530,76,37,39,1500,1494,6,1576,2023-7
4,أنشطة زراعة المحاصيل والإنتاج الحيواني والصيد والخدمات المتصلة,638,188,110,78,1386,1378,8,1574,2023-10
2,إصلاح أجهزة الحاسوب والسلع الشخصية والمنزلية,255,17,7,10,1478,1475,3,1495,2023-4
1,أنشطة زراعة المحاصيل والإنتاج الحيواني والصيد والخدمات المتصلة,724,44,24,20,1446,1440,6,1490,2023-1
3,أنشطة زراعة المحاصيل والإنتاج الحيواني والصيد والخدمات المتصلة,661,70,35,35,1380,1375,5,1450,2023-7
2,أنشطة زراعة المحاصيل والإنتاج الحيواني والصيد والخدمات المتصلة,681,45,21,24,1344,1339,5,1389,2023-4
3,إصلاح أجهزة الحاسوب والسلع الشخصية والمنزلية,245,18,9,9,1303,1300,3,1321,2023-7
1,صُنع الملبوسات,438,81,23,58,1139,1069,70,1220,2023-1
4,الأنشطة الأخرى للتعدين واستغلال المحاجر,34,197,66,131,1023,1016,7,1220,2023-10
2,صُنع الملبوسات,432,92,17,75,1127,1060,67,1219,2023-4
4,إصلاح أجهزة الحاسوب والسلع الشخصية والمنزلية,239,14,7,7,1189,1186,3,1203,2023-10
3,صُنع الملبوسات,419,81,22,59,1093,1032,61,1174,2023-7
4,صُنع الملبوسات,428,59,16,43,1099,1046,53,1158,2023-10
3,التعليم,127,609,242,367,492,478,14,1101,2023-7
1,التعليم,120,634,241,393,461,448,13,1095,2023-1
4,التعليم,141,514,167,347,545,522,23,1059,2023-10
1,صنع منتجات المعادن المشكلة ( باستثناء الآلات والمعدات ),358,54,21,33,984,982,2,1038,2023-1
2,التعليم,121,553,237,316,485,472,13,1038,2023-4
3,صنع منتجات المعادن المشكلة ( باستثناء الآلات والمعدات ),351,68,29,39,960,960,0,1028,2023-7
2,صنع منتجات المعادن المشكلة ( باستثناء الآلات والمعدات ),358,63,24,39,965,963,2,1028,2023-4
4,صنع منتجات المعادن المشكلة ( باستثناء الآلات والمعدات ),359,63,27,36,958,957,1,1021,2023-10
2,صنع الأثاث,125,133,36,97,742,742,0,875,2023-4
3,الأنشطة الأخرى للتعدين واستغلال المحاجر,29,159,53,106,716,715,1,875,2023-7
1,صنع الأثاث,127,130,38,92,730,730,0,860,2023-1
4,أنشطة المعمارية والهندسية ، والاختبارات الفنية والتحليل,202,136,88,48,706,704,2,842,2023-10
3,صنع الأثاث,123,148,33,115,684,684,0,832,2023-7
4,صنع الفلزات القاعدية,34,276,244,32,533,531,2,809,2023-10
3,صنع الفلزات القاعدية,35,277,247,30,531,531,0,808,2023-7
1,صنع الفلزات القاعدية,41,260,235,25,546,546,0,806,2023-1
4,صنع الأثاث,129,129,25,104,671,671,0,800,2023-10
2,صنع الفلزات القاعدية,36,266,240,26,527,527,0,793,2023-4
4,صُنع المنتجات الغذائية,209,100,49,51,665,661,4,765,2023-10
3,صُنع المنتجات الغذائية,201,86,35,51,637,634,3,723,2023-7
3,أنشطة المعمارية والهندسية ، والاختبارات الفنية والتحليل,177,137,93,44,581,579,2,718,2023-7
2,صُنع المنتجات الغذائية,201,73,35,38,624,621,3,697,2023-4
1,صُنع المنتجات الغذائية,197,69,29,40,601,598,3,670,2023-1
4,صنع منتجات المطاط واللدائن,25,132,44,88,479,479,0,611,2023-10
4,تجميع المياه ومعالجتها وتوصيلها,39,90,34,56,508,507,1,598,2023-10
1,أنشطة المعمارية والهندسية ، والاختبارات الفنية والتحليل,170,97,57,40,501,499,2,598,2023-1
2,تجميع المياه ومعالجتها وتوصيلها,35,89,59,30,507,504,3,596,2023-4
1,الإقامة,128,147,66,81,442,436,6,589,2023-1
2,أنشطة المعمارية والهندسية ، والاختبارات الفنية والتحليل,172,92,52,40,485,483,2,577,2023-4
3,تجميع المياه ومعالجتها وتوصيلها,36,77,46,31,495,492,3,572,2023-7
2,الإقامة,130,139,60,79,433,426,7,572,2023-4
3,الإقامة,131,127,53,74,419,416,3,546,2023-7
4,توصيل الكهرباء والغاز والبخار وتكييف الهواء,10,185,177,8,361,360,1,546,2023-10
4,الإقامة,130,129,59,70,413,410,3,542,2023-10
4,إصلاح وتركيب الآلات والمعدات,83,112,66,46,408,405,3,520,2023-10
3,صنع منتجات المطاط واللدائن,23,121,40,81,388,388,0,509,2023-7
3,صُنع المشروبات,9,141,101,40,326,326,0,467,2023-7
1,تجميع المياه ومعالجتها وتوصيلها,33,114,86,28,353,350,3,467,2023-1
4,صُنع المشروبات,9,138,94,44,327,327,0,465,2023-10
2,صُنع المشروبات,9,132,98,34,331,331,0,463,2023-4
1,صُنع المشروبات,9,132,100,32,328,328,0,460,2023-1
2,الأنشطة الأخرى للتعدين واستغلال المحاجر,27,72,33,39,388,387,1,460,2023-4
2,صنع منتجات المطاط واللدائن,18,100,29,71,341,341,0,441,2023-4
4,أنشطة الاستخدام,67,49,20,29,376,115,261,425,2023-10
1,صنع منتجات المطاط واللدائن,17,76,31,45,343,343,0,419,2023-1
2,أنشطة الاستخدام,65,45,16,29,373,124,249,418,2023-4
3,أنشطة الاستخدام,68,51,22,29,352,120,232,403,2023-7
4,أنشطة العمل الاجتماعي، دون إقامة,56,250,99,151,143,129,14,393,2023-10
1,أنشطة الاستخدام,60,45,17,28,336,119,217,381,2023-1
2,صُنع المواد الكيميائية والمنتجات الكيميائية,18,81,35,46,297,297,0,378,2023-4
4,أنشطة الأمن والتحقيقات,2,368,311,57,2,2,0,370,2023-10
3,أنشطة الأمن والتحقيقات,2,362,306,56,1,1,0,363,2023-7
1,صُنع المواد الكيميائية والمنتجات الكيميائية,18,80,39,41,282,282,0,362,2023-1
2,إصلاح وتركيب الآلات والمعدات,62,49,35,14,276,275,1,325,2023-4
3,صُنع المواد الكيميائية والمنتجات الكيميائية,18,77,29,48,246,246,0,323,2023-7
3,إصلاح وتركيب الآلات والمعدات,69,45,34,11,268,267,1,313,2023-7
4,أنشطة جمع النفايات ومعالجتها وتصريفها ، واسترجاع المواد,18,47,18,29,263,263,0,310,2023-10
3,أنشطة العمل الاجتماعي، دون إقامة,53,191,76,115,113,107,6,304,2023-7
2,الأنشطة الرياضية وأنشطة التسلية والترفيه,60,97,51,46,206,196,10,303,2023-4
1,الأنشطة الرياضية وأنشطة التسلية والترفيه,57,90,51,39,204,194,10,294,2023-1
4,الأنشطة الإدارية للمكاتب ، وأنشطة الدعم للمكاتب وغير ذلك من أنشطة الدعم للأعمال,127,20,8,12,262,261,1,282,2023-10
4,صُنع الخشب ومنتجات الخشب والفلين ، باستثناء الأثاث ، صُنع أصناف من القش ومواد الضفر,92,19,7,12,260,260,0,279,2023-10
2,أنشطة الأمن والتحقيقات,3,269,236,33,5,5,0,274,2023-4
1,إصلاح وتركيب الآلات والمعدات,62,38,23,15,235,234,1,273,2023-1
3,الأنشطة الرياضية وأنشطة التسلية والترفيه,58,85,37,48,184,175,9,269,2023-7
3,صُنع الخشب ومنتجات الخشب والفلين ، باستثناء الأثاث ، صُنع أصناف من القش ومواد الضفر,94,17,6,11,250,250,0,267,2023-7
2,أنشطة العمل الاجتماعي، دون إقامة,48,151,65,86,116,110,6,267,2023-4
1,أنشطة العمل الاجتماعي، دون إقامة,47,137,62,75,115,110,5,252,2023-1
4,الأنشطة الرياضية وأنشطة التسلية والترفيه,49,81,35,46,165,157,8,246,2023-10
1,أنشطة الأمن والتحقيقات,3,237,209,28,5,5,0,242,2023-1
3,الأنشطة الإدارية للمكاتب ، وأنشطة الدعم للمكاتب وغير ذلك من أنشطة الدعم للأعمال,117,20,10,10,222,219,3,242,2023-7
1,أبحاث الإعلان والسوق,54,44,19,25,192,190,2,236,2023-1
3,الأنشطة العقارية,84,47,24,23,184,183,1,231,2023-7
2,أبحاث الإعلان والسوق,57,43,19,24,186,184,2,229,2023-4
1,الأنشطة الإدارية للمكاتب ، وأنشطة الدعم للمكاتب وغير ذلك من أنشطة الدعم للأعمال,107,31,14,17,198,198,0,229,2023-1
2,الأنشطة الإدارية للمكاتب ، وأنشطة الدعم للمكاتب وغير ذلك من أنشطة الدعم للأعمال,109,22,9,13,206,206,0,228,2023-4
3,أبحاث الإعلان والسوق,57,51,22,29,177,175,2,228,2023-7
4,صُنع المواد الكيميائية والمنتجات الكيميائية,16,42,13,29,183,183,0,225,2023-10
4,الأنشطة العقارية,87,33,13,20,192,191,1,225,2023-10
2,صُنع الخشب ومنتجات الخشب والفلين ، باستثناء الأثاث ، صُنع أصناف من القش ومواد الضفر,88,11,3,8,213,213,0,224,2023-4
1,صُنع الخشب ومنتجات الخشب والفلين ، باستثناء الأثاث ، صُنع أصناف من القش ومواد الضفر,88,11,4,7,212,212,0,223,2023-1
1,الأنشطة العقارية,73,40,22,18,181,180,1,221,2023-1
4,أبحاث الإعلان والسوق,55,44,13,31,167,165,2,211,2023-10
2,الأنشطة العقارية,72,40,19,21,168,167,1,208,2023-4
1,الأنشطة الأخرى للتعدين واستغلال المحاجر,23,33,20,13,166,165,1,199,2023-1
1,صُنع المنسوجات,54,8,3,5,150,142,8,158,2023-1
2,صُنع المنسوجات,53,4,1,3,146,138,8,150,2023-4
3,صُنع المنسوجات,55,6,4,2,137,133,4,143,2023-7
4,صُنع المنسوجات,55,4,2,2,136,134,2,140,2023-10
3,أنشطة المنظمات ذات العضوية,35,78,63,15,57,56,1,135,2023-7
3,الصرف الصحي,6,11,3,8,123,123,0,134,2023-7
3,أنشطة جمع النفايات ومعالجتها وتصريفها ، واسترجاع المواد,17,14,3,11,119,119,0,133,2023-7
4,أنشطة المنظمات ذات العضوية,36,69,60,9,61,60,1,130,2023-10
4,الأنشطة القانونية وأنشطة المحاسبة,46,37,26,11,92,90,2,129,2023-10
2,أنشطة المنظمات ذات العضوية,32,74,60,14,54,53,1,128,2023-4
1,صناعة الآلات والمعدات غير المصنفة في موضع أخر,12,1,0,1,123,123,0,124,2023-1
3,الأنشطة القانونية وأنشطة المحاسبة,44,32,23,9,91,90,1,123,2023-7
1,الأنشطة القانونية وأنشطة المحاسبة,40,23,15,8,98,97,1,121,2023-1
2,صناعة الآلات والمعدات غير المصنفة في موضع أخر,12,0,0,0,120,120,0,120,2023-4
1,أنشطة المنظمات ذات العضوية,32,72,59,13,47,46,1,119,2023-1
2,الأنشطة القانونية وأنشطة المحاسبة,42,28,18,10,90,89,1,118,2023-4
3,صناعة الآلات والمعدات غير المصنفة في موضع أخر,10,0,0,0,108,108,0,108,2023-7
4,صناعة الآلات والمعدات غير المصنفة في موضع أخر,11,0,0,0,107,107,0,107,2023-10
3,صُنع الورق ومنتجات الورق,23,13,8,5,81,81,0,94,2023-7
1,صُنع الورق ومنتجات الورق,22,8,4,4,83,83,0,91,2023-1
4,صُنع الورق ومنتجات الورق,22,13,9,4,77,77,0,90,2023-10
2,صُنع الورق ومنتجات الورق,22,7,3,4,76,76,0,83,2023-4
4,أنشطة البريد ونقل الرسائل والطرود بواسطة مندوبين,6,4,0,4,73,73,0,77,2023-10
4,صيد الأسماك وتربية المائيات,23,2,2,0,72,72,0,74,2023-10
1,وكالات السفر ومشغّلو الجولات السياحية وخدمات الحجز والأنشطة المتصلة بها,19,15,8,7,57,57,0,72,2023-1
1,الأنشطة المهنية والعلمية والتقنية الأخرى,31,1,0,1,69,65,4,70,2023-1
2,الأنشطة المهنية والعلمية والتقنية الأخرى,30,1,1,0,64,62,2,65,2023-4
1,أنشطة النشر,3,0,0,0,63,63,0,63,2023-1
3,وكالات السفر ومشغّلو الجولات السياحية وخدمات الحجز والأنشطة المتصلة بها,16,16,8,8,46,46,0,62,2023-7
3,الأنشطة المهنية والعلمية والتقنية الأخرى,27,4,2,2,57,55,2,61,2023-7
2,وكالات السفر ومشغّلو الجولات السياحية وخدمات الحجز والأنشطة المتصلة بها,16,11,6,5,48,48,0,59,2023-4
4,الأنشطة المهنية والعلمية والتقنية الأخرى,27,2,1,1,57,55,2,59,2023-10
4,وكالات السفر ومشغّلو الجولات السياحية وخدمات الحجز والأنشطة المتصلة بها,16,15,7,8,43,43,0,58,2023-10
2,أنشطة النشر,2,0,0,0,56,56,0,56,2023-4
3,أنشطة النشر,3,1,1,0,54,54,0,55,2023-7
3,صيد الأسماك وتربية المائيات,16,2,1,1,53,53,0,55,2023-7
4,أنشطة النشر,3,1,1,0,52,52,0,53,2023-10
1,صنع المعدات الكهربائية,9,7,3,4,45,45,0,52,2023-1
2,صنع المعدات الكهربائية,9,6,2,4,44,44,0,50,2023-4
1,أنشطة جمع النفايات ومعالجتها وتصريفها ، واسترجاع المواد,13,4,0,4,45,45,0,49,2023-1
1,الطباعة واستنساخ وسائط الأعلام المسجّلة,10,10,6,4,38,38,0,48,2023-1
3,صنع المعدات الكهربائية,9,6,3,3,42,42,0,48,2023-7
2,الطباعة واستنساخ وسائط الأعلام المسجّلة,10,12,6,6,36,36,0,48,2023-4
2,أنشطة جمع النفايات ومعالجتها وتصريفها ، واسترجاع المواد,13,5,1,4,43,43,0,48,2023-4
4,صنع المعدات الكهربائية,8,4,1,3,44,44,0,48,2023-10
3,الرعاية مع الإقامة,1,39,11,28,7,3,4,46,2023-7
1,الصناعة التحويلية الأخرى,7,15,8,7,27,23,4,42,2023-1
3,الصناعة التحويلية الأخرى,9,14,7,7,27,24,3,41,2023-7
2,الصناعة التحويلية الأخرى,7,16,8,8,24,21,3,40,2023-4
4,الصناعة التحويلية الأخرى,9,12,7,5,27,24,3,39,2023-10
1,الاتصالات,12,1,1,0,36,36,0,37,2023-1
3,استخراج النفط الخام والغاز الطبيعي,6,7,7,0,28,27,1,35,2023-7
4,استخراج النفط الخام والغاز الطبيعي,6,8,7,1,26,25,1,34,2023-10
3,توصيل الكهرباء والغاز والبخار وتكييف الهواء,9,3,3,0,31,31,0,34,2023-7
2,الاتصالات,10,2,2,0,30,30,0,32,2023-4
1,أنشطة الخدمات المالية ، فيما عدا تمويل التأمين وصناديق المعاشات,12,5,1,4,27,27,0,32,2023-1
1,الأنشطة المساعدة لأنشطة الخدمات المالية وأنشطة التأمين,3,20,19,1,12,12,0,32,2023-1
1,أنشطة البرمجة الحاسوبية والخبرة الاستشارية وما يتصل بها من أنشطة,11,7,0,7,25,24,1,32,2023-1
2,الإدارة العامة والدفاع ؛ والضمان الاجتماعي الإلزامي,14,2,1,1,29,29,0,31,2023-4
1,صنع المنتجات الصيدلانية الأساسية والمستحضرات الصيدلانية,4,2,0,2,29,29,0,31,2023-1
2,توصيل الكهرباء والغاز والبخار وتكييف الهواء,8,3,3,0,28,28,0,31,2023-4
3,الإدارة العامة والدفاع ؛ والضمان الاجتماعي الإلزامي,14,2,1,1,29,29,0,31,2023-7
3,الأنشطة المساعدة لأنشطة الخدمات المالية وأنشطة التأمين,4,20,19,1,10,10,0,30,2023-7
4,الإدارة العامة والدفاع ؛ والضمان الاجتماعي الإلزامي,14,1,1,0,29,29,0,30,2023-10
3,الطباعة واستنساخ وسائط الأعلام المسجّلة,9,7,2,5,22,22,0,29,2023-7
1,الإدارة العامة والدفاع ؛ والضمان الاجتماعي الإلزامي,15,1,1,0,28,28,0,29,2023-1
4,الطباعة واستنساخ وسائط الأعلام المسجّلة,9,4,1,3,25,25,0,29,2023-10
1,استخراج النفط الخام والغاز الطبيعي,8,5,5,0,24,23,1,29,2023-1
2,استخراج النفط الخام والغاز الطبيعي,8,7,6,1,21,20,1,28,2023-4
4,صنع الحواسيب والمنتجات الإلكترونية والبصرية,8,4,0,4,24,24,0,28,2023-10
4,الأنشطة المساعدة لأنشطة الخدمات المالية وأنشطة التأمين,4,18,17,1,9,9,0,27,2023-10
3,أنشطة البرمجة الحاسوبية والخبرة الاستشارية وما يتصل بها من أنشطة,10,1,0,1,26,25,1,27,2023-7
2,الرعاية مع الإقامة,1,21,9,12,6,2,4,27,2023-4
2,أنشطة البرمجة الحاسوبية والخبرة الاستشارية وما يتصل بها من أنشطة,10,1,0,1,25,24,1,26,2023-4
4,الاتصالات,11,1,0,1,25,25,0,26,2023-10
2,أنشطة الخدمات المالية ، فيما عدا تمويل التأمين وصناديق المعاشات,10,4,0,4,21,21,0,25,2023-4
3,الاتصالات,8,2,1,1,23,23,0,25,2023-7
4,أنشطة البرمجة الحاسوبية والخبرة الاستشارية وما يتصل بها من أنشطة,10,1,0,1,24,23,1,25,2023-10
2,الأنشطة المساعدة لأنشطة الخدمات المالية وأنشطة التأمين,3,18,17,1,6,6,0,24,2023-4
1,الرعاية مع الإقامة,1,17,9,8,6,2,4,23,2023-1
1,توصيل الكهرباء والغاز والبخار وتكييف الهواء,8,1,1,0,22,22,0,23,2023-1
3,أنشطة الخدمات المالية ، فيما عدا تمويل التأمين وصناديق المعاشات,8,5,0,5,18,18,0,23,2023-7
4,أنشطة الخدمات المالية ، فيما عدا تمويل التأمين وصناديق المعاشات,8,5,0,5,18,18,0,23,2023-10
3,تعدين ركازات الفلزات,5,7,1,6,15,15,0,22,2023-7
3,الأنشطة البيطرية,10,5,0,5,17,17,0,22,2023-7
3,النقل المائي,8,1,0,1,20,20,0,21,2023-7
2,الأنشطة البيطرية,10,3,2,1,17,17,0,20,2023-4
1,الأنشطة البيطرية,11,2,1,1,17,17,0,19,2023-1
4,النقل المائي,8,0,0,0,19,19,0,19,2023-10
3,أنشطة البريد ونقل الرسائل والطرود بواسطة مندوبين,5,7,2,5,12,12,0,19,2023-7
4,الأنشطة البيطرية,9,1,0,1,17,17,0,18,2023-10
2,النقل المائي,7,0,0,0,18,18,0,18,2023-4
2,تعدين ركازات الفلزات,5,0,0,0,17,17,0,17,2023-4
1,تعدين ركازات الفلزات,4,0,0,0,17,17,0,17,2023-1
2,صنع الحواسيب والمنتجات الإلكترونية والبصرية,6,1,0,1,15,15,0,16,2023-4
3,صنع الحواسيب والمنتجات الإلكترونية والبصرية,6,1,0,1,15,15,0,16,2023-7
2,صناعة المركبات ذات المحركات والمركبات المقطورة ونصف المقطورة,8,1,0,1,15,15,0,16,2023-4
4,أنشطة المكتبات والمحفوظات والمتاحف والأنشطة الثقافية الأخرى,7,0,0,0,16,16,0,16,2023-10
3,صنع المنتجات الصيدلانية الأساسية والمستحضرات الصيدلانية,5,2,0,2,14,14,0,16,2023-7
1,النقل المائي,6,0,0,0,15,15,0,15,2023-1
1,صنع الحواسيب والمنتجات الإلكترونية والبصرية,5,1,0,1,14,14,0,15,2023-1
3,صناعة المركبات ذات المحركات والمركبات المقطورة ونصف المقطورة,8,1,0,1,14,14,0,15,2023-7
4,صنع المنتجات الصيدلانية الأساسية والمستحضرات الصيدلانية,5,0,0,0,14,14,0,14,2023-10
4,صناعة المركبات ذات المحركات والمركبات المقطورة ونصف المقطورة,7,1,0,1,13,13,0,14,2023-10
1,صناعة المركبات ذات المحركات والمركبات المقطورة ونصف المقطورة,8,1,0,1,13,13,0,14,2023-1
3,أنشطة المكتبات والمحفوظات والمتاحف والأنشطة الثقافية الأخرى,6,1,0,1,13,13,0,14,2023-7
1,أنشطة المكتبات والمحفوظات والمتاحف والأنشطة الثقافية الأخرى,6,0,0,0,13,13,0,13,2023-1
2,صنع المنتجات الصيدلانية الأساسية والمستحضرات الصيدلانية,4,2,0,2,11,11,0,13,2023-4
2,أنشطة المكتبات والمحفوظات والمتاحف والأنشطة الثقافية الأخرى,6,0,0,0,13,13,0,13,2023-4
2,صناعة معدات النقل الأخرى,4,1,0,1,12,12,0,13,2023-4
1,صناعة معدات النقل الأخرى,4,1,0,1,12,12,0,13,2023-1
1,أنشطة المكاتب الرئيسية، والأنشطة الاستشارية في مجال الإدارة,4,0,0,0,12,12,0,12,2023-1
3,أنشطة المكاتب الرئيسية، والأنشطة الاستشارية في مجال الإدارة,4,0,0,0,11,11,0,11,2023-7
4,الرعاية مع الإقامة,1,11,2,9,0,0,0,11,2023-10
4,أنشطة المكاتب الرئيسية، والأنشطة الاستشارية في مجال الإدارة,4,0,0,0,11,11,0,11,2023-10
2,أنشطة المكاتب الرئيسية، والأنشطة الاستشارية في مجال الإدارة,4,0,0,0,11,11,0,11,2023-4
3,صناعة معدات النقل الأخرى,4,1,0,1,10,10,0,11,2023-7
3,النقل الجوي,3,0,0,0,9,9,0,9,2023-7
4,النقل الجوي,3,0,0,0,9,9,0,9,2023-10
4,صناعة معدات النقل الأخرى,3,0,0,0,8,8,0,8,2023-10
4,تعدين ركازات الفلزات,5,1,0,1,7,7,0,8,2023-10
4,تعدين الفحم والليغنيت,2,2,2,0,4,4,0,6,2023-10
2,أنشطة البريد ونقل الرسائل والطرود بواسطة مندوبين,4,0,0,0,6,6,0,6,2023-4
3,تعدين الفحم والليغنيت,2,2,2,0,4,4,0,6,2023-7
2,صُنع المنتجات الجلدية والمنتجات ذات الصلة,3,1,0,1,4,4,0,5,2023-4
2,النقل الجوي,2,0,0,0,5,5,0,5,2023-4
1,النقل الجوي,2,0,0,0,5,5,0,5,2023-1
4,الأنشطة الإبداعية والفنون وأنشطة الترفيه,2,0,0,0,5,5,0,5,2023-10
1,صُنع المنتجات الجلدية والمنتجات ذات الصلة,3,0,0,0,5,5,0,5,2023-1
1,تمويل التأمين وإعادة التأمين وصناديق المعاشات التقاعدية باستثناء الضمان الاجتماعي الإلزامي,2,0,0,0,5,5,0,5,2023-1
1,الأنشطة الإبداعية والفنون وأنشطة الترفيه,2,0,0,0,5,5,0,5,2023-1
1,أنشطة البريد ونقل الرسائل والطرود بواسطة مندوبين,3,0,0,0,4,4,0,4,2023-1
3,أنشطة البرمجة والإذاعة,1,1,1,0,3,3,0,4,2023-7
1,تعدين الفحم والليغنيت,1,0,0,0,4,4,0,4,2023-1
1,أنشطة البرمجة والإذاعة,1,1,1,0,3,3,0,4,2023-1
4,تمويل التأمين وإعادة التأمين وصناديق المعاشات التقاعدية باستثناء الضمان الاجتماعي الإلزامي,1,1,0,1,3,3,0,4,2023-10
2,تمويل التأمين وإعادة التأمين وصناديق المعاشات التقاعدية باستثناء الضمان الاجتماعي الإلزامي,2,0,0,0,4,4,0,4,2023-4
2,أنشطة البرمجة والإذاعة,1,1,1,0,3,3,0,4,2023-4
4,صُنع المنتجات الجلدية والمنتجات ذات الصلة,2,0,0,0,4,4,0,4,2023-10
2,الأنشطة الإبداعية والفنون وأنشطة الترفيه,2,0,0,0,4,4,0,4,2023-4
3,الأنشطة الإبداعية والفنون وأنشطة الترفيه,2,0,0,0,4,4,0,4,2023-7
2,تعدين الفحم والليغنيت,1,0,0,0,4,4,0,4,2023-4
2,الصرف الصحي,3,0,0,0,3,3,0,3,2023-4
3,أنشطة المعالجة وخدمات إدارة النفايات الأخرى,1,1,0,1,2,2,0,3,2023-7
1,الصرف الصحي,3,0,0,0,3,3,0,3,2023-1
4,أنشطة البرمجة والإذاعة,1,0,0,0,3,3,0,3,2023-10
3,صُنع المنتجات الجلدية والمنتجات ذات الصلة,2,0,0,0,3,3,0,3,2023-7
1,أنشطة المعالجة وخدمات إدارة النفايات الأخرى,1,1,0,1,1,1,0,2,2023-1
2,أنشطة المعالجة وخدمات إدارة النفايات الأخرى,1,1,0,1,1,1,0,2,2023-4
3,تمويل التأمين وإعادة التأمين وصناديق المعاشات التقاعدية باستثناء الضمان الاجتماعي الإلزامي,1,0,0,0,2,2,0,2,2023-7
4,أنشطة المعالجة وخدمات إدارة النفايات الأخرى,1,1,0,1,1,1,0,2,2023-10
2,أنشطة خدمات دعم التعدين,1,1,1,0,0,0,0,1,2023-4
2,أنشطة خدمات المعلومات,1,0,0,0,1,1,0,1,2023-4
1,أنشطة خدمات المعلومات,1,0,0,0,1,1,0,1,2023-1
1,أنشطة خدمات دعم التعدين,1,1,1,0,0,0,0,1,2023-1
3,أنشطة الاسر المعيشية التي تستخدم أفراداً للعمل المنزلي,1,0,0,0,1,1,0,1,2023-7
2,أنشطة الاسر المعيشية التي تستخدم أفراداً للعمل المنزلي,1,0,0,0,1,1,0,1,2023-4
4,الحراجة وقطع الأخشاب,1,0,0,0,1,1,0,1,2023-10
4,أنشطة الاسر المعيشية التي تستخدم أفراداً للعمل المنزلي,1,0,0,0,1,1,0,1,2023-10
1,أنشطة الاسر المعيشية التي تستخدم أفراداً للعمل المنزلي,1,0,0,0,1,1,0,1,2023-1
3,تشييد المباني,4100,2313,1174,1139,20390,20265,125,22703,2024-7
2,تشييد المباني,3681,2256,1123,1133,19533,19431,102,21789,2024-4
1,تشييد المباني,3532,2330,1168,1162,18990,18915,75,21320,2024-1
3,غير معرف,7159,526,255,271,19870,19691,179,20396,2024-7
2,غير معرف,6867,626,295,331,18231,18089,142,18857,2024-4
1,غير معرف,6038,513,241,272,15930,15826,104,16443,2024-1
3,أنشطة التشييد المتخصصة,1311,1261,628,633,11182,11157,25,12443,2024-7
2,أنشطة التشييد المتخصصة,1268,1126,578,548,10874,10849,25,12000,2024-4
3,تجارة التجزئة، باستثناء المركبات ذات المحركات والدراجات النارية,3390,1398,626,772,9343,9251,92,10741,2024-7
1,تجارة التجزئة، باستثناء المركبات ذات المحركات والدراجات النارية,3183,1535,703,832,9137,9055,82,10672,2024-1
2,تجارة التجزئة، باستثناء المركبات ذات المحركات والدراجات النارية,3255,1459,677,782,9183,9103,80,10642,2024-4
1,أنشطة التشييد المتخصصة,1223,894,560,334,9507,9485,22,10401,2024-1
2,أنشطة تقديم الخدمات للمباني وتجميل المواقع,207,1732,1031,701,7643,7561,82,9375,2024-4
3,أنشطة تقديم الخدمات للمباني وتجميل المواقع,205,1778,1071,707,7577,7462,115,9355,2024-7
1,أنشطة تقديم الخدمات للمباني وتجميل المواقع,211,1360,849,511,7791,7717,74,9151,2024-1
1,أنشطة خدمات الأطعمة والمشروبات,1823,805,318,487,6551,6498,53,7356,2024-1
2,أنشطة خدمات الأطعمة والمشروبات,1829,779,289,490,6500,6446,54,7279,2024-4
3,أنشطة خدمات الأطعمة والمشروبات,1872,749,278,471,6466,6408,58,7215,2024-7
3,النقل البري و النقل عبر الأنابيب,1530,492,270,222,5576,5560,16,6068,2024-7
2,النقل البري و النقل عبر الأنابيب,1392,459,256,203,5245,5235,10,5704,2024-4
1,النقل البري و النقل عبر الأنابيب,1342,434,227,207,4932,4922,10,5366,2024-1
3,الهندسة المدنية,99,808,608,200,3404,3399,5,4212,2024-7
2,الهندسة المدنية,94,704,518,186,3349,3346,3,4053,2024-4
3,صنع منتجات المعادن اللافلزية الأخرى,250,1000,683,317,2811,2804,7,3811,2024-7
1,صنع منتجات المعادن اللافلزية الأخرى,135,984,674,310,2551,2549,2,3535,2024-1
1,تجارة الجملة والتجزئة ، وإصلاح المركبات ذات المحركات والدراجات النارية,1062,356,217,139,3154,3144,10,3510,2024-1
2,تجارة الجملة والتجزئة ، وإصلاح المركبات ذات المحركات والدراجات النارية,1063,355,218,137,3148,3136,12,3503,2024-4
3,تجارة الجملة والتجزئة ، وإصلاح المركبات ذات المحركات والدراجات النارية,1102,348,200,148,3147,3136,11,3495,2024-7
2,صنع منتجات المعادن اللافلزية الأخرى,136,967,651,316,2524,2520,4,3491,2024-4
3,الأنشطة الأخرى للتعدين واستغلال المحاجر,38,614,293,321,2748,2741,7,3362,2024-7
1,تجارة الجملة ، باستثناء المركبات ذات المحركات والدراجات النارية,787,644,326,318,2648,2621,27,3292,2024-1
2,الأنشطة الإيجارية,1165,84,41,43,3118,3103,15,3202,2024-4
1,الأنشطة الإيجارية,1187,76,35,41,3103,3088,15,3179,2024-1
3,الأنشطة الإيجارية,1146,77,44,33,3051,3035,16,3128,2024-7
3,تجارة الجملة ، باستثناء المركبات ذات المحركات والدراجات النارية,822,536,261,275,2557,2533,24,3093,2024-7
2,تجارة الجملة ، باستثناء المركبات ذات المحركات والدراجات النارية,795,506,248,258,2570,2547,23,3076,2024-4
1,الهندسة المدنية,97,511,289,222,2301,2297,4,2812,2024-1
3,الصحة البشرية,108,874,404,470,1923,1031,892,2797,2024-7
2,الصحة البشرية,104,828,391,437,1847,983,864,2675,2024-4
2,الصرف الصحي,12,482,255,227,2182,2181,1,2664,2024-4
1,الصحة البشرية,104,807,378,429,1846,1022,824,2653,2024-1
3,التخزين وأنشطة الدعم للنقل,870,147,66,81,2495,2485,10,2642,2024-7
2,أنشطة الخدمات الشخصية الأخرى,1055,145,45,100,2497,2260,237,2642,2024-4
3,أنشطة الخدمات الشخصية الأخرى,1072,126,34,92,2515,2271,244,2641,2024-7
1,الصرف الصحي,10,450,261,189,2120,2120,0,2570,2024-1
1,أنشطة الخدمات الشخصية الأخرى,1024,133,41,92,2382,2173,209,2515,2024-1
2,التخزين وأنشطة الدعم للنقل,797,103,57,46,2405,2395,10,2508,2024-4
1,التخزين وأنشطة الدعم للنقل,753,91,40,51,2134,2127,7,2225,2024-1
3,أنشطة زراعة المحاصيل والإنتاج الحيواني والصيد والخدمات المتصلة,670,265,160,105,1879,1869,10,2144,2024-7
2,أنشطة زراعة المحاصيل والإنتاج الحيواني والصيد والخدمات المتصلة,667,188,98,90,1561,1552,9,1749,2024-4
1,أنشطة زراعة المحاصيل والإنتاج الحيواني والصيد والخدمات المتصلة,643,176,104,72,1415,1406,9,1591,2024-1
2,الأنشطة الأخرى للتعدين واستغلال المحاجر,36,229,77,152,1205,1198,7,1434,2024-4
1,الأنشطة الأخرى للتعدين واستغلال المحاجر,35,224,77,147,1120,1113,7,1344,2024-1
3,صُنع الملبوسات,444,82,34,48,1155,1091,64,1237,2024-7
2,صُنع الملبوسات,438,75,31,44,1153,1089,64,1228,2024-4
3,التعليم,148,582,167,415,597,553,44,1179,2024-7
1,صُنع الملبوسات,429,63,23,40,1106,1050,56,1169,2024-1
3,صنع منتجات المعادن المشكلة ( باستثناء الآلات والمعدات ),366,94,33,61,1075,1075,0,1169,2024-7
2,صنع منتجات المعادن المشكلة ( باستثناء الآلات والمعدات ),358,101,40,61,1064,1063,1,1165,2024-4
1,إصلاح أجهزة الحاسوب والسلع الشخصية والمنزلية,241,15,7,8,1136,1130,6,1151,2024-1
2,إصلاح أجهزة الحاسوب والسلع الشخصية والمنزلية,246,20,10,10,1076,1072,4,1096,2024-4
1,التعليم,140,529,163,366,566,541,25,1095,2024-1
1,صنع منتجات المعادن المشكلة ( باستثناء الآلات والمعدات ),368,68,31,37,992,992,0,1060,2024-1
3,صُنع المنتجات الغذائية,224,188,88,100,852,844,8,1040,2024-7
3,إصلاح أجهزة الحاسوب والسلع الشخصية والمنزلية,255,18,6,12,1003,998,5,1021,2024-7
2,صُنع المنتجات الغذائية,220,165,73,92,847,838,9,1012,2024-4
2,التعليم,140,418,134,284,555,527,28,973,2024-4
3,الصرف الصحي,15,227,182,45,682,682,0,909,2024-7
2,أنشطة المعمارية والهندسية ، والاختبارات الفنية والتحليل,195,130,87,43,766,765,1,896,2024-4
3,أنشطة المعمارية والهندسية ، والاختبارات الفنية والتحليل,197,139,90,49,749,748,1,888,2024-7
1,أنشطة المعمارية والهندسية ، والاختبارات الفنية والتحليل,198,134,91,43,740,738,2,874,2024-1
3,أنشطة الاستخدام,66,49,22,27,801,130,671,850,2024-7
3,صنع الفلزات القاعدية,34,275,246,29,565,563,2,840,2024-7
1,صنع الفلزات القاعدية,34,271,240,31,564,562,2,835,2024-1
2,صنع الفلزات القاعدية,34,271,240,31,559,557,2,830,2024-4
1,صنع الأثاث,126,132,24,108,678,677,1,810,2024-1
1,صُنع المنتجات الغذائية,205,104,47,57,645,641,4,749,2024-1
2,صنع الأثاث,124,121,25,96,626,625,1,747,2024-4
2,أنشطة الأمن والتحقيقات,3,741,621,120,0,0,0,741,2024-4
3,أنشطة الأمن والتحقيقات,3,718,608,110,0,0,0,718,2024-7
3,صنع الأثاث,132,91,19,72,605,605,0,696,2024-7
2,الإقامة,135,125,58,67,517,515,2,642,2024-4
3,الإقامة,132,131,62,69,483,481,2,614,2024-7
2,توصيل الكهرباء والغاز والبخار وتكييف الهواء,10,199,188,11,412,411,1,611,2024-4
1,صنع منتجات المطاط واللدائن,26,143,44,99,467,467,0,610,2024-1
2,أنشطة الاستخدام,67,47,20,27,563,119,444,610,2024-4
2,تجميع المياه ومعالجتها وتوصيلها,41,100,37,63,510,510,0,610,2024-4
3,تجميع المياه ومعالجتها وتوصيلها,41,101,36,65,508,500,8,609,2024-7
3,توصيل الكهرباء والغاز والبخار وتكييف الهواء,13,190,174,16,413,412,1,603,2024-7
1,تجميع المياه ومعالجتها وتوصيلها,39,102,41,61,500,500,0,602,2024-1
2,صنع منتجات المطاط واللدائن,26,135,42,93,464,464,0,599,2024-4
2,إصلاح وتركيب الآلات والمعدات,94,119,78,41,477,473,4,596,2024-4
3,إصلاح وتركيب الآلات والمعدات,100,115,74,41,479,475,4,594,2024-7
1,توصيل الكهرباء والغاز والبخار وتكييف الهواء,10,193,185,8,391,390,1,584,2024-1
3,صنع منتجات المطاط واللدائن,28,127,37,90,451,451,0,578,2024-7
1,الإقامة,133,126,59,67,412,410,2,538,2024-1
1,إصلاح وتركيب الآلات والمعدات,84,96,59,37,422,420,2,518,2024-1
3,صُنع المشروبات,11,144,92,52,361,361,0,505,2024-7
2,صُنع المشروبات,11,151,95,56,354,354,0,505,2024-4
1,أنشطة الاستخدام,68,51,18,33,434,116,318,485,2024-1
1,صُنع المشروبات,9,141,100,41,333,333,0,474,2024-1
1,أنشطة الأمن والتحقيقات,2,467,360,107,2,2,0,469,2024-1
2,صُنع الخشب ومنتجات الخشب والفلين ، باستثناء الأثاث ، صُنع أصناف من القش ومواد الضفر,98,39,27,12,375,375,0,414,2024-4
3,أنشطة العمل الاجتماعي، دون إقامة,51,252,90,162,154,123,31,406,2024-7
1,أنشطة العمل الاجتماعي، دون إقامة,57,254,98,156,149,127,22,403,2024-1
1,صُنع الخشب ومنتجات الخشب والفلين ، باستثناء الأثاث ، صُنع أصناف من القش ومواد الضفر,96,35,25,10,365,365,0,400,2024-1
3,الأنشطة الإدارية للمكاتب ، وأنشطة الدعم للمكاتب وغير ذلك من أنشطة الدعم للأعمال,161,20,7,13,353,349,4,373,2024-7
2,الأنشطة الإدارية للمكاتب ، وأنشطة الدعم للمكاتب وغير ذلك من أنشطة الدعم للأعمال,149,24,11,13,334,333,1,358,2024-4
2,أنشطة العمل الاجتماعي، دون إقامة,54,201,85,116,140,117,23,341,2024-4
1,الأنشطة الإدارية للمكاتب ، وأنشطة الدعم للمكاتب وغير ذلك من أنشطة الدعم للأعمال,136,27,13,14,299,297,2,326,2024-1
3,صُنع الخشب ومنتجات الخشب والفلين ، باستثناء الأثاث ، صُنع أصناف من القش ومواد الضفر,101,21,7,14,290,290,0,311,2024-7
1,أنشطة جمع النفايات ومعالجتها وتصريفها ، واسترجاع المواد,18,52,24,28,256,256,0,308,2024-1
3,أنشطة جمع النفايات ومعالجتها وتصريفها ، واسترجاع المواد,20,50,29,21,245,243,2,295,2024-7
2,أنشطة جمع النفايات ومعالجتها وتصريفها ، واسترجاع المواد,17,54,30,24,239,238,1,293,2024-4
3,الأنشطة العقارية,108,26,14,12,235,233,2,261,2024-7
2,الأنشطة العقارية,99,24,13,11,225,224,1,249,2024-4
1,الأنشطة الرياضية وأنشطة التسلية والترفيه,50,82,34,48,164,155,9,246,2024-1
1,الأنشطة العقارية,95,28,15,13,211,210,1,239,2024-1
2,الأنشطة الرياضية وأنشطة التسلية والترفيه,47,76,30,46,162,154,8,238,2024-4
3,الأنشطة الرياضية وأنشطة التسلية والترفيه,46,72,27,45,161,152,9,233,2024-7
2,تعدين ركازات الفلزات,6,24,5,19,206,206,0,230,2024-4
1,صُنع المواد الكيميائية والمنتجات الكيميائية,16,49,18,31,180,180,0,229,2024-1
3,صُنع المواد الكيميائية والمنتجات الكيميائية,17,45,17,28,182,182,0,227,2024-7
2,صُنع المواد الكيميائية والمنتجات الكيميائية,16,41,14,27,177,177,0,218,2024-4
1,أنشطة البريد ونقل الرسائل والطرود بواسطة مندوبين,6,5,0,5,207,207,0,212,2024-1
3,تعدين ركازات الفلزات,6,39,8,31,170,170,0,209,2024-7
3,أبحاث الإعلان والسوق,62,32,12,20,164,160,4,196,2024-7
2,أبحاث الإعلان والسوق,55,34,14,20,151,149,2,185,2024-4
3,صُنع المنسوجات,63,3,2,1,177,176,1,180,2024-7
1,أبحاث الإعلان والسوق,54,29,13,16,150,149,1,179,2024-1
3,أنشطة المنظمات ذات العضوية,49,77,60,17,98,98,0,175,2024-7
2,أنشطة المنظمات ذات العضوية,46,77,64,13,89,88,1,166,2024-4
2,صُنع المنسوجات,57,8,3,5,149,149,0,157,2024-4
1,صُنع المنسوجات,56,5,3,2,144,142,2,149,2024-1
2,الأنشطة القانونية وأنشطة المحاسبة,48,50,33,17,98,96,2,148,2024-4
1,أنشطة المنظمات ذات العضوية,39,73,61,12,72,71,1,145,2024-1
3,الأنشطة القانونية وأنشطة المحاسبة,47,45,31,14,100,98,2,145,2024-7
1,الأنشطة القانونية وأنشطة المحاسبة,47,43,31,12,94,92,2,137,2024-1
3,صُنع الورق ومنتجات الورق,26,13,10,3,120,119,1,133,2024-7
2,صُنع الورق ومنتجات الورق,24,11,8,3,112,111,1,123,2024-4
1,صُنع الورق ومنتجات الورق,25,14,8,6,96,95,1,110,2024-1
3,صيد الأسماك وتربية المائيات,31,3,1,2,105,105,0,108,2024-7
1,صناعة الآلات والمعدات غير المصنفة في موضع أخر,11,0,0,0,107,107,0,107,2024-1
3,صناعة الآلات والمعدات غير المصنفة في موضع أخر,10,1,1,0,103,103,0,104,2024-7
2,صيد الأسماك وتربية المائيات,30,1,1,0,101,101,0,102,2024-4
2,صناعة الآلات والمعدات غير المصنفة في موضع أخر,9,0,0,0,101,101,0,101,2024-4
1,صيد الأسماك وتربية المائيات,28,2,2,0,86,86,0,88,2024-1
2,الأنشطة المهنية والعلمية والتقنية الأخرى,30,4,3,1,71,69,2,75,2024-4
3,الأنشطة المهنية والعلمية والتقنية الأخرى,32,3,2,1,69,68,1,72,2024-7
1,الأنشطة المهنية والعلمية والتقنية الأخرى,28,3,2,1,64,62,2,67,2024-1
2,وكالات السفر ومشغّلو الجولات السياحية وخدمات الحجز والأنشطة المتصلة بها,19,11,4,7,49,48,1,60,2024-4
3,وكالات السفر ومشغّلو الجولات السياحية وخدمات الحجز والأنشطة المتصلة بها,18,9,5,4,50,49,1,59,2024-7
3,أنشطة البريد ونقل الرسائل والطرود بواسطة مندوبين,10,0,0,0,55,54,1,55,2024-7
1,وكالات السفر ومشغّلو الجولات السياحية وخدمات الحجز والأنشطة المتصلة بها,16,11,5,6,43,42,1,54,2024-1
2,أنشطة النشر,4,0,0,0,52,52,0,52,2024-4
3,أنشطة النشر,5,1,1,0,51,51,0,52,2024-7
1,أنشطة النشر,3,0,0,0,51,51,0,51,2024-1
1,صنع المعدات الكهربائية,8,6,2,4,40,40,0,46,2024-1
3,صنع المعدات الكهربائية,7,7,2,5,38,38,0,45,2024-7
2,صنع المعدات الكهربائية,8,4,1,3,40,40,0,44,2024-4
3,الصناعة التحويلية الأخرى,11,10,6,4,33,31,2,43,2024-7
1,الصناعة التحويلية الأخرى,9,11,8,3,30,27,3,41,2024-1
2,الصناعة التحويلية الأخرى,10,8,5,3,33,32,1,41,2024-4
3,الإدارة العامة والدفاع ؛ والضمان الاجتماعي الإلزامي,17,4,4,0,36,36,0,40,2024-7
2,الإدارة العامة والدفاع ؛ والضمان الاجتماعي الإلزامي,17,3,3,0,33,33,0,36,2024-4
2,أنشطة البريد ونقل الرسائل والطرود بواسطة مندوبين,6,0,0,0,35,34,1,35,2024-4
1,الطباعة واستنساخ وسائط الأعلام المسجّلة,10,6,1,5,27,27,0,33,2024-1
3,الطباعة واستنساخ وسائط الأعلام المسجّلة,13,3,1,2,29,29,0,32,2024-7
1,الإدارة العامة والدفاع ؛ والضمان الاجتماعي الإلزامي,14,1,1,0,30,30,0,31,2024-1
1,استخراج النفط الخام والغاز الطبيعي,5,7,6,1,23,23,0,30,2024-1
2,الطباعة واستنساخ وسائط الأعلام المسجّلة,11,4,1,3,25,25,0,29,2024-4
3,صنع الحواسيب والمنتجات الإلكترونية والبصرية,8,3,0,3,24,24,0,27,2024-7
3,الاتصالات,12,1,1,0,26,26,0,27,2024-7
1,الأنشطة المساعدة لأنشطة الخدمات المالية وأنشطة التأمين,4,18,17,1,9,9,0,27,2024-1
1,أنشطة البرمجة الحاسوبية والخبرة الاستشارية وما يتصل بها من أنشطة,11,1,0,1,26,25,1,27,2024-1
2,صنع المنتجات الصيدلانية الأساسية والمستحضرات الصيدلانية,9,2,0,2,25,25,0,27,2024-4
2,صنع الحواسيب والمنتجات الإلكترونية والبصرية,8,4,0,4,23,23,0,27,2024-4
3,صنع المنتجات الصيدلانية الأساسية والمستحضرات الصيدلانية,9,1,0,1,25,25,0,26,2024-7
3,النقل المائي,8,1,1,0,24,24,0,25,2024-7
2,استخراج النفط الخام والغاز الطبيعي,4,6,5,1,18,18,0,24,2024-4
2,أنشطة البرمجة الحاسوبية والخبرة الاستشارية وما يتصل بها من أنشطة,11,1,0,1,23,22,1,24,2024-4
3,استخراج النفط الخام والغاز الطبيعي,4,6,5,1,18,18,0,24,2024-7
1,الاتصالات,10,0,0,0,23,23,0,23,2024-1
2,الأنشطة المساعدة لأنشطة الخدمات المالية وأنشطة التأمين,3,18,17,1,5,5,0,23,2024-4
3,أنشطة البرمجة الحاسوبية والخبرة الاستشارية وما يتصل بها من أنشطة,10,2,0,2,21,20,1,23,2024-7
1,النقل المائي,8,0,0,0,22,22,0,22,2024-1
2,النقل المائي,8,0,0,0,22,22,0,22,2024-4
1,صنع الحواسيب والمنتجات الإلكترونية والبصرية,7,2,0,2,20,20,0,22,2024-1
1,الأنشطة البيطرية,10,3,1,2,18,18,0,21,2024-1
3,الأنشطة المساعدة لأنشطة الخدمات المالية وأنشطة التأمين,2,16,15,1,5,5,0,21,2024-7
1,أنشطة الخدمات المالية ، فيما عدا تمويل التأمين وصناديق المعاشات,8,3,0,3,18,18,0,21,2024-1
3,الأنشطة البيطرية,11,4,0,4,15,15,0,19,2024-7
2,الاتصالات,8,0,0,0,18,18,0,18,2024-4
1,صنع المنتجات الصيدلانية الأساسية والمستحضرات الصيدلانية,6,0,0,0,17,17,0,17,2024-1
3,أنشطة الخدمات المالية ، فيما عدا تمويل التأمين وصناديق المعاشات,7,2,0,2,14,14,0,16,2024-7
2,أنشطة الخدمات المالية ، فيما عدا تمويل التأمين وصناديق المعاشات,7,3,1,2,13,13,0,16,2024-4
2,أنشطة المكتبات والمحفوظات والمتاحف والأنشطة الثقافية الأخرى,7,0,0,0,16,16,0,16,2024-4
2,الأنشطة البيطرية,10,2,0,2,14,14,0,16,2024-4
3,أنشطة المكتبات والمحفوظات والمتاحف والأنشطة الثقافية الأخرى,6,1,1,0,15,15,0,16,2024-7
2,صناعة المركبات ذات المحركات والمركبات المقطورة ونصف المقطورة,7,1,0,1,14,14,0,15,2024-4
1,أنشطة المكتبات والمحفوظات والمتاحف والأنشطة الثقافية الأخرى,6,0,0,0,15,15,0,15,2024-1
1,صناعة المركبات ذات المحركات والمركبات المقطورة ونصف المقطورة,7,1,0,1,13,13,0,14,2024-1
3,صناعة المركبات ذات المحركات والمركبات المقطورة ونصف المقطورة,6,1,0,1,13,13,0,14,2024-7
3,أنشطة المكاتب الرئيسية، والأنشطة الاستشارية في مجال الإدارة,5,0,0,0,13,13,0,13,2024-7
3,النقل الجوي,4,2,2,0,11,11,0,13,2024-7
1,أنشطة المكاتب الرئيسية، والأنشطة الاستشارية في مجال الإدارة,4,0,0,0,11,11,0,11,2024-1
2,أنشطة المكاتب الرئيسية، والأنشطة الاستشارية في مجال الإدارة,4,0,0,0,11,11,0,11,2024-4
3,الرعاية مع الإقامة,1,10,0,10,0,0,0,10,2024-7
1,تعدين ركازات الفلزات,5,1,0,1,8,8,0,9,2024-1
2,صناعة معدات النقل الأخرى,3,0,0,0,9,9,0,9,2024-4
1,صناعة معدات النقل الأخرى,3,0,0,0,9,9,0,9,2024-1
3,صناعة معدات النقل الأخرى,3,0,0,0,8,8,0,8,2024-7
1,النقل الجوي,3,0,0,0,7,7,0,7,2024-1
2,النقل الجوي,3,0,0,0,7,7,0,7,2024-4
3,صُنع المنتجات الجلدية والمنتجات ذات الصلة,3,0,0,0,6,6,0,6,2024-7
1,الرعاية مع الإقامة,1,5,1,4,0,0,0,5,2024-1
1,صُنع المنتجات الجلدية والمنتجات ذات الصلة,2,0,0,0,5,5,0,5,2024-1
2,تعدين الفحم والليغنيت,2,1,1,0,4,4,0,5,2024-4
1,الأنشطة الإبداعية والفنون وأنشطة الترفيه,2,0,0,0,5,5,0,5,2024-1
2,صُنع المنتجات الجلدية والمنتجات ذات الصلة,2,0,0,0,5,5,0,5,2024-4
3,الأنشطة الإبداعية والفنون وأنشطة الترفيه,2,0,0,0,5,5,0,5,2024-7
3,تعدين الفحم والليغنيت,2,1,1,0,4,4,0,5,2024-7
2,الأنشطة الإبداعية والفنون وأنشطة الترفيه,2,0,0,0,5,5,0,5,2024-4
1,تعدين الفحم والليغنيت,2,1,1,0,4,4,0,5,2024-1
2,أنشطة المعالجة وخدمات إدارة النفايات الأخرى,2,1,0,1,3,3,0,4,2024-4
1,أنشطة المعالجة وخدمات إدارة النفايات الأخرى,2,1,0,1,3,3,0,4,2024-1
3,أنشطة خدمات دعم التعدين,2,0,0,0,4,4,0,4,2024-7
1,أنشطة البرمجة والإذاعة,1,1,1,0,3,3,0,4,2024-1
3,الحراجة وقطع الأخشاب,2,0,0,0,4,4,0,4,2024-7
1,تمويل التأمين وإعادة التأمين وصناديق المعاشات التقاعدية باستثناء الضمان الاجتماعي الإلزامي,1,0,0,0,4,4,0,4,2024-1
2,تمويل التأمين وإعادة التأمين وصناديق المعاشات التقاعدية باستثناء الضمان الاجتماعي الإلزامي,1,0,0,0,4,4,0,4,2024-4
2,أنشطة البرمجة والإذاعة,1,1,1,0,3,3,0,4,2024-4
3,أنشطة البرمجة والإذاعة,1,1,1,0,3,3,0,4,2024-7
3,تمويل التأمين وإعادة التأمين وصناديق المعاشات التقاعدية باستثناء الضمان الاجتماعي الإلزامي,1,0,0,0,4,4,0,4,2024-7
3,أنشطة إنتاج الأفلام والفيديو والبرامج التليفزيونية والتسجيلات الصوتية ونشر الموسيقى,2,0,0,0,4,4,0,4,2024-7
2,الحراجة وقطع الأخشاب,2,0,0,0,4,4,0,4,2024-4
1,أنشطة إنتاج الأفلام والفيديو والبرامج التليفزيونية والتسجيلات الصوتية ونشر الموسيقى,2,0,0,0,3,3,0,3,2024-1
2,أنشطة إنتاج الأفلام والفيديو والبرامج التليفزيونية والتسجيلات الصوتية ونشر الموسيقى,2,0,0,0,3,3,0,3,2024-4
2,الرعاية مع الإقامة,1,2,0,2,0,0,0,2,2024-4
2,أنشطة الاسر المعيشية التي تستخدم أفراداً للعمل المنزلي,1,0,0,0,1,1,0,1,2024-4
3,أنشطة الاسر المعيشية التي تستخدم أفراداً للعمل المنزلي,1,0,0,0,1,1,0,1,2024-7
1,الحراجة وقطع الأخشاب,1,0,0,0,1,1,0,1,2024-1
3,أنشطة المعالجة وخدمات إدارة النفايات الأخرى,1,0,0,0,1,1,0,1,2024-7
1,أنشطة الاسر المعيشية التي تستخدم أفراداً للعمل المنزلي,1,0,0,0,1,1,0,1,2024-1
